%% logfile from robot Freja (4)
% Freja (4)
%  1    time 0.013 sec
%  2  3  4  5 Pose x,y,h,tilt [m,m,rad,rad]: 0.00344828 -5.04348e-06 -0.0026173 0.457891
0.013 0.0034 -0.0000 -0.002617 0.457891 
0.029 0.0116 -0.0000 -0.013086 0.436943 
0.045 0.0207 -0.0001 -0.010469 0.387083 
0.061 0.0322 -0.0003 -0.013086 0.310239 
0.077 0.0454 -0.0004 -0.010469 0.216766 
0.093 0.0584 -0.0006 -0.010469 0.118048 
0.109 0.0702 -0.0007 -0.010469 0.022578 
0.125 0.0795 -0.0008 -0.005235 -0.057424 
0.141 0.0864 -0.0008 -0.005235 -0.099672 
0.157 0.0915 -0.0008 -0.007852 -0.121174 
0.173 0.0945 -0.0008 -0.010469 -0.126506 
0.189 0.0961 -0.0009 -0.010469 -0.121558 
0.205 0.0970 -0.0009 -0.010469 -0.109730 
0.221 0.0970 -0.0009 -0.010469 -0.091764 
0.237 0.0970 -0.0009 -0.010469 -0.071123 
0.253 0.0968 -0.0009 -0.013086 -0.053885 
0.269 0.0963 -0.0009 -0.007852 -0.040990 
0.285 0.0963 -0.0009 -0.007852 -0.029938 
0.301 0.0963 -0.0009 -0.007852 -0.020804 
0.317 0.0959 -0.0009 -0.007852 -0.011359 
0.333 0.0953 -0.0008 -0.010469 -0.000095 
0.349 0.0951 -0.0008 -0.013086 0.009356 
0.365 0.0951 -0.0008 -0.013086 0.016569 
0.381 0.0951 -0.0008 -0.013086 0.022235 
0.397 0.0951 -0.0008 -0.013086 0.027365 
0.413 0.0959 -0.0009 -0.018321 0.032275 
0.429 0.0961 -0.0009 -0.015704 0.034597 
0.445 0.0968 -0.0009 -0.013086 0.036028 
0.461 0.0976 -0.0009 -0.013086 0.032307 
0.477 0.0988 -0.0009 -0.013086 0.025433 
0.493 0.1000 -0.0009 -0.013086 0.018011 
0.509 0.1008 -0.0009 -0.013086 0.011946 
0.525 0.1016 -0.0009 -0.013086 0.006895 
0.541 0.1026 -0.0010 -0.015704 0.002223 
0.557 0.1030 -0.0010 -0.015704 -0.001588 
0.573 0.1030 -0.0010 -0.015704 -0.004373 
0.589 0.1030 -0.0010 -0.015704 -0.004297 
0.605 0.1032 -0.0010 -0.013086 -0.003545 
0.621 0.1036 -0.0010 -0.007852 -0.002933 
0.637 0.1036 -0.0010 -0.007852 -0.003221 
0.653 0.1036 -0.0010 -0.007852 -0.003872 
0.669 0.1036 -0.0010 -0.007852 -0.004777 
0.685 0.1036 -0.0010 -0.007852 -0.006256 
0.701 0.1030 -0.0010 -0.010469 -0.007119 
0.717 0.1026 -0.0010 -0.010469 -0.007893 
0.733 0.1024 -0.0010 -0.013086 -0.008142 
0.749 0.1018 -0.0009 -0.010469 -0.007023 
0.765 0.1010 -0.0009 -0.010469 -0.004308 
0.781 0.1002 -0.0009 -0.010469 -0.001394 
0.797 0.0994 -0.0009 -0.010469 0.001657 
0.813 0.0984 -0.0009 -0.007852 0.003396 
0.829 0.0976 -0.0009 -0.007852 0.005464 
0.845 0.0968 -0.0009 -0.007852 0.007203 
0.861 0.0959 -0.0009 -0.007852 0.008353 
0.877 0.0949 -0.0009 -0.005235 0.008222 
0.893 0.0941 -0.0009 -0.005235 0.008574 
0.909 0.0933 -0.0009 -0.005235 0.008368 
0.925 0.0929 -0.0009 -0.005235 0.006665 
0.941 0.0919 -0.0009 -0.002617 0.004316 
0.957 0.0911 -0.0009 -0.007852 0.004042 
0.973 0.0903 -0.0009 -0.007852 0.003724 
0.989 0.0892 -0.0009 -0.005235 0.002308 
1.005 0.0882 -0.0008 -0.007852 0.001969 
1.021 0.0870 -0.0008 -0.007852 0.001537 
1.037 0.0860 -0.0008 -0.010469 0.000611 
1.053 0.0850 -0.0008 -0.007852 -0.000524 
1.069 0.0836 -0.0008 -0.010469 0.001133 
1.085 0.0823 -0.0008 -0.010469 0.003206 
1.101 0.0807 -0.0008 -0.005235 0.002802 
1.117 0.0793 -0.0008 -0.002617 -0.002809 
1.133 0.0773 -0.0008 0.002617 -0.008596 
1.149 0.0752 -0.0008 0.002617 -0.013153 
1.165 0.0730 -0.0008 0.000000 -0.013536 
1.181 0.0708 -0.0008 -0.002617 -0.012042 
1.197 0.0677 -0.0008 -0.005235 -0.009666 
1.213 0.0651 -0.0007 -0.007852 -0.006703 
1.229 0.0621 -0.0007 -0.010469 -0.003360 
1.245 0.0594 -0.0007 -0.013086 -0.000116 
1.261 0.0564 -0.0006 -0.010469 0.002191 
1.277 0.0537 -0.0006 -0.013086 0.004396 
1.293 0.0509 -0.0006 -0.013086 0.005922 
1.309 0.0481 -0.0005 -0.013086 0.006638 
1.325 0.0454 -0.0005 -0.015704 0.007116 
1.341 0.0426 -0.0005 -0.015704 0.006539 
1.357 0.0400 -0.0004 -0.013086 0.005309 
1.373 0.0371 -0.0004 -0.013086 0.003980 
1.389 0.0343 -0.0004 -0.007852 0.002193 
1.405 0.0314 -0.0003 -0.013086 0.000915 
1.421 0.0284 -0.0003 -0.010469 0.000365 
1.437 0.0254 -0.0003 -0.013086 -0.000343 
1.453 0.0223 -0.0002 -0.010469 -0.000329 
1.469 0.0193 -0.0002 -0.013086 0.000021 
1.485 0.0160 -0.0001 -0.013086 0.000468 
1.501 0.0128 -0.0001 -0.013086 0.001136 
1.517 0.0095 -0.0001 -0.013086 0.001432 
1.533 0.0063 -0.0000 -0.013086 0.001458 
1.549 0.0030 0.0000 -0.013086 0.001192 
1.565 -0.0002 0.0001 -0.013086 0.000972 
1.581 -0.0034 0.0001 -0.013086 0.001233 
1.597 -0.0071 0.0002 -0.013086 0.001018 
1.613 -0.0103 0.0002 -0.013086 0.000901 
1.629 -0.0140 0.0002 -0.013086 0.000246 
1.645 -0.0174 0.0003 -0.015704 0.000337 
1.661 -0.0209 0.0003 -0.013086 0.000115 
1.677 -0.0245 0.0004 -0.013086 0.000523 
1.693 -0.0282 0.0004 -0.013086 0.000784 
1.709 -0.0318 0.0005 -0.013086 0.000739 
1.725 -0.0355 0.0005 -0.013086 0.000294 
1.741 -0.0391 0.0006 -0.013086 0.000185 
1.757 -0.0428 0.0006 -0.013086 0.000180 
1.773 -0.0469 0.0007 -0.013086 -0.000336 
1.789 -0.0505 0.0007 -0.013086 -0.000236 
1.805 -0.0544 0.0008 -0.015704 0.000377 
1.821 -0.0578 0.0008 -0.013086 -0.001248 
1.837 -0.0602 0.0009 -0.007852 0.000252 
1.853 -0.0615 0.0009 0.002617 0.009939 
1.869 -0.0623 0.0009 0.013086 0.020181 
1.885 -0.0637 0.0008 0.020938 0.038891 
1.901 -0.0641 0.0008 0.015704 0.061746 
1.917 -0.0641 0.0008 0.015704 0.073126 
1.933 -0.0635 0.0008 0.018321 0.068051 
1.949 -0.0621 0.0009 0.015704 0.057635 
1.965 -0.0600 0.0009 0.010469 0.042162 
1.981 -0.0580 0.0009 0.005235 0.024810 
1.997 -0.0560 0.0009 0.000000 0.008208 
2.013 -0.0539 0.0009 -0.005235 -0.006960 
2.029 -0.0525 0.0009 -0.007852 -0.021079 
2.045 -0.0513 0.0009 -0.013086 -0.033106 
2.061 -0.0505 0.0009 -0.013086 -0.040510 
2.077 -0.0499 0.0009 -0.015704 -0.041949 
2.093 -0.0499 0.0009 -0.015704 -0.039203 
2.109 -0.0499 0.0009 -0.015704 -0.035053 
2.125 -0.0501 0.0009 -0.018321 -0.033322 
2.141 -0.0501 0.0009 -0.018321 -0.032081 
2.157 -0.0505 0.0009 -0.018321 -0.030573 
2.173 -0.0509 0.0009 -0.018321 -0.028541 
2.189 -0.0517 0.0009 -0.018321 -0.024742 
2.205 -0.0525 0.0009 -0.018321 -0.018709 
2.221 -0.0533 0.0009 -0.018321 -0.012154 
2.237 -0.0539 0.0009 -0.020938 -0.005754 
2.253 -0.0548 0.0010 -0.020938 -0.002493 
2.269 -0.0556 0.0010 -0.015704 -0.000728 
2.285 -0.0564 0.0010 -0.015704 0.000892 
2.301 -0.0570 0.0010 -0.018321 0.003341 
2.317 -0.0572 0.0010 -0.020938 0.003193 
2.333 -0.0578 0.0010 -0.018321 0.001052 
2.349 -0.0586 0.0010 -0.013086 0.000086 
2.365 -0.0592 0.0010 -0.015704 0.000993 
2.381 -0.0600 0.0011 -0.015704 0.003474 
2.397 -0.0604 0.0011 -0.020938 0.004038 
2.413 -0.0610 0.0011 -0.018321 0.001969 
2.429 -0.0617 0.0011 -0.015704 0.000212 
2.445 -0.0625 0.0011 -0.015704 0.000186 
2.461 -0.0633 0.0011 -0.015704 0.001901 
2.477 -0.0639 0.0011 -0.018321 0.001256 
2.493 -0.0645 0.0011 -0.015704 -0.001514 
2.509 -0.0653 0.0011 -0.015704 -0.002045 
2.525 -0.0663 0.0012 -0.018321 -0.001141 
2.541 -0.0671 0.0012 -0.018321 -0.000155 
2.557 -0.0675 0.0012 -0.018321 -0.006980 
2.573 -0.0663 0.0012 -0.018321 -0.008974 
2.589 -0.0639 0.0011 -0.007852 0.020407 
2.605 -0.0600 0.0011 -0.005235 0.054615 
2.621 -0.0550 0.0011 -0.002617 0.095620 
2.637 -0.0491 0.0011 0.000000 0.118660 
2.653 -0.0412 0.0011 -0.002617 0.120892 
2.669 -0.0316 0.0010 -0.005235 0.106576 
2.685 -0.0207 0.0009 -0.010469 0.081720 
2.701 -0.0095 0.0008 -0.013086 0.051416 
2.717 0.0018 0.0006 -0.013086 0.016542 
2.733 0.0128 0.0005 -0.018321 -0.015912 
2.749 0.0231 0.0003 -0.020938 -0.040855 
2.765 0.0329 0.0001 -0.020938 -0.057052 
2.781 0.0416 -0.0001 -0.023556 -0.065253 
2.797 0.0501 -0.0003 -0.023556 -0.066600 
2.813 0.0578 -0.0005 -0.023556 -0.064400 
2.829 0.0653 -0.0007 -0.020938 -0.059982 
2.845 0.0728 -0.0009 -0.023556 -0.053578 
2.861 0.0799 -0.0010 -0.026173 -0.045789 
2.877 0.0872 -0.0012 -0.026173 -0.037143 
2.893 0.0945 -0.0014 -0.026173 -0.027928 
2.909 0.1016 -0.0016 -0.023556 -0.021775 
2.925 0.1089 -0.0017 -0.023556 -0.017677 
2.941 0.1162 -0.0019 -0.023556 -0.015919 
2.957 0.1235 -0.0021 -0.023556 -0.014028 
2.973 0.1308 -0.0023 -0.023556 -0.012011 
2.989 0.1383 -0.0025 -0.026173 -0.010264 
3.005 0.1456 -0.0027 -0.026173 -0.008567 
3.021 0.1533 -0.0029 -0.026173 -0.007337 
3.037 0.1604 -0.0030 -0.023556 -0.007777 
3.053 0.1679 -0.0032 -0.026173 -0.007397 
3.069 0.1752 -0.0034 -0.026173 -0.006254 
3.085 0.1829 -0.0036 -0.026173 -0.004616 
3.101 0.1902 -0.0038 -0.026173 -0.002718 
3.117 0.1977 -0.0040 -0.028790 -0.001437 
3.133 0.2054 -0.0042 -0.028790 -0.000719 
3.149 0.2129 -0.0045 -0.026173 -0.000427 
3.165 0.2204 -0.0047 -0.028790 -0.000174 
3.181 0.2279 -0.0049 -0.026173 -0.000067 
3.197 0.2356 -0.0051 -0.026173 -0.000104 
3.213 0.2433 -0.0053 -0.026173 -0.000050 
3.229 0.2510 -0.0055 -0.026173 -0.000343 
3.245 0.2585 -0.0056 -0.023556 -0.002296 
3.261 0.2663 -0.0058 -0.023556 -0.003151 
3.277 0.2740 -0.0060 -0.023556 -0.003286 
3.293 0.2815 -0.0062 -0.026173 -0.002812 
3.309 0.2890 -0.0063 -0.023556 -0.002567 
3.325 0.2967 -0.0065 -0.023556 -0.002761 
3.341 0.3040 -0.0067 -0.023556 -0.002750 
3.357 0.3117 -0.0069 -0.023556 -0.002337 
3.373 0.3190 -0.0071 -0.023556 -0.001344 
3.389 0.3267 -0.0072 -0.023556 -0.000584 
3.405 0.3342 -0.0074 -0.026173 -0.001677 
3.421 0.3413 -0.0076 -0.028790 0.016241 
3.437 0.3494 -0.0078 -0.023556 0.044055 
3.453 0.3595 -0.0080 -0.018321 0.062904 
3.469 0.3717 -0.0082 -0.013086 0.065248 
3.485 0.3849 -0.0084 -0.010469 0.051742 
3.501 0.3989 -0.0085 -0.007852 0.029920 
3.517 0.4125 -0.0086 -0.005235 0.004676 
3.533 0.4255 -0.0087 -0.005235 -0.017182 
3.549 0.4380 -0.0087 -0.005235 -0.032472 
3.565 0.4498 -0.0088 -0.010469 -0.037869 
3.581 0.4612 -0.0090 -0.015704 -0.034973 
3.597 0.4727 -0.0092 -0.018321 -0.026398 
3.613 0.4839 -0.0094 -0.020938 -0.016340 
3.629 0.4948 -0.0096 -0.020938 -0.011141 
3.645 0.5062 -0.0098 -0.020938 -0.007646 
3.661 0.5173 -0.0101 -0.023556 -0.006644 
3.677 0.5291 -0.0104 -0.023556 -0.006163 
3.693 0.5404 -0.0106 -0.023556 -0.007403 
3.709 0.5520 -0.0109 -0.026173 -0.008019 
3.725 0.5634 -0.0112 -0.026173 -0.007298 
3.741 0.5749 -0.0115 -0.028790 -0.006023 
3.757 0.5863 -0.0118 -0.028790 -0.004446 
3.773 0.5976 -0.0122 -0.028790 -0.017095 
3.789 0.6061 -0.0124 -0.023556 -0.066587 
3.805 0.6098 -0.0125 -0.018321 -0.125108 
3.821 0.6096 -0.0125 -0.015704 -0.173664 
3.837 0.6078 -0.0124 -0.018321 -0.196610 
3.853 0.6053 -0.0124 -0.013086 -0.181108 
3.869 0.6013 -0.0123 -0.007852 -0.131333 
3.885 0.5964 -0.0123 -0.002617 -0.059347 
3.901 0.5921 -0.0123 -0.005235 0.018292 
3.917 0.5899 -0.0123 -0.013086 0.086179 
3.933 0.5897 -0.0123 -0.010469 0.127784 
3.949 0.5901 -0.0123 -0.010469 0.140642 
3.965 0.5928 -0.0123 -0.013086 0.140348 
3.981 0.5964 -0.0124 -0.013086 0.131683 
3.997 0.6009 -0.0124 -0.018321 0.115849 
4.013 0.6059 -0.0125 -0.020938 0.095162 
4.029 0.6110 -0.0127 -0.023556 0.071260 
4.045 0.6165 -0.0128 -0.026173 0.048192 
4.061 0.6218 -0.0129 -0.026173 0.027395 
4.077 0.6260 -0.0131 -0.028790 0.007717 
4.093 0.6301 -0.0132 -0.028790 -0.008608 
4.109 0.6339 -0.0133 -0.031408 -0.015917 
4.125 0.6372 -0.0134 -0.031408 -0.017355 
4.141 0.6404 -0.0135 -0.036642 -0.015137 
4.157 0.6432 -0.0136 -0.036642 -0.012706 
4.173 0.6461 -0.0137 -0.036642 -0.010173 
4.189 0.6487 -0.0138 -0.034025 -0.008940 
4.205 0.6512 -0.0139 -0.034025 -0.009151 
4.221 0.6536 -0.0140 -0.034025 -0.009152 
4.237 0.6556 -0.0140 -0.034025 -0.009150 
4.253 0.6576 -0.0141 -0.034025 -0.008423 
4.269 0.6597 -0.0142 -0.034025 -0.006840 
4.285 0.6615 -0.0142 -0.031408 -0.004367 
4.301 0.6635 -0.0143 -0.036642 -0.000760 
4.317 0.6653 -0.0144 -0.034025 0.003839 
4.333 0.6672 -0.0144 -0.036642 0.005309 
4.349 0.6692 -0.0145 -0.036642 0.005024 
4.365 0.6708 -0.0145 -0.036642 0.004165 
4.381 0.6726 -0.0146 -0.039259 0.003454 
4.397 0.6745 -0.0147 -0.036642 0.003100 
4.413 0.6763 -0.0148 -0.039259 0.002898 
4.429 0.6779 -0.0148 -0.039259 0.003170 
4.445 0.6793 -0.0149 -0.041877 0.003252 
4.461 0.6809 -0.0149 -0.041877 0.004087 
4.477 0.6826 -0.0150 -0.041877 0.003849 
4.493 0.6842 -0.0151 -0.041877 0.003982 
4.509 0.6856 -0.0151 -0.039259 0.001896 
4.525 0.6870 -0.0152 -0.036642 0.000752 
4.541 0.6884 -0.0152 -0.039259 0.000486 
4.557 0.6895 -0.0153 -0.036642 0.000717 
4.573 0.6909 -0.0153 -0.034025 0.001323 
4.589 0.6919 -0.0154 -0.036642 -0.000015 
4.605 0.6929 -0.0154 -0.034025 -0.000487 
4.621 0.6941 -0.0154 -0.034025 -0.000413 
4.637 0.6949 -0.0155 -0.034025 -0.000831 
4.653 0.6957 -0.0155 -0.034025 -0.000755 
4.669 0.6966 -0.0155 -0.028790 0.000172 
4.685 0.6966 -0.0155 -0.028790 -0.011795 
4.701 0.6966 -0.0155 -0.028790 -0.038976 
4.717 0.6957 -0.0155 -0.023556 -0.052618 
4.733 0.6933 -0.0154 -0.023556 -0.051309 
4.749 0.6897 -0.0154 -0.023556 -0.038176 
4.765 0.6858 -0.0153 -0.026173 -0.020368 
4.781 0.6816 -0.0152 -0.028790 -0.003212 
4.797 0.6775 -0.0150 -0.028790 0.008755 
4.813 0.6743 -0.0149 -0.028790 0.016747 
4.829 0.6706 -0.0148 -0.028790 0.021100 
4.845 0.6676 -0.0148 -0.026173 0.022527 
4.861 0.6643 -0.0147 -0.026173 0.021800 
4.877 0.6615 -0.0146 -0.026173 0.019399 
4.893 0.6584 -0.0145 -0.023556 0.016762 
4.909 0.6554 -0.0144 -0.026173 0.015545 
4.925 0.6524 -0.0144 -0.028790 0.014208 
4.941 0.6491 -0.0143 -0.028790 0.012834 
4.957 0.6461 -0.0142 -0.026173 0.011147 
4.973 0.6430 -0.0141 -0.028790 0.009764 
4.989 0.6396 -0.0140 -0.031408 0.008361 
5.005 0.6363 -0.0139 -0.031408 0.006675 
5.021 0.6329 -0.0138 -0.034025 0.005571 
5.037 0.6296 -0.0137 -0.034025 0.004331 
5.053 0.6262 -0.0135 -0.036642 0.003532 
5.069 0.6226 -0.0134 -0.036642 0.003336 
5.085 0.6189 -0.0133 -0.036642 0.003103 
5.101 0.6148 -0.0131 -0.036642 0.002814 
5.117 0.6112 -0.0130 -0.036642 0.002369 
5.133 0.6076 -0.0129 -0.036642 0.002119 
5.149 0.6035 -0.0127 -0.036642 0.002474 
5.165 0.5996 -0.0126 -0.034025 0.002202 
5.181 0.5956 -0.0124 -0.034025 0.001257 
5.197 0.5917 -0.0123 -0.036642 0.002224 
5.213 0.5887 -0.0122 -0.039259 0.021361 
5.229 0.5871 -0.0121 -0.044494 0.048258 
5.245 0.5873 -0.0121 -0.041877 0.079804 
5.261 0.5875 -0.0121 -0.039259 0.088518 
5.277 0.5895 -0.0122 -0.039259 0.074219 
5.293 0.5926 -0.0123 -0.036642 0.046617 
5.309 0.5960 -0.0124 -0.034025 0.017578 
5.325 0.5986 -0.0125 -0.036642 -0.007984 
5.341 0.6007 -0.0126 -0.036642 -0.026065 
5.357 0.6025 -0.0127 -0.039259 -0.033092 
5.373 0.6035 -0.0127 -0.041877 -0.032851 
5.389 0.6043 -0.0128 -0.041877 -0.031494 
5.405 0.6049 -0.0128 -0.044494 -0.028663 
5.421 0.6055 -0.0128 -0.047111 -0.025356 
5.437 0.6059 -0.0128 -0.047111 -0.023628 
5.453 0.6061 -0.0128 -0.044494 -0.023288 
5.469 0.6061 -0.0128 -0.044494 -0.022774 
5.485 0.6061 -0.0128 -0.044494 -0.022299 
5.501 0.6061 -0.0128 -0.044494 -0.021663 
5.517 0.6059 -0.0128 -0.041877 -0.020826 
5.533 0.6057 -0.0128 -0.039259 -0.019953 
5.549 0.6053 -0.0128 -0.039259 -0.016824 
5.565 0.6047 -0.0128 -0.041877 -0.012566 
5.581 0.6043 -0.0128 -0.041877 -0.007497 
5.597 0.6035 -0.0127 -0.041877 -0.003622 
5.613 0.6033 -0.0127 -0.044494 -0.000619 
5.629 0.6031 -0.0127 -0.041877 -0.001340 
5.645 0.6037 -0.0127 -0.044494 0.025580 
5.661 0.6080 -0.0129 -0.052346 0.093529 
5.677 0.6203 -0.0136 -0.054963 0.220389 
5.693 0.6379 -0.0148 -0.078519 0.340746 
5.709 0.6511 -0.0159 -0.081136 0.405835 
5.725 0.6689 -0.0172 -0.070667 0.443928 
5.741 0.6887 -0.0181 -0.007852 0.421374 
5.757 0.7106 -0.0181 -0.002617 0.401188 
5.773 0.7295 -0.0179 0.015704 0.335390 
5.789 0.7500 -0.0176 0.018321 0.250978 
5.805 0.7723 -0.0173 0.007852 0.148242 
5.821 0.7966 -0.0172 -0.002617 0.032488 
5.837 0.8238 -0.0174 -0.013086 -0.108351 
5.853 0.8512 -0.0178 -0.020938 -0.260700 
5.869 0.8743 -0.0182 -0.015704 -0.410581 
5.885 0.8897 -0.0184 -0.010469 -0.564918 
5.901 0.8938 -0.0185 -0.010469 -0.607683 
5.917 0.8980 -0.0185 -0.002617 -0.562009 
5.933 0.8996 -0.0185 0.002617 -0.534728 
5.949 0.8972 -0.0185 -0.018321 -0.491738 
5.965 0.8952 -0.0184 -0.013086 -0.441521 
5.981 0.8887 -0.0184 -0.007852 -0.372681 
5.997 0.8802 -0.0183 -0.007852 -0.288977 
6.013 0.8706 -0.0182 -0.010469 -0.180607 
6.029 0.8617 -0.0181 -0.015704 -0.051506 
6.045 0.8546 -0.0180 -0.018321 0.083444 
6.061 0.8512 -0.0179 -0.026173 0.188127 
6.077 0.8522 -0.0179 -0.018321 0.266804 
6.093 0.8532 -0.0179 -0.015704 0.307536 
6.109 0.8595 -0.0180 -0.018321 0.315580 
6.125 0.8672 -0.0182 -0.023556 0.293049 
6.141 0.8777 -0.0184 -0.023556 0.246847 
6.157 0.8893 -0.0187 -0.026173 0.185424 
6.173 0.9009 -0.0190 -0.023556 0.118330 
6.189 0.9110 -0.0193 -0.023556 0.051189 
6.205 0.9197 -0.0195 -0.020938 -0.004873 
6.221 0.9270 -0.0196 -0.020938 -0.034415 
6.237 0.9329 -0.0198 -0.023556 -0.048929 
6.253 0.9376 -0.0199 -0.020938 -0.054148 
6.269 0.9412 -0.0199 -0.020938 -0.053313 
6.285 0.9443 -0.0200 -0.023556 -0.046710 
6.301 0.9467 -0.0201 -0.023556 -0.036380 
6.317 0.9489 -0.0201 -0.020938 -0.028332 
6.333 0.9507 -0.0202 -0.018321 -0.022105 
6.349 0.9526 -0.0202 -0.020938 -0.014751 
6.365 0.9540 -0.0202 -0.018321 -0.007629 
6.381 0.9554 -0.0202 -0.020938 -0.001134 
6.397 0.9566 -0.0203 -0.020938 0.002656 
6.413 0.9580 -0.0203 -0.023556 0.008713 
6.429 0.9595 -0.0203 -0.020938 0.011812 
6.445 0.9603 -0.0203 -0.020938 0.012310 
6.461 0.9615 -0.0204 -0.020938 0.012169 
6.477 0.9623 -0.0204 -0.020938 0.010928 
6.493 0.9631 -0.0204 -0.020938 0.012611 
6.509 0.9637 -0.0204 -0.023556 0.012928 
6.525 0.9645 -0.0204 -0.023556 0.011166 
6.541 0.9649 -0.0205 -0.023556 0.007419 
6.557 0.9653 -0.0205 -0.023556 0.006002 
6.573 0.9653 -0.0205 -0.023556 0.005938 
6.589 0.9653 -0.0205 -0.023556 0.004533 
6.605 0.9651 -0.0205 -0.020938 0.001637 
6.621 0.9651 -0.0205 -0.020938 -0.002243 
6.637 0.9647 -0.0204 -0.020938 -0.005527 
6.653 0.9637 -0.0204 -0.023556 -0.006515 
6.669 0.9625 -0.0204 -0.023556 -0.004740 
6.685 0.9611 -0.0204 -0.020938 -0.002754 
6.701 0.9593 -0.0203 -0.023556 -0.001688 
6.717 0.9576 -0.0203 -0.023556 0.000560 
6.733 0.9556 -0.0202 -0.023556 -0.004654 
6.749 0.9522 -0.0202 -0.020938 -0.033305 
6.765 0.9445 -0.0200 -0.020938 -0.088298 
6.781 0.9363 -0.0198 -0.026173 -0.125397 
6.797 0.9262 -0.0196 -0.026173 -0.125322 
6.813 0.9144 -0.0192 -0.026173 -0.099545 
6.829 0.9009 -0.0189 -0.028790 -0.056484 
6.845 0.8879 -0.0185 -0.028790 -0.005835 
6.861 0.8751 -0.0181 -0.031407 0.042885 
6.877 0.8642 -0.0177 -0.036642 0.081401 
6.893 0.8542 -0.0174 -0.039259 0.099979 
6.909 0.8453 -0.0170 -0.039259 0.101587 
6.925 0.8372 -0.0167 -0.034025 0.091846 
6.941 0.8295 -0.0164 -0.034025 0.074675 
6.957 0.8216 -0.0162 -0.031407 0.053474 
6.973 0.8139 -0.0159 -0.031407 0.036638 
6.989 0.8058 -0.0157 -0.036642 0.022685 
7.005 0.7973 -0.0154 -0.036642 0.012686 
7.021 0.7883 -0.0150 -0.036642 0.004745 
7.037 0.7792 -0.0147 -0.039259 -0.001098 
7.053 0.7697 -0.0143 -0.041877 -0.004293 
7.069 0.7598 -0.0138 -0.044494 -0.005096 
7.085 0.7494 -0.0134 -0.041877 -0.007169 
7.101 0.7389 -0.0130 -0.041877 -0.008380 
7.117 0.7282 -0.0125 -0.044494 -0.008717 
7.133 0.7170 -0.0120 -0.041877 -0.008470 
7.149 0.7057 -0.0115 -0.041877 -0.008354 
7.165 0.6941 -0.0111 -0.039259 -0.006961 
7.181 0.6826 -0.0106 -0.041877 -0.004298 
7.197 0.6708 -0.0101 -0.041877 -0.000129 
7.213 0.6588 -0.0096 -0.044494 0.002497 
7.229 0.6469 -0.0091 -0.041877 0.004653 
7.245 0.6347 -0.0086 -0.041877 0.005166 
7.261 0.6224 -0.0081 -0.039259 0.004618 
7.277 0.6100 -0.0076 -0.041877 0.003648 
7.293 0.5974 -0.0071 -0.041877 0.002436 
7.309 0.5847 -0.0065 -0.044494 0.002978 
7.325 0.5717 -0.0060 -0.044494 0.003845 
7.341 0.5585 -0.0054 -0.041877 0.004033 
7.357 0.5454 -0.0048 -0.044494 0.003051 
7.373 0.5322 -0.0043 -0.041877 0.002451 
7.389 0.5186 -0.0037 -0.039259 0.001398 
7.405 0.5050 -0.0031 -0.041877 -0.000319 
7.421 0.4912 -0.0026 -0.041877 0.000348 
7.437 0.4775 -0.0020 -0.041877 0.001767 
7.453 0.4635 -0.0014 -0.039259 0.002108 
7.469 0.4493 -0.0009 -0.039259 0.001286 
7.485 0.4351 -0.0004 -0.039259 -0.001177 
7.501 0.4211 0.0002 -0.036642 0.000868 
7.517 0.4090 0.0006 -0.031407 0.033823 
7.533 0.3998 0.0008 -0.023556 0.080206 
7.549 0.3929 0.0010 -0.023556 0.116339 
7.565 0.3885 0.0011 -0.023556 0.126970 
7.581 0.3854 0.0012 -0.026173 0.115203 
7.597 0.3832 0.0013 -0.023556 0.087384 
7.613 0.3808 0.0013 -0.023556 0.054256 
7.629 0.3785 0.0014 -0.026173 0.023779 
7.645 0.3765 0.0014 -0.031407 0.003676 
7.661 0.3735 0.0015 -0.034025 -0.013340 
7.677 0.3700 0.0016 -0.036642 -0.026837 
7.693 0.3666 0.0018 -0.039259 -0.037618 
7.709 0.3625 0.0019 -0.039259 -0.045204 
7.725 0.3579 0.0021 -0.041877 -0.049796 
7.741 0.3528 0.0023 -0.039259 -0.052394 
7.757 0.3475 0.0026 -0.039259 -0.052240 
7.773 0.3416 0.0028 -0.041877 -0.050498 
7.789 0.3354 0.0030 -0.039259 -0.047337 
7.805 0.3293 0.0033 -0.039259 -0.042970 
7.821 0.3228 0.0035 -0.039259 -0.037211 
7.837 0.3163 0.0038 -0.039259 -0.031234 
7.853 0.3096 0.0041 -0.041877 -0.024380 
7.869 0.3029 0.0043 -0.039259 -0.019642 
7.885 0.2962 0.0046 -0.036642 -0.016455 
7.901 0.2898 0.0048 -0.036642 -0.014205 
7.917 0.2831 0.0051 -0.034025 -0.012407 
7.933 0.2762 0.0053 -0.034025 -0.010702 
7.949 0.2697 0.0055 -0.034025 -0.009441 
7.965 0.2628 0.0058 -0.034025 -0.007944 
7.981 0.2565 0.0060 -0.031407 -0.012144 
7.997 0.2523 0.0061 -0.023556 -0.002452 
8.013 0.2502 0.0061 -0.013086 0.018154 
8.029 0.2484 0.0061 -0.010469 0.050824 
8.045 0.2486 0.0061 -0.018321 0.090486 
8.061 0.2486 0.0061 -0.018321 0.110758 
8.077 0.2508 0.0061 -0.020938 0.115226 
8.093 0.2545 0.0060 -0.020938 0.102951 
8.109 0.2594 0.0059 -0.026173 0.081861 
8.125 0.2650 0.0058 -0.026173 0.055572 
8.141 0.2707 0.0056 -0.026173 0.024249 
8.157 0.2760 0.0055 -0.026173 -0.005550 
8.173 0.2808 0.0053 -0.031407 -0.030753 
8.189 0.2855 0.0052 -0.034025 -0.047523 
8.205 0.2894 0.0050 -0.036642 -0.057098 
8.221 0.2926 0.0049 -0.036642 -0.062994 
8.237 0.2954 0.0048 -0.036642 -0.065206 
8.253 0.2979 0.0047 -0.036642 -0.064784 
8.269 0.2999 0.0047 -0.036642 -0.061567 
8.285 0.3017 0.0046 -0.034025 -0.055921 
8.301 0.3036 0.0045 -0.036642 -0.049236 
8.317 0.3050 0.0045 -0.034025 -0.042529 
8.333 0.3064 0.0044 -0.036642 -0.035272 
8.349 0.3080 0.0044 -0.036642 -0.027401 
8.365 0.3094 0.0043 -0.034025 -0.022681 
8.381 0.3108 0.0043 -0.036642 -0.017714 
8.397 0.3123 0.0042 -0.039259 -0.015381 
8.413 0.3139 0.0042 -0.039259 -0.012688 
8.429 0.3155 0.0041 -0.039259 -0.011251 
8.445 0.3171 0.0040 -0.039259 -0.009671 
8.461 0.3186 0.0040 -0.041877 -0.008595 
8.477 0.3200 0.0039 -0.039259 -0.007455 
8.493 0.3218 0.0038 -0.041877 -0.005803 
8.509 0.3232 0.0038 -0.039259 -0.005259 
8.525 0.3246 0.0037 -0.036642 -0.005150 
8.541 0.3261 0.0037 -0.039259 -0.005656 
8.557 0.3275 0.0036 -0.036642 -0.005016 
8.573 0.3289 0.0036 -0.039259 -0.004189 
8.589 0.3303 0.0035 -0.036642 -0.002794 
8.605 0.3317 0.0035 -0.039259 -0.001047 
8.621 0.3331 0.0034 -0.041877 0.015739 
8.637 0.3364 0.0033 -0.047111 0.047334 
8.653 0.3421 0.0030 -0.041877 0.087179 
8.669 0.3483 0.0027 -0.044494 0.097155 
8.685 0.3560 0.0024 -0.044494 0.075364 
8.701 0.3650 0.0020 -0.044494 0.039373 
8.717 0.3735 0.0016 -0.039259 -0.001674 
8.733 0.3808 0.0014 -0.039259 -0.037748 
8.749 0.3873 0.0011 -0.034025 -0.057025 
8.765 0.3927 0.0009 -0.036642 -0.059551 
8.781 0.3976 0.0007 -0.036642 -0.055225 
8.797 0.4023 0.0006 -0.039259 -0.046619 
8.813 0.4063 0.0004 -0.039259 -0.036333 
8.829 0.4108 0.0002 -0.039259 -0.026538 
8.845 0.4150 0.0001 -0.036642 -0.018761 
8.861 0.4191 -0.0001 -0.036642 -0.013693 
8.877 0.4233 -0.0002 -0.034025 -0.009683 
8.893 0.4278 -0.0004 -0.034025 -0.007536 
8.909 0.4318 -0.0005 -0.034025 -0.005203 
8.925 0.4363 -0.0007 -0.034025 -0.003684 
8.941 0.4406 -0.0008 -0.036642 -0.001915 
8.957 0.4448 -0.0010 -0.034025 -0.000889 
8.973 0.4495 -0.0011 -0.036642 0.000527 
8.989 0.4539 -0.0013 -0.036642 0.001467 
9.005 0.4584 -0.0015 -0.036642 0.002279 
9.021 0.4629 -0.0016 -0.036642 0.002507 
9.037 0.4673 -0.0018 -0.036642 0.001910 
9.053 0.4720 -0.0020 -0.039259 0.002035 
9.069 0.4766 -0.0021 -0.036642 0.000999 
9.085 0.4811 -0.0023 -0.036642 0.000296 
9.101 0.4858 -0.0025 -0.039259 -0.000986 
9.117 0.4902 -0.0026 -0.039259 -0.001697 
9.133 0.4947 -0.0028 -0.039259 -0.001856 
9.149 0.4991 -0.0030 -0.039259 -0.002048 
9.165 0.5036 -0.0032 -0.039259 -0.002197 
9.181 0.5083 -0.0033 -0.036642 -0.002605 
9.197 0.5125 -0.0035 -0.039259 -0.002580 
9.213 0.5172 -0.0037 -0.036642 -0.002661 
9.229 0.5214 -0.0038 -0.039259 -0.002804 
9.245 0.5257 -0.0040 -0.036642 -0.002949 
9.261 0.5300 -0.0041 -0.034025 -0.003713 
9.277 0.5342 -0.0043 -0.036642 -0.003576 
9.293 0.5387 -0.0045 -0.036642 -0.002565 
9.309 0.5427 -0.0046 -0.036642 -0.000818 
9.325 0.5472 -0.0048 -0.036642 0.000217 
9.341 0.5512 -0.0049 -0.036642 0.001669 
9.357 0.5557 -0.0051 -0.036642 0.001997 
9.373 0.5598 -0.0052 -0.036642 0.001954 
9.389 0.5642 -0.0054 -0.036642 0.001898 
9.405 0.5687 -0.0056 -0.036642 0.001722 
9.421 0.5729 -0.0057 -0.039259 0.001814 
9.437 0.5772 -0.0059 -0.036642 0.000574 
9.453 0.5817 -0.0060 -0.036642 -0.000284 
9.469 0.5859 -0.0062 -0.034025 -0.001180 
9.485 0.5902 -0.0063 -0.036642 -0.000859 
9.501 0.5944 -0.0065 -0.034025 -0.000428 
9.517 0.5985 -0.0066 -0.034025 -0.000450 
9.533 0.6025 -0.0068 -0.034025 -0.001119 
9.549 0.6066 -0.0069 -0.034025 -0.009151 
9.565 0.6096 -0.0070 -0.031407 -0.032971 
9.581 0.6114 -0.0071 -0.034025 -0.049241 
9.597 0.6114 -0.0071 -0.034025 -0.053575 
9.613 0.6108 -0.0070 -0.036642 -0.053619 
9.629 0.6094 -0.0070 -0.039259 -0.045374 
9.645 0.6070 -0.0069 -0.039259 -0.035191 
9.661 0.6046 -0.0068 -0.039259 -0.024111 
9.677 0.6017 -0.0067 -0.039259 -0.012313 
9.693 0.5993 -0.0066 -0.039259 -0.001416 
9.709 0.5965 -0.0065 -0.039259 0.006898 
9.725 0.5940 -0.0064 -0.034025 0.013493 
9.741 0.5916 -0.0063 -0.034025 0.018131 
9.757 0.5896 -0.0062 -0.034025 0.021453 
9.773 0.5873 -0.0062 -0.036642 0.023188 
9.789 0.5853 -0.0061 -0.036642 0.024025 
9.805 0.5835 -0.0060 -0.034025 0.024181 
9.821 0.5814 -0.0059 -0.034025 0.022950 
9.837 0.5798 -0.0059 -0.034025 0.022119 
9.853 0.5778 -0.0058 -0.034025 0.019867 
9.869 0.5764 -0.0058 -0.036642 0.018855 
9.885 0.5746 -0.0057 -0.034025 0.015490 
9.901 0.5727 -0.0056 -0.031407 0.013482 
9.917 0.5709 -0.0056 -0.034025 0.012093 
9.933 0.5691 -0.0055 -0.031407 0.009830 
9.949 0.5673 -0.0055 -0.034025 0.008132 
9.965 0.5650 -0.0054 -0.031407 0.006790 
9.981 0.5632 -0.0053 -0.034025 0.005647 
9.997 0.5608 -0.0052 -0.034025 0.005164 
10.013 0.5587 -0.0052 -0.034025 0.004264 
10.029 0.5571 -0.0051 -0.034025 0.023612 
10.045 0.5585 -0.0052 -0.041877 0.076752 
10.061 0.5669 -0.0055 -0.044494 0.188698 
10.077 0.5810 -0.0062 -0.044494 0.311601 
10.093 0.5932 -0.0067 -0.044494 0.376191 
10.109 0.6096 -0.0074 -0.041877 0.416864 
10.125 0.6236 -0.0080 -0.039259 0.423634 
10.141 0.6400 -0.0087 -0.041877 0.404710 
10.157 0.6546 -0.0092 -0.031407 0.354257 
10.173 0.6726 -0.0098 -0.028790 0.283063 
10.189 0.6921 -0.0103 -0.028790 0.189090 
10.205 0.7148 -0.0110 -0.034025 0.080562 
10.222 0.7396 -0.0118 -0.034025 -0.051400 
10.238 0.7667 -0.0128 -0.039259 -0.190413 
10.254 0.7914 -0.0138 -0.034025 -0.342611 
10.270 0.8087 -0.0143 -0.031407 -0.501637 
10.286 0.8150 -0.0145 -0.018321 -0.642888 
10.302 0.8168 -0.0145 -0.010469 -0.603685 
10.318 0.8174 -0.0145 -0.013086 -0.566962 
10.334 0.8154 -0.0145 -0.023556 -0.532882 
10.350 0.8099 -0.0144 -0.020938 -0.479923 
10.366 0.8038 -0.0142 -0.026173 -0.406559 
10.382 0.7941 -0.0139 -0.031407 -0.318094 
10.398 0.7848 -0.0136 -0.036642 -0.201112 
10.414 0.7754 -0.0133 -0.041877 -0.056558 
10.430 0.7696 -0.0130 -0.049729 0.091040 
10.446 0.7675 -0.0129 -0.049729 0.211661 
10.462 0.7710 -0.0131 -0.047111 0.306475 
10.478 0.7764 -0.0133 -0.044494 0.363182 
10.494 0.7860 -0.0137 -0.041877 0.385571 
10.510 0.7981 -0.0142 -0.041877 0.378460 
10.526 0.8123 -0.0148 -0.041877 0.340767 
10.542 0.8291 -0.0156 -0.044494 0.278074 
10.558 0.8474 -0.0164 -0.044494 0.195331 
10.574 0.8658 -0.0172 -0.041877 0.103425 
10.590 0.8826 -0.0179 -0.039259 0.007482 
10.606 0.8970 -0.0184 -0.036642 -0.075593 
10.622 0.9088 -0.0188 -0.031407 -0.134778 
10.638 0.9177 -0.0190 -0.031407 -0.168433 
10.654 0.9238 -0.0192 -0.031407 -0.178810 
10.670 0.9287 -0.0194 -0.031407 -0.165586 
10.686 0.9323 -0.0195 -0.031407 -0.137832 
10.702 0.9353 -0.0196 -0.034025 -0.107296 
10.718 0.9380 -0.0197 -0.036642 -0.075952 
10.734 0.9410 -0.0198 -0.039259 -0.046428 
10.750 0.9439 -0.0199 -0.039259 -0.022543 
10.766 0.9471 -0.0200 -0.034025 -0.003277 
10.782 0.9507 -0.0202 -0.034025 0.010417 
10.798 0.9540 -0.0203 -0.034025 0.019314 
10.814 0.9580 -0.0204 -0.034025 0.025204 
10.830 0.9621 -0.0205 -0.034025 0.028562 
10.846 0.9660 -0.0207 -0.036642 0.029707 
10.862 0.9700 -0.0208 -0.036642 0.029137 
10.878 0.9741 -0.0210 -0.036642 0.027218 
10.894 0.9781 -0.0211 -0.036642 0.023989 
10.910 0.9820 -0.0212 -0.034025 0.019362 
10.926 0.9856 -0.0214 -0.034025 0.013357 
10.942 0.9891 -0.0215 -0.031407 0.009153 
10.958 0.9925 -0.0216 -0.034025 0.007213 
10.974 0.9958 -0.0217 -0.034025 0.007994 
10.990 0.9986 -0.0218 -0.034025 0.008859 
11.006 1.0018 -0.0219 -0.034025 0.008805 
11.022 1.0047 -0.0220 -0.034025 0.007924 
11.038 1.0073 -0.0221 -0.036642 0.005826 
11.054 1.0099 -0.0222 -0.034025 0.004002 
11.070 1.0124 -0.0223 -0.034025 0.002693 
11.086 1.0144 -0.0223 -0.034025 0.001232 
11.102 1.0166 -0.0224 -0.036642 0.001456 
11.118 1.0185 -0.0225 -0.034025 0.001154 
11.134 1.0203 -0.0225 -0.036642 0.000435 
11.150 1.0217 -0.0226 -0.034025 0.000763 
11.166 1.0233 -0.0227 -0.034025 0.000168 
11.182 1.0245 -0.0227 -0.034025 0.000579 
11.198 1.0255 -0.0227 -0.036642 0.000152 
11.214 1.0266 -0.0228 -0.034025 -0.000022 
11.230 1.0274 -0.0228 -0.034025 -0.005932 
11.246 1.0266 -0.0228 -0.028790 -0.041754 
11.262 1.0203 -0.0226 -0.026173 -0.118275 
11.278 1.0087 -0.0223 -0.023556 -0.211702 
11.294 0.9974 -0.0221 -0.018321 -0.271560 
11.310 0.9824 -0.0218 -0.007852 -0.309230 
11.326 0.9686 -0.0218 -0.002617 -0.316294 
11.342 0.9531 -0.0218 0.002617 -0.297585 
11.358 0.9369 -0.0218 -0.002617 -0.256281 
11.374 0.9183 -0.0217 -0.007852 -0.194329 
11.390 0.8980 -0.0214 -0.018321 -0.113558 
11.406 0.8749 -0.0210 -0.018321 -0.010917 
11.422 0.8505 -0.0205 -0.023556 0.111115 
11.438 0.8282 -0.0200 -0.023556 0.253464 
11.454 0.8106 -0.0195 -0.031407 0.377250 
11.470 0.8000 -0.0191 -0.041877 0.477678 
11.486 0.7974 -0.0190 -0.039259 0.553434 
11.502 0.7994 -0.0190 -0.034025 0.596457 
11.518 0.8065 -0.0192 0.005235 0.574399 
11.534 0.8148 -0.0191 0.002617 0.528976 
11.550 0.8246 -0.0191 0.002617 0.454857 
11.566 0.8380 -0.0190 0.007852 0.350192 
11.582 0.8513 -0.0189 0.013087 0.215705 
11.598 0.8649 -0.0187 0.010469 0.071755 
11.614 0.8735 -0.0186 0.015704 -0.080194 
11.630 0.8769 -0.0185 0.018321 -0.231226 
11.646 0.8730 -0.0186 0.020938 -0.359357 
11.662 0.8655 -0.0188 0.028790 -0.476297 
11.678 0.8524 -0.0193 0.047111 -0.512071 
11.694 0.8325 -0.0205 0.073284 -0.505581 
11.710 0.8109 -0.0224 0.091605 -0.489071 
11.726 0.7948 -0.0240 0.096840 -0.454505 
11.742 0.7739 -0.0258 0.078519 -0.413129 
11.758 0.7543 -0.0273 0.070667 -0.362480 
11.774 0.7345 -0.0285 0.060198 -0.295507 
11.790 0.7118 -0.0300 0.065432 -0.218235 
11.806 0.6891 -0.0315 0.065432 -0.125940 
11.822 0.6638 -0.0330 0.057581 -0.025037 
11.838 0.6373 -0.0345 0.054963 0.096356 
11.854 0.6098 -0.0361 0.060198 0.236753 
11.870 0.5855 -0.0375 0.060198 0.382612 
11.886 0.5677 -0.0386 0.060198 0.510738 
11.902 0.5604 -0.0390 0.060198 0.631195 
11.918 0.5604 -0.0390 0.081136 0.669653 
11.934 0.5656 -0.0385 0.096840 0.641340 
11.950 0.5735 -0.0379 0.062815 0.611518 
11.966 0.5796 -0.0374 0.073284 0.523432 
11.982 0.5903 -0.0367 0.070667 0.413832 
11.998 0.6032 -0.0357 0.065432 0.281779 
12.014 0.6125 -0.0351 0.065432 0.116356 
12.030 0.6188 -0.0348 0.057581 -0.034405 
12.046 0.6194 -0.0347 0.060198 -0.197322 
12.062 0.6142 -0.0350 0.065432 -0.342353 
12.078 0.6018 -0.0359 0.068050 -0.389756 
12.094 0.5885 -0.0369 0.083753 -0.378241 
12.110 0.5729 -0.0383 0.107309 -0.362606 
12.126 0.5558 -0.0402 0.099457 -0.348180 
12.142 0.5435 -0.0413 0.075902 -0.326574 
12.158 0.5232 -0.0427 0.065432 -0.297586 
12.174 0.5001 -0.0437 0.028790 -0.270508 
12.190 0.4815 -0.0443 0.023556 -0.229518 
12.206 0.4590 -0.0448 0.031408 -0.179470 
12.222 0.4359 -0.0456 0.026173 -0.122111 
12.238 0.4119 -0.0462 0.020938 -0.050901 
12.254 0.3868 -0.0466 0.015704 0.027436 
12.270 0.3626 -0.0468 0.002617 0.112159 
12.286 0.3409 -0.0468 -0.005235 0.198670 
12.302 0.3225 -0.0466 -0.018321 0.262864 
12.318 0.3079 -0.0463 -0.023556 0.303932 
12.334 0.2957 -0.0460 -0.023556 0.301161 
12.350 0.2860 -0.0457 -0.023556 0.267538 
12.366 0.2766 -0.0455 -0.023556 0.209945 
12.382 0.2673 -0.0453 -0.023556 0.144070 
12.398 0.2574 -0.0451 -0.020938 0.073739 
12.414 0.2466 -0.0449 -0.018321 0.014939 
12.430 0.2345 -0.0446 -0.023556 -0.034461 
12.446 0.2203 -0.0443 -0.023556 -0.073215 
12.462 0.2043 -0.0439 -0.026173 -0.101846 
12.478 0.1860 -0.0434 -0.026173 -0.121256 
12.494 0.1663 -0.0429 -0.028790 -0.130989 
12.510 0.1448 -0.0422 -0.028790 -0.131865 
12.526 0.1221 -0.0415 -0.028790 -0.124410 
12.542 0.0978 -0.0409 -0.028790 -0.110072 
12.558 0.0729 -0.0402 -0.031408 -0.087929 
12.574 0.0473 -0.0394 -0.031408 -0.062338 
12.590 0.0216 -0.0385 -0.034025 -0.050459 
12.606 -0.0048 -0.0376 -0.034025 -0.047893 
12.622 -0.0317 -0.0366 -0.041877 -0.041993 
12.638 -0.0587 -0.0354 -0.044494 -0.029839 
12.654 -0.0852 -0.0342 -0.047111 -0.008027 
12.670 -0.1104 -0.0330 -0.047111 0.015810 
12.686 -0.1349 -0.0318 -0.049729 0.036943 
12.703 -0.1586 -0.0306 -0.047111 0.050712 
12.719 -0.1813 -0.0296 -0.041877 0.062781 
12.735 -0.2030 -0.0287 -0.039259 0.077389 
12.751 -0.2232 -0.0280 -0.034025 0.094962 
12.767 -0.2411 -0.0274 -0.028790 0.112302 
12.783 -0.2565 -0.0270 -0.023556 0.133193 
12.799 -0.2699 -0.0267 -0.013086 0.140994 
12.815 -0.2810 -0.0266 -0.005235 0.129011 
12.831 -0.2914 -0.0266 0.002617 0.105481 
12.847 -0.3011 -0.0267 0.007852 0.079371 
12.863 -0.3098 -0.0268 0.005235 0.066994 
12.879 -0.3169 -0.0268 0.007852 0.061979 
12.895 -0.3224 -0.0268 0.010469 0.060316 
12.911 -0.3256 -0.0269 0.010469 0.062604 
12.927 -0.3267 -0.0269 0.007852 0.066418 
12.943 -0.3254 -0.0269 0.013086 0.074941 
12.959 -0.3208 -0.0268 0.015704 0.100479 
12.975 -0.3125 -0.0266 0.018321 0.127640 
12.991 -0.3007 -0.0264 0.018321 0.147036 
13.007 -0.2859 -0.0262 0.015704 0.147156 
13.023 -0.2701 -0.0259 0.020938 0.115218 
13.039 -0.2524 -0.0255 0.023556 0.061116 
13.055 -0.2362 -0.0251 0.034025 -0.017021 
13.071 -0.2220 -0.0245 0.044494 -0.109290 
13.087 -0.2111 -0.0240 0.049729 -0.199395 
13.103 -0.2046 -0.0237 0.044494 -0.280590 
13.119 -0.2032 -0.0236 0.031408 -0.336547 
13.135 -0.2042 -0.0236 0.023556 -0.371704 
13.151 -0.2074 -0.0237 0.007852 -0.382426 
13.167 -0.2141 -0.0237 0.000000 -0.371778 
13.183 -0.2233 -0.0237 -0.002617 -0.339400 
13.199 -0.2342 -0.0237 0.002617 -0.284389 
13.215 -0.2464 -0.0238 0.007852 -0.202706 
13.231 -0.2596 -0.0239 0.015704 -0.103857 
13.247 -0.2717 -0.0241 0.015704 0.002748 
13.263 -0.2813 -0.0243 0.013086 0.098880 
13.279 -0.2876 -0.0243 0.010469 0.166929 
13.295 -0.2910 -0.0244 0.007852 0.200810 
13.311 -0.2922 -0.0244 0.007852 0.193438 
13.327 -0.2922 -0.0244 0.007852 0.164352 
13.343 -0.2920 -0.0244 0.010469 0.130050 
13.359 -0.2916 -0.0244 0.005235 0.098507 
13.375 -0.2912 -0.0244 0.000000 0.068859 
13.391 -0.2912 -0.0244 0.000000 0.042859 
13.407 -0.2912 -0.0244 0.000000 0.021110 
13.423 -0.2914 -0.0244 0.002617 -0.001994 
13.439 -0.2920 -0.0244 0.005235 -0.023322 
13.455 -0.2934 -0.0244 0.002617 -0.039024 
13.471 -0.2955 -0.0244 0.002617 -0.049010 
13.487 -0.2983 -0.0244 0.002617 -0.054935 
13.503 -0.3020 -0.0244 0.002617 -0.056830 
13.519 -0.3060 -0.0244 0.002617 -0.055766 
13.535 -0.3109 -0.0244 0.002617 -0.052180 
13.551 -0.3160 -0.0244 0.000000 -0.045740 
13.567 -0.3216 -0.0244 0.000000 -0.037492 
13.583 -0.3273 -0.0244 0.000000 -0.029104 
13.599 -0.3332 -0.0244 -0.002617 -0.021802 
13.615 -0.3389 -0.0244 -0.002617 -0.015278 
13.631 -0.3448 -0.0244 -0.005235 -0.009263 
13.647 -0.3506 -0.0243 -0.007852 -0.004147 
13.663 -0.3567 -0.0243 -0.007852 -0.002082 
13.679 -0.3626 -0.0243 -0.005235 -0.001306 
13.695 -0.3689 -0.0242 -0.002617 -0.001761 
13.711 -0.3752 -0.0242 -0.005235 -0.002119 
13.727 -0.3815 -0.0242 -0.002617 -0.002775 
13.743 -0.3880 -0.0242 -0.002617 -0.003409 
13.759 -0.3947 -0.0241 -0.005235 -0.003714 
13.775 -0.4015 -0.0241 -0.005235 -0.003782 
13.791 -0.4084 -0.0241 -0.005235 -0.004291 
13.807 -0.4155 -0.0240 -0.002617 -0.004956 
13.823 -0.4233 -0.0240 -0.002617 -0.005215 
13.839 -0.4306 -0.0240 -0.002617 -0.004857 
13.855 -0.4383 -0.0240 -0.002617 -0.003697 
13.871 -0.4458 -0.0239 -0.005235 -0.000951 
13.887 -0.4537 -0.0239 -0.002617 0.000280 
13.903 -0.4618 -0.0239 -0.002617 0.000463 
13.919 -0.4697 -0.0239 0.000000 -0.000182 
13.935 -0.4780 -0.0238 -0.002617 -0.001039 
13.951 -0.4863 -0.0238 0.000000 -0.001947 
13.967 -0.4947 -0.0238 -0.002617 -0.002863 
13.983 -0.5036 -0.0238 -0.002617 -0.003478 
13.999 -0.5125 -0.0238 -0.002617 -0.003033 
14.015 -0.5214 -0.0238 -0.002617 -0.002777 
14.031 -0.5306 -0.0237 -0.005235 -0.002316 
14.047 -0.5397 -0.0237 -0.007852 -0.002023 
14.063 -0.5492 -0.0236 -0.005235 -0.004130 
14.079 -0.5581 -0.0236 -0.005235 -0.001790 
14.095 -0.5671 -0.0235 0.000000 0.003454 
14.111 -0.5750 -0.0236 0.007852 0.007342 
14.127 -0.5827 -0.0237 0.018321 0.010528 
14.143 -0.5894 -0.0238 0.026173 0.013983 
14.159 -0.5955 -0.0240 0.036642 0.016693 
14.175 -0.6009 -0.0242 0.039259 0.020436 
14.191 -0.6058 -0.0244 0.044494 0.029470 
14.207 -0.6096 -0.0246 0.041877 0.042531 
14.223 -0.6125 -0.0247 0.041877 0.058493 
14.239 -0.6139 -0.0248 0.039259 0.075144 
14.255 -0.6135 -0.0248 0.034025 0.090281 
14.271 -0.6113 -0.0247 0.031408 0.103724 
14.287 -0.6068 -0.0246 0.026173 0.115546 
14.303 -0.5997 -0.0244 0.018321 0.125623 
14.319 -0.5912 -0.0243 0.013086 0.129341 
14.335 -0.5804 -0.0241 0.015704 0.122947 
14.351 -0.5679 -0.0239 0.015704 0.109824 
14.367 -0.5539 -0.0237 0.018321 0.089219 
14.383 -0.5389 -0.0234 0.018321 0.061376 
14.399 -0.5234 -0.0232 0.018321 0.027513 
14.415 -0.5078 -0.0229 0.015704 -0.009070 
14.431 -0.4930 -0.0227 0.013086 -0.045395 
14.447 -0.4788 -0.0225 0.013086 -0.081615 
14.463 -0.4652 -0.0223 0.010469 -0.105190 
14.479 -0.4531 -0.0222 0.010469 -0.117295 
14.495 -0.4417 -0.0221 0.005235 -0.121537 
14.511 -0.4314 -0.0221 0.007852 -0.119321 
14.527 -0.4214 -0.0220 0.005235 -0.111385 
14.543 -0.4117 -0.0220 0.005235 -0.099666 
14.559 -0.4024 -0.0219 0.000000 -0.086040 
14.575 -0.3932 -0.0219 -0.002617 -0.069952 
14.591 -0.3839 -0.0220 -0.002617 -0.054360 
14.607 -0.3742 -0.0220 -0.002617 -0.039915 
14.623 -0.3646 -0.0220 -0.005235 -0.030773 
14.639 -0.3549 -0.0221 -0.005235 -0.023908 
14.655 -0.3452 -0.0221 -0.005235 -0.019704 
14.671 -0.3350 -0.0222 -0.005235 -0.016699 
14.687 -0.3251 -0.0222 -0.002617 -0.015333 
14.703 -0.3149 -0.0222 -0.002617 -0.014087 
14.719 -0.3048 -0.0222 -0.002617 -0.014342 
14.735 -0.2949 -0.0222 0.000000 -0.014500 
14.751 -0.2847 -0.0222 0.000000 -0.013407 
14.767 -0.2746 -0.0222 0.000000 -0.010896 
14.783 -0.2646 -0.0222 -0.002617 -0.009267 
14.799 -0.2545 -0.0223 -0.002617 -0.008276 
14.815 -0.2445 -0.0223 0.000000 -0.008183 
14.831 -0.2344 -0.0223 0.000000 -0.007837 
14.847 -0.2243 -0.0223 0.000000 -0.008154 
14.863 -0.2145 -0.0223 0.000000 -0.008561 
14.879 -0.2044 -0.0223 0.000000 -0.008474 
14.895 -0.1944 -0.0223 -0.002617 -0.007567 
14.911 -0.1845 -0.0223 -0.005235 -0.006685 
14.927 -0.1746 -0.0224 -0.002617 -0.005510 
14.943 -0.1646 -0.0224 -0.005235 -0.004542 
14.959 -0.1549 -0.0225 -0.005235 -0.001581 
14.975 -0.1458 -0.0225 -0.002617 -0.014793 
14.991 -0.1385 -0.0225 -0.002617 -0.035619 
15.007 -0.1326 -0.0225 0.005235 -0.047211 
15.023 -0.1283 -0.0225 0.013086 -0.067122 
15.039 -0.1259 -0.0224 0.018321 -0.089783 
15.055 -0.1253 -0.0224 0.020938 -0.089636 
15.071 -0.1255 -0.0224 0.018321 -0.075661 
15.087 -0.1265 -0.0225 0.015704 -0.063643 
15.103 -0.1277 -0.0225 0.015704 -0.051922 
15.119 -0.1291 -0.0225 0.013086 -0.040635 
15.135 -0.1312 -0.0225 0.013086 -0.026852 
15.151 -0.1332 -0.0225 0.007852 -0.010602 
15.167 -0.1354 -0.0226 0.010469 0.005803 
15.184 -0.1372 -0.0226 0.007852 0.021623 
15.200 -0.1391 -0.0226 0.005235 0.035349 
15.216 -0.1403 -0.0226 0.005235 0.046848 
15.232 -0.1413 -0.0226 0.002617 0.051960 
15.248 -0.1423 -0.0226 0.005235 0.052465 
15.264 -0.1425 -0.0226 0.002617 0.049479 
15.280 -0.1431 -0.0226 0.005235 0.042525 
15.296 -0.1439 -0.0226 0.005235 0.035637 
15.312 -0.1441 -0.0226 0.007852 0.033155 
15.328 -0.1448 -0.0226 0.005235 0.031174 
15.344 -0.1450 -0.0226 0.007852 0.029610 
15.360 -0.1454 -0.0226 0.002617 0.025948 
15.376 -0.1456 -0.0226 0.000000 0.020897 
15.392 -0.1462 -0.0226 0.002617 0.014689 
15.408 -0.1468 -0.0226 0.005235 0.012030 
15.424 -0.1474 -0.0226 0.002617 0.012474 
15.440 -0.1484 -0.0226 0.000000 0.013696 
15.456 -0.1490 -0.0226 -0.002617 0.013270 
15.472 -0.1496 -0.0226 0.000000 0.010139 
15.488 -0.1506 -0.0226 0.002617 0.008081 
15.504 -0.1516 -0.0226 0.000000 0.006972 
15.520 -0.1525 -0.0226 0.000000 0.006079 
15.536 -0.1535 -0.0226 0.002617 0.002832 
15.552 -0.1545 -0.0226 0.000000 0.003149 
15.568 -0.1557 -0.0226 0.000000 0.003288 
15.584 -0.1569 -0.0226 0.000000 0.002122 
15.600 -0.1583 -0.0226 -0.002617 0.002984 
15.616 -0.1596 -0.0226 -0.002617 0.002817 
15.632 -0.1610 -0.0226 0.000000 0.002293 
15.648 -0.1624 -0.0226 -0.002617 0.002598 
15.664 -0.1640 -0.0226 -0.002617 0.002303 
15.680 -0.1656 -0.0226 -0.002617 0.003103 
15.696 -0.1673 -0.0226 -0.002617 0.002016 
15.712 -0.1689 -0.0226 -0.002617 0.001885 
15.728 -0.1705 -0.0226 -0.002617 -0.000314 
15.744 -0.1721 -0.0226 -0.002617 -0.010707 
15.760 -0.1748 -0.0226 0.000000 -0.030364 
15.776 -0.1782 -0.0226 -0.002617 -0.038119 
15.792 -0.1829 -0.0226 -0.005235 -0.031488 
15.808 -0.1882 -0.0225 -0.010469 -0.017585 
15.824 -0.1932 -0.0224 -0.013086 -0.002178 
15.840 -0.1983 -0.0224 -0.010469 0.008291 
15.856 -0.2032 -0.0223 -0.010469 0.015369 
15.872 -0.2076 -0.0223 -0.010469 0.017506 
15.888 -0.2123 -0.0222 -0.007852 0.015380 
15.904 -0.2172 -0.0222 -0.007852 0.009816 
15.920 -0.2214 -0.0222 -0.005235 0.005301 
15.936 -0.2259 -0.0221 -0.005235 0.004045 
15.952 -0.2308 -0.0221 -0.005235 0.003594 
15.968 -0.2356 -0.0221 -0.005235 0.003369 
15.984 -0.2405 -0.0221 -0.005235 0.003904 
16.000 -0.2454 -0.0220 -0.005235 0.005737 
16.016 -0.2502 -0.0220 -0.005235 0.006574 
16.032 -0.2553 -0.0220 -0.002617 0.006302 
16.048 -0.2602 -0.0220 -0.002617 0.005460 
16.064 -0.2654 -0.0220 -0.002617 0.004095 
16.080 -0.2705 -0.0220 0.000000 0.002896 
16.096 -0.2758 -0.0220 0.000000 0.002110 
16.112 -0.2809 -0.0220 0.002617 0.001843 
16.128 -0.2861 -0.0220 0.002617 0.001838 
16.144 -0.2918 -0.0220 0.002617 0.001864 
16.160 -0.2971 -0.0220 0.002617 0.002137 
16.176 -0.3028 -0.0220 0.002617 0.001694 
16.192 -0.3082 -0.0220 0.000000 0.001513 
16.208 -0.3139 -0.0220 0.000000 0.001853 
16.224 -0.3198 -0.0220 -0.002617 0.002288 
16.240 -0.3255 -0.0220 -0.002617 0.002569 
16.256 -0.3316 -0.0220 -0.002617 0.002264 
16.272 -0.3372 -0.0220 -0.002617 0.002766 
16.288 -0.3433 -0.0219 -0.002617 0.002472 
16.304 -0.3492 -0.0219 -0.005235 0.001432 
16.320 -0.3551 -0.0219 -0.002617 0.000450 
16.336 -0.3614 -0.0219 -0.005235 -0.000983 
16.352 -0.3671 -0.0218 -0.005235 0.010082 
16.368 -0.3715 -0.0218 -0.005235 0.041327 
16.384 -0.3729 -0.0218 -0.007852 0.077349 
16.400 -0.3731 -0.0218 -0.005235 0.097048 
16.416 -0.3725 -0.0218 0.002617 0.087536 
16.432 -0.3711 -0.0218 0.015704 0.061602 
16.448 -0.3699 -0.0218 0.020938 0.031312 
16.464 -0.3689 -0.0217 0.028790 0.003584 
16.480 -0.3677 -0.0217 0.023556 -0.013936 
16.496 -0.3675 -0.0217 0.020938 -0.025399 
16.512 -0.3675 -0.0217 0.015704 -0.031014 
16.528 -0.3681 -0.0217 0.013086 -0.036025 
16.544 -0.3685 -0.0217 0.013086 -0.040497 
16.560 -0.3695 -0.0217 0.010469 -0.042635 
16.576 -0.3709 -0.0217 0.007852 -0.041725 
16.592 -0.3727 -0.0218 0.005235 -0.037504 
16.608 -0.3746 -0.0218 0.002617 -0.032774 
16.623 -0.3766 -0.0218 0.002617 -0.026286 
16.639 -0.3788 -0.0218 0.000000 -0.020655 
16.655 -0.3809 -0.0218 0.000000 -0.015247 
16.671 -0.3831 -0.0218 -0.002617 -0.010245 
16.687 -0.3851 -0.0218 -0.002617 -0.006335 
16.703 -0.3871 -0.0218 -0.002617 -0.002826 
16.719 -0.3890 -0.0217 -0.005235 -0.000574 
16.735 -0.3910 -0.0217 -0.005235 0.000996 
16.751 -0.3926 -0.0217 -0.005235 0.002393 
16.767 -0.3946 -0.0217 -0.005235 0.002317 
16.783 -0.3963 -0.0217 -0.005235 0.001191 
16.799 -0.3969 -0.0217 -0.007852 0.013237 
16.815 -0.3971 -0.0217 -0.015704 0.036276 
16.831 -0.3965 -0.0217 -0.013086 0.056522 
16.847 -0.3948 -0.0217 -0.007852 0.066445 
16.863 -0.3916 -0.0218 -0.007852 0.060450 
16.879 -0.3873 -0.0218 -0.005235 0.043407 
16.895 -0.3827 -0.0218 -0.002617 0.020341 
16.911 -0.3782 -0.0218 -0.002617 -0.001108 
16.927 -0.3742 -0.0218 -0.002617 -0.017652 
16.943 -0.3705 -0.0218 -0.002617 -0.025932 
16.959 -0.3673 -0.0218 -0.002617 -0.029019 
16.975 -0.3642 -0.0218 -0.005235 -0.030443 
16.991 -0.3616 -0.0219 -0.002617 -0.029494 
17.007 -0.3589 -0.0219 -0.005235 -0.027295 
17.023 -0.3565 -0.0219 -0.005235 -0.024027 
17.039 -0.3539 -0.0219 -0.002617 -0.019866 
17.055 -0.3512 -0.0219 -0.005235 -0.016003 
17.071 -0.3490 -0.0219 -0.002617 -0.015028 
17.087 -0.3466 -0.0219 -0.007852 -0.014784 
17.103 -0.3443 -0.0219 -0.005235 -0.013610 
17.119 -0.3417 -0.0220 -0.002617 -0.011949 
17.135 -0.3395 -0.0220 -0.005235 -0.011057 
17.151 -0.3370 -0.0220 -0.005235 -0.009839 
17.167 -0.3348 -0.0220 -0.002617 -0.007920 
17.183 -0.3326 -0.0220 -0.005235 -0.007167 
17.199 -0.3301 -0.0220 -0.005235 -0.005860 
17.215 -0.3279 -0.0220 -0.002617 -0.005187 
17.231 -0.3255 -0.0220 -0.002617 -0.004086 
17.247 -0.3234 -0.0220 -0.002617 -0.003199 
17.263 -0.3210 -0.0220 -0.002617 -0.003015 
17.279 -0.3186 -0.0220 -0.002617 -0.002747 
17.295 -0.3163 -0.0220 0.000000 -0.002895 
17.311 -0.3141 -0.0220 -0.002617 -0.004102 
17.327 -0.3119 -0.0220 0.000000 -0.004051 
17.343 -0.3097 -0.0220 -0.002617 -0.003379 
17.359 -0.3076 -0.0220 -0.002617 -0.003266 
17.375 -0.3054 -0.0221 -0.005235 -0.003425 
17.391 -0.3032 -0.0221 -0.002617 -0.002414 
17.407 -0.3009 -0.0221 -0.005235 -0.001424 
17.423 -0.2989 -0.0221 -0.005235 -0.001307 
17.439 -0.2965 -0.0221 -0.005235 -0.000263 
17.455 -0.2944 -0.0221 -0.005235 0.000116 
17.471 -0.2924 -0.0221 -0.005235 0.000199 
17.487 -0.2904 -0.0221 -0.005235 0.000072 
17.503 -0.2882 -0.0221 -0.007852 -0.004329 
17.519 -0.2869 -0.0221 -0.002617 -0.025150 
17.535 -0.2877 -0.0221 0.002617 -0.054973 
17.551 -0.2898 -0.0221 -0.002617 -0.093656 
17.567 -0.2922 -0.0222 0.002617 -0.105657 
17.583 -0.2963 -0.0222 0.007852 -0.089226 
17.599 -0.3017 -0.0222 0.005235 -0.051593 
17.615 -0.3070 -0.0222 0.000000 -0.005389 
17.631 -0.3117 -0.0222 -0.002617 0.039012 
17.647 -0.3151 -0.0222 -0.005235 0.065918 
17.663 -0.3178 -0.0222 -0.002617 0.072451 
17.679 -0.3192 -0.0222 0.000000 0.071392 
17.695 -0.3204 -0.0222 0.000000 0.064473 
17.711 -0.3208 -0.0222 0.000000 0.056504 
17.727 -0.3210 -0.0222 0.002617 0.043237 
17.743 -0.3216 -0.0222 0.000000 0.028764 
17.759 -0.3228 -0.0222 0.005235 0.015730 
17.775 -0.3237 -0.0222 0.005235 0.008166 
17.791 -0.3243 -0.0222 0.002617 0.004002 
17.807 -0.3257 -0.0222 0.000000 0.000635 
17.823 -0.3269 -0.0222 0.000000 -0.000466 
17.839 -0.3281 -0.0222 0.000000 -0.001121 
17.855 -0.3297 -0.0222 0.000000 -0.002744 
17.871 -0.3312 -0.0222 -0.002617 -0.003377 
17.887 -0.3326 -0.0222 0.000000 -0.003510 
17.903 -0.3342 -0.0222 0.000000 -0.002416 
17.919 -0.3360 -0.0222 0.002617 -0.003103 
17.935 -0.3378 -0.0222 0.000000 -0.002733 
17.951 -0.3397 -0.0222 0.002617 -0.003529 
17.967 -0.3413 -0.0222 0.002617 -0.002938 
17.983 -0.3433 -0.0222 0.002617 -0.002667 
17.999 -0.3454 -0.0222 0.002617 -0.002401 
18.015 -0.3474 -0.0222 0.002617 -0.001145 
18.031 -0.3496 -0.0222 0.005235 -0.000968 
18.047 -0.3518 -0.0222 0.002617 -0.000143 
18.063 -0.3539 -0.0222 0.002617 0.001080 
18.079 -0.3561 -0.0222 0.000000 0.000837 
18.095 -0.3581 -0.0222 0.000000 0.001499 
18.111 -0.3602 -0.0222 0.000000 0.001851 
18.127 -0.3618 -0.0222 0.000000 0.008675 
18.143 -0.3632 -0.0222 -0.002617 0.029566 
18.159 -0.3628 -0.0222 -0.002617 0.054301 
18.175 -0.3618 -0.0222 0.005235 0.077493 
18.191 -0.3583 -0.0222 0.007852 0.086943 
18.207 -0.3543 -0.0222 0.013086 0.077118 
18.223 -0.3490 -0.0221 0.018321 0.052338 
18.239 -0.3437 -0.0220 0.023556 0.020069 
18.255 -0.3387 -0.0219 0.020938 -0.011842 
18.271 -0.3344 -0.0218 0.023556 -0.033900 
18.287 -0.3306 -0.0217 0.020938 -0.044310 
18.303 -0.3277 -0.0216 0.015704 -0.046153 
18.319 -0.3251 -0.0216 0.013086 -0.043317 
18.335 -0.3228 -0.0216 0.010469 -0.038378 
18.351 -0.3208 -0.0215 0.010469 -0.032928 
18.367 -0.3188 -0.0215 0.005235 -0.027083 
18.383 -0.3168 -0.0215 0.005235 -0.021374 
18.399 -0.3149 -0.0215 0.002617 -0.016625 
18.415 -0.3129 -0.0215 0.002617 -0.014230 
18.431 -0.3109 -0.0215 0.002617 -0.011975 
18.446 -0.3093 -0.0215 0.002617 -0.010729 
18.462 -0.3068 -0.0215 0.002617 -0.009140 
18.478 -0.3052 -0.0215 0.002617 -0.007932 
18.494 -0.3032 -0.0215 0.002617 -0.005666 
18.510 -0.3013 -0.0215 0.000000 -0.003847 
18.526 -0.2995 -0.0215 0.002617 -0.003476 
18.542 -0.2977 -0.0215 0.000000 -0.002176 
18.558 -0.2957 -0.0215 0.000000 -0.001546 
18.574 -0.2936 -0.0215 0.000000 -0.001613 
18.590 -0.2918 -0.0215 0.002617 -0.001008 
18.606 -0.2900 -0.0215 0.000000 -0.001379 
18.622 -0.2880 -0.0215 0.000000 -0.000013 
18.638 -0.2863 -0.0215 0.000000 -0.000839 
18.654 -0.2843 -0.0215 0.000000 -0.001137 
18.670 -0.2825 -0.0215 -0.002617 -0.001555 
18.686 -0.2807 -0.0215 0.000000 -0.002046 
18.702 -0.2788 -0.0215 -0.002617 -0.002143 
18.718 -0.2772 -0.0215 -0.002617 -0.002964 
18.734 -0.2752 -0.0215 -0.002617 -0.002999 
18.750 -0.2736 -0.0215 -0.002617 -0.004236 
18.766 -0.2725 -0.0215 -0.005235 -0.019037 
18.782 -0.2721 -0.0215 -0.005235 -0.046268 
18.798 -0.2738 -0.0215 -0.010469 -0.074690 
18.814 -0.2748 -0.0215 -0.002617 -0.075178 
18.830 -0.2778 -0.0215 -0.005235 -0.054330 
18.846 -0.2811 -0.0215 -0.005235 -0.023389 
18.862 -0.2841 -0.0214 -0.007852 0.011146 
18.878 -0.2867 -0.0214 -0.010469 0.036929 
18.894 -0.2888 -0.0214 -0.005235 0.046821 
18.910 -0.2898 -0.0214 -0.002617 0.045625 
18.926 -0.2906 -0.0214 0.002617 0.039397 
18.942 -0.2914 -0.0214 0.002617 0.032786 
18.958 -0.2916 -0.0214 0.005235 0.027049 
18.974 -0.2918 -0.0214 0.007852 0.020409 
18.990 -0.2922 -0.0214 0.007852 0.016868 
19.006 -0.2928 -0.0214 0.010469 0.014390 
19.022 -0.2934 -0.0214 0.013086 0.012752 
19.038 -0.2938 -0.0214 0.013086 0.010352 
19.054 -0.2940 -0.0214 0.010469 0.004237 
19.070 -0.2955 -0.0214 0.007852 -0.024866 
19.086 -0.3011 -0.0215 0.007852 -0.090147 
19.102 -0.3125 -0.0215 -0.007852 -0.181701 
19.118 -0.3283 -0.0213 -0.007852 -0.269531 
19.134 -0.3437 -0.0211 -0.018321 -0.328301 
19.150 -0.3602 -0.0207 -0.031408 -0.356745 
19.166 -0.3768 -0.0202 -0.041877 -0.361718 
19.182 -0.3934 -0.0193 -0.052346 -0.340103 
19.198 -0.4104 -0.0184 -0.057580 -0.294370 
19.214 -0.4288 -0.0174 -0.049729 -0.225576 
19.230 -0.4497 -0.0164 -0.036642 -0.135333 
19.246 -0.4726 -0.0157 -0.023556 -0.023954 
19.262 -0.4982 -0.0153 -0.013086 0.113158 
19.278 -0.5247 -0.0150 -0.010469 0.276587 
19.294 -0.5458 -0.0147 -0.015704 0.444543 
19.310 -0.5592 -0.0145 -0.026173 0.586469 
19.326 -0.5655 -0.0143 -0.023556 0.576994 
19.342 -0.5694 -0.0142 -0.020938 0.568919 
19.358 -0.5702 -0.0142 -0.026173 0.542362 
19.374 -0.5659 -0.0143 -0.018321 0.508731 
19.390 -0.5564 -0.0146 -0.036642 0.482177 
19.406 -0.5505 -0.0147 -0.018321 0.411705 
19.422 -0.5393 -0.0149 -0.005235 0.313934 
19.438 -0.5282 -0.0149 -0.002617 0.194151 
19.454 -0.5193 -0.0149 0.002617 0.054766 
19.470 -0.5132 -0.0149 0.007852 -0.078809 
19.486 -0.5128 -0.0149 0.018321 -0.215599 
19.502 -0.5191 -0.0150 0.026173 -0.327200 
19.518 -0.5268 -0.0152 0.015704 -0.435333 
19.534 -0.5393 -0.0153 0.005235 -0.499708 
19.550 -0.5592 -0.0156 0.031408 -0.496691 
19.566 -0.5847 -0.0169 0.062815 -0.487080 
19.582 -0.6018 -0.0180 0.062815 -0.456198 
19.598 -0.6224 -0.0194 0.073284 -0.425383 
19.614 -0.6449 -0.0209 0.065432 -0.376334 
19.630 -0.6647 -0.0222 0.060198 -0.313176 
19.646 -0.6888 -0.0236 0.062815 -0.241873 
19.662 -0.7115 -0.0250 0.057581 -0.156682 
19.678 -0.7370 -0.0265 0.057581 -0.059413 
19.694 -0.7633 -0.0279 0.052346 0.052150 
19.710 -0.7925 -0.0293 0.047111 0.182237 
19.726 -0.8200 -0.0306 0.047111 0.324571 
19.742 -0.8427 -0.0316 0.047111 0.472944 
19.758 -0.8585 -0.0324 0.041877 0.586273 
19.774 -0.8644 -0.0326 0.049729 0.666994 
19.790 -0.8638 -0.0326 0.088988 0.651587 
19.806 -0.8584 -0.0321 0.065432 0.640161 
19.822 -0.8486 -0.0315 0.081136 0.617602 
19.838 -0.8393 -0.0306 0.107309 0.586143 
19.854 -0.8253 -0.0288 0.143951 0.547667 
19.870 -0.8108 -0.0265 0.170124 0.498868 
19.886 -0.7917 -0.0230 0.191063 0.441260 
19.902 -0.7697 -0.0183 0.225088 0.407646 
19.918 -0.7484 -0.0131 0.256495 0.371501 
19.934 -0.7267 -0.0071 0.280051 0.328901 
19.950 -0.7073 -0.0013 0.300989 0.270043 
19.966 -0.6851 0.0060 0.329780 0.211023 
19.982 -0.6643 0.0134 0.358570 0.156104 
19.998 -0.6407 0.0226 0.382126 0.114938 
20.014 -0.6184 0.0321 0.421385 0.032899 
20.030 -0.5933 0.0439 0.455410 -0.064701 
20.046 -0.5673 0.0573 0.492052 -0.187940 
20.062 -0.5402 0.0723 0.520842 -0.329768 
20.078 -0.5115 0.0896 0.560101 -0.472679 
20.094 -0.4832 0.1078 0.570570 -0.523786 
20.110 -0.4538 0.1261 0.547015 -0.503936 
20.126 -0.4253 0.1429 0.523460 -0.503658 
20.142 -0.3982 0.1585 0.518225 -0.542140 
20.158 -0.3703 0.1738 0.489435 -0.531835 
20.174 -0.3438 0.1876 0.465880 -0.523261 
20.190 -0.3198 0.1994 0.450176 -0.514287 
20.206 -0.3002 0.2091 0.471114 -0.521211 
20.222 -0.2854 0.2167 0.481583 -0.540305 
20.238 -0.2751 0.2221 0.489435 -0.544716 
20.253 -0.2696 0.2251 0.507756 -0.525169 
20.269 -0.2698 0.2250 0.536546 -0.519438 
20.285 -0.2768 0.2209 0.526077 -0.520240 
20.301 -0.2850 0.2160 0.565336 -0.513604 
20.317 -0.2963 0.2085 0.609829 -0.497315 
20.333 -0.3086 0.1995 0.659558 -0.474844 
20.349 -0.3212 0.1890 0.719755 -0.442753 
20.365 -0.3335 0.1775 0.785187 -0.398209 
20.381 -0.3452 0.1649 0.866323 -0.338008 
20.397 -0.3565 0.1505 0.944841 -0.262337 
20.413 -0.3677 0.1336 1.018125 -0.169893 
20.429 -0.3786 0.1146 1.086174 -0.061195 
20.445 -0.3892 0.0929 1.146372 0.075814 
20.461 -0.3996 0.0678 1.198718 0.228535 
20.477 -0.4092 0.0417 1.237978 0.409478 
20.493 -0.4176 0.0170 1.245830 0.595504 
20.509 -0.4227 0.0009 1.279855 0.715560 
20.525 -0.4270 -0.0137 1.292942 0.715985 
20.541 -0.4297 -0.0234 1.308645 0.723469 
20.557 -0.4312 -0.0291 1.316498 0.702859 
20.573 -0.4310 -0.0285 1.334819 0.687186 
20.589 -0.4300 -0.0242 1.334819 0.651286 
20.605 -0.4285 -0.0179 1.345288 0.604431 
20.621 -0.4263 -0.0076 1.371462 0.538576 
20.637 -0.4238 0.0054 1.395018 0.447860 
20.653 -0.4212 0.0210 1.415956 0.332993 
20.669 -0.4189 0.0366 1.431661 0.197646 
20.685 -0.4169 0.0513 1.439513 0.060314 
20.701 -0.4155 0.0626 1.449982 -0.078147 
20.717 -0.4148 0.0682 1.460452 -0.201232 
20.733 -0.4150 0.0672 1.457834 -0.317488 
20.749 -0.4151 0.0662 1.465686 -0.419318 
20.765 -0.4158 0.0585 1.491860 -0.410492 
20.781 -0.4167 0.0472 1.470922 -0.386790 
20.797 -0.4178 0.0365 1.473539 -0.350628 
20.813 -0.4193 0.0214 1.470922 -0.312395 
20.829 -0.4209 0.0064 1.460452 -0.260888 
20.845 -0.4226 -0.0097 1.460452 -0.189532 
20.861 -0.4245 -0.0266 1.460452 -0.107802 
20.877 -0.4264 -0.0436 1.460452 -0.012400 
20.893 -0.4281 -0.0591 1.457835 0.084075 
20.909 -0.4295 -0.0716 1.457835 0.164896 
20.925 -0.4307 -0.0810 1.449983 0.218364 
20.941 -0.4315 -0.0879 1.455217 0.235136 
20.957 -0.4321 -0.0929 1.457835 0.213305 
20.973 -0.4325 -0.0970 1.463069 0.172884 
20.989 -0.4329 -0.1010 1.463069 0.123985 
21.005 -0.4334 -0.1052 1.470922 0.074263 
21.021 -0.4338 -0.1095 1.468304 0.030435 
21.037 -0.4343 -0.1145 1.465687 -0.004513 
21.053 -0.4350 -0.1200 1.447366 -0.021959 
21.069 -0.4357 -0.1258 1.434279 -0.028308 
21.085 -0.4366 -0.1318 1.429044 -0.031067 
21.101 -0.4374 -0.1378 1.423809 -0.026666 
21.117 -0.4383 -0.1439 1.418575 -0.018333 
21.133 -0.4391 -0.1491 1.418575 -0.007193 
21.149 -0.4399 -0.1543 1.423809 0.000627 
21.165 -0.4406 -0.1589 1.426427 0.001962 
21.181 -0.4413 -0.1633 1.426427 -0.001456 
21.197 -0.4418 -0.1673 1.426427 -0.004177 
21.213 -0.4424 -0.1711 1.429044 -0.007133 
21.229 -0.4429 -0.1750 1.426427 -0.009411 
21.245 -0.4435 -0.1786 1.431661 -0.012956 
21.261 -0.4440 -0.1824 1.434279 -0.018871 
21.277 -0.4445 -0.1862 1.442131 -0.024852 
21.293 -0.4450 -0.1904 1.444748 -0.031157 
21.309 -0.4456 -0.1951 1.447366 -0.037266 
21.325 -0.4462 -0.2001 1.449983 -0.041897 
21.341 -0.4469 -0.2055 1.452600 -0.045531 
21.357 -0.4476 -0.2116 1.452600 -0.047791 
21.373 -0.4484 -0.2182 1.455218 -0.048033 
21.389 -0.4492 -0.2253 1.457835 -0.046233 
21.405 -0.4501 -0.2327 1.455218 -0.042102 
21.421 -0.4510 -0.2408 1.455218 -0.036315 
21.437 -0.4520 -0.2490 1.457835 -0.032605 
21.453 -0.4529 -0.2575 1.457835 -0.029969 
21.469 -0.4539 -0.2664 1.457835 -0.028047 
21.485 -0.4549 -0.2755 1.460452 -0.026938 
21.501 -0.4560 -0.2853 1.463070 -0.025302 
21.517 -0.4571 -0.2950 1.463070 -0.022496 
21.533 -0.4581 -0.3051 1.463070 -0.019518 
21.549 -0.4593 -0.3154 1.460452 -0.015681 
21.565 -0.4605 -0.3261 1.457835 -0.011323 
21.581 -0.4617 -0.3369 1.457835 -0.010334 
21.597 -0.4629 -0.3478 1.457835 -0.009937 
21.613 -0.4642 -0.3591 1.457835 -0.009975 
21.629 -0.4655 -0.3708 1.457835 -0.011298 
21.645 -0.4669 -0.3827 1.460452 -0.014030 
21.661 -0.4682 -0.3950 1.457835 -0.014052 
21.677 -0.4696 -0.4073 1.455218 -0.008785 
21.693 -0.4710 -0.4196 1.463070 0.000624 
21.709 -0.4722 -0.4311 1.465687 0.014613 
21.725 -0.4733 -0.4414 1.473539 0.029095 
21.741 -0.4742 -0.4507 1.473539 0.043797 
21.757 -0.4749 -0.4583 1.473539 0.058925 
21.773 -0.4755 -0.4644 1.473539 0.069608 
21.789 -0.4761 -0.4702 1.470922 0.068646 
21.805 -0.4766 -0.4751 1.470922 0.060401 
21.821 -0.4771 -0.4797 1.468304 0.048864 
21.837 -0.4775 -0.4842 1.468304 0.035953 
21.853 -0.4780 -0.4884 1.465687 0.020197 
21.869 -0.4784 -0.4928 1.460452 0.003254 
21.885 -0.4790 -0.4975 1.457835 -0.012232 
21.901 -0.4795 -0.5023 1.457835 -0.022821 
21.917 -0.4801 -0.5076 1.457835 -0.030739 
21.933 -0.4808 -0.5136 1.457835 -0.036249 
21.949 -0.4815 -0.5196 1.457835 -0.039460 
21.965 -0.4823 -0.5265 1.457835 -0.040790 
21.981 -0.4831 -0.5338 1.457835 -0.040576 
21.997 -0.4839 -0.5410 1.457835 -0.039094 
22.013 -0.4848 -0.5489 1.460452 -0.036058 
22.029 -0.4857 -0.5569 1.460452 -0.033224 
22.045 -0.4866 -0.5654 1.460452 -0.030793 
22.061 -0.4876 -0.5739 1.460452 -0.027293 
22.076 -0.4886 -0.5827 1.460452 -0.022817 
22.092 -0.4896 -0.5916 1.455218 -0.017158 
22.108 -0.4906 -0.6005 1.455218 -0.012230 
22.124 -0.4916 -0.6095 1.457835 -0.010000 
22.140 -0.4926 -0.6186 1.460452 -0.008182 
22.156 -0.4937 -0.6279 1.460452 -0.007405 
22.172 -0.4947 -0.6372 1.460452 -0.007771 
22.188 -0.4957 -0.6466 1.463070 -0.008632 
22.204 -0.4968 -0.6563 1.463070 -0.008336 
22.220 -0.4979 -0.6660 1.463070 -0.008317 
22.236 -0.4990 -0.6761 1.463070 -0.008540 
22.252 -0.5000 -0.6860 1.460452 -0.008886 
22.268 -0.5011 -0.6956 1.460452 -0.007955 
22.284 -0.5021 -0.7051 1.463070 -0.001359 
22.300 -0.5030 -0.7134 1.465687 0.018676 
22.316 -0.5037 -0.7200 1.468304 0.047941 
22.332 -0.5042 -0.7251 1.470922 0.077484 
22.348 -0.5046 -0.7287 1.470922 0.086571 
22.364 -0.5048 -0.7311 1.470922 0.079998 
22.380 -0.5050 -0.7328 1.470922 0.066145 
22.396 -0.5052 -0.7342 1.468304 0.047708 
22.412 -0.5053 -0.7358 1.468304 0.026941 
22.428 -0.5055 -0.7372 1.465687 0.008638 
22.444 -0.5056 -0.7386 1.463070 -0.005163 
22.460 -0.5058 -0.7404 1.460452 -0.015292 
22.476 -0.5061 -0.7426 1.457835 -0.023864 
22.492 -0.5063 -0.7451 1.457835 -0.030920 
22.508 -0.5066 -0.7479 1.457835 -0.036350 
22.524 -0.5070 -0.7511 1.457835 -0.039043 
22.540 -0.5074 -0.7543 1.457835 -0.040295 
22.556 -0.5078 -0.7582 1.455218 -0.039078 
22.572 -0.5083 -0.7622 1.455218 -0.037432 
22.588 -0.5088 -0.7664 1.457835 -0.034103 
22.604 -0.5093 -0.7707 1.455218 -0.029948 
22.620 -0.5098 -0.7751 1.455218 -0.025115 
22.636 -0.5103 -0.7797 1.457835 -0.022147 
22.652 -0.5108 -0.7844 1.460452 -0.020048 
22.668 -0.5114 -0.7892 1.460452 -0.018146 
22.684 -0.5119 -0.7940 1.460452 -0.016322 
22.700 -0.5124 -0.7989 1.460452 -0.014004 
22.716 -0.5130 -0.8037 1.460452 -0.011814 
22.732 -0.5136 -0.8090 1.460452 -0.010383 
22.748 -0.5141 -0.8142 1.460452 -0.008892 
22.764 -0.5147 -0.8190 1.460452 -0.007636 
22.780 -0.5153 -0.8245 1.463070 -0.007256 
22.796 -0.5158 -0.8297 1.463070 -0.006513 
22.812 -0.5164 -0.8350 1.463070 -0.005376 
22.828 -0.5170 -0.8406 1.463070 -0.003118 
22.844 -0.5176 -0.8457 1.460452 0.000622 
22.860 -0.5181 -0.8505 1.460452 0.006971 
22.876 -0.5185 -0.8543 1.457835 0.018710 
22.892 -0.5189 -0.8576 1.452600 0.029850 
22.908 -0.5191 -0.8596 1.452600 0.036946 
22.924 -0.5193 -0.8606 1.455218 0.043260 
22.940 -0.5193 -0.8608 1.452600 0.041744 
22.956 -0.5192 -0.8604 1.452600 0.036908 
22.972 -0.5192 -0.8602 1.449983 0.032890 
22.988 -0.5192 -0.8598 1.449983 0.028924 
23.004 -0.5191 -0.8590 1.449983 0.022927 
23.020 -0.5189 -0.8580 1.452600 0.012993 
23.036 -0.5188 -0.8569 1.449983 0.002493 
23.052 -0.5187 -0.8561 1.455218 -0.006714 
23.068 -0.5186 -0.8553 1.455218 -0.014685 
23.084 -0.5186 -0.8547 1.457835 -0.021666 
23.100 -0.5185 -0.8545 1.455218 -0.027716 
23.116 -0.5186 -0.8547 1.457835 -0.032863 
23.132 -0.5186 -0.8549 1.455218 -0.035604 
23.148 -0.5186 -0.8549 1.455218 -0.038004 
23.164 -0.5187 -0.8555 1.457835 -0.038307 
23.180 -0.5187 -0.8563 1.457835 -0.035112 
23.196 -0.5188 -0.8571 1.457835 -0.030617 
23.212 -0.5190 -0.8586 1.460452 -0.026155 
23.228 -0.5192 -0.8600 1.457835 -0.020383 
23.244 -0.5193 -0.8612 1.457835 -0.015865 
23.260 -0.5195 -0.8626 1.460452 -0.010696 
23.276 -0.5196 -0.8640 1.457835 -0.006101 
23.292 -0.5198 -0.8652 1.457835 -0.002417 
23.308 -0.5199 -0.8664 1.457835 0.000835 
23.324 -0.5200 -0.8674 1.455218 0.001937 
23.340 -0.5201 -0.8686 1.455218 0.002266 
23.356 -0.5203 -0.8698 1.455218 0.002865 
23.372 -0.5204 -0.8709 1.452600 0.002913 
23.388 -0.5205 -0.8719 1.455218 0.002508 
23.404 -0.5206 -0.8729 1.452600 0.002277 
23.420 -0.5207 -0.8737 1.452600 0.001708 
23.436 -0.5209 -0.8749 1.452600 -0.000464 
23.452 -0.5210 -0.8757 1.452600 -0.002820 
23.468 -0.5210 -0.8763 1.449983 0.001232 
23.484 -0.5210 -0.8757 1.447366 0.012480 
23.500 -0.5208 -0.8741 1.442131 0.020696 
23.516 -0.5204 -0.8715 1.439513 0.033709 
23.532 -0.5200 -0.8678 1.439513 0.057958 
23.548 -0.5194 -0.8636 1.431661 0.075418 
23.564 -0.5187 -0.8586 1.434279 0.076362 
23.580 -0.5179 -0.8524 1.442131 0.064957 
23.596 -0.5169 -0.8453 1.444748 0.047736 
23.612 -0.5160 -0.8381 1.444748 0.028142 
23.628 -0.5151 -0.8310 1.447366 0.006774 
23.644 -0.5143 -0.8240 1.449983 -0.014894 
23.660 -0.5135 -0.8178 1.447366 -0.033886 
23.676 -0.5128 -0.8117 1.447366 -0.043842 
23.692 -0.5121 -0.8061 1.447366 -0.045754 
23.708 -0.5115 -0.8010 1.449983 -0.044759 
23.724 -0.5109 -0.7962 1.449983 -0.042765 
23.740 -0.5103 -0.7914 1.449983 -0.039642 
23.756 -0.5098 -0.7867 1.452600 -0.035528 
23.772 -0.5092 -0.7823 1.452600 -0.030549 
23.788 -0.5087 -0.7777 1.449983 -0.024593 
23.804 -0.5081 -0.7732 1.455218 -0.020215 
23.820 -0.5076 -0.7688 1.455218 -0.015677 
23.836 -0.5071 -0.7644 1.455218 -0.013262 
23.852 -0.5066 -0.7597 1.452600 -0.011149 
23.868 -0.5060 -0.7553 1.452600 -0.010242 
23.884 -0.5055 -0.7509 1.452600 -0.009277 
23.899 -0.5049 -0.7463 1.449983 -0.009142 
23.915 -0.5044 -0.7418 1.449983 -0.008830 
23.931 -0.5039 -0.7374 1.449983 -0.007763 
23.947 -0.5033 -0.7332 1.447366 -0.005984 
23.963 -0.5028 -0.7287 1.447366 -0.003985 
23.979 -0.5022 -0.7243 1.447366 -0.002080 
