% Freja (4)
%  1    time 0.000 sec
%  2  3 Motor voltage [V] left, right: 0.00 0.00
%  4  5 Wheel velocity [m/s] left, right: -0.0000 -0.0000
%  6 15 ctrl left , ref=0, m=-0, m2=0, uf=0, r2=0, ep=0,up=0, ui=0, u1=0, u=0
% 16 25 ctrl right, ref=0, m=-0, m2=0, uf=0, r2=0, ep=0,up=0, ui=0, u1=0, u=0
0.000 0.00 0.00 -0.0000 -0.0000 0 -0 0 0 0 0 0 0 0 0 0 -0 0 0 0 0 0 0 0 0 
0.001 9.00 9.00 -0.0000 -0.0000 1 -0 0 0 1 51 51 1.02 52.02 9 1 -0 0 0 1 51 51 1.02 52.02 9 
0.002 9.00 9.00 -0.0000 -0.0000 1 -0 0 0 1 51 51 1.02 52.02 9 1 -0 0 0 1 51 51 1.02 52.02 9 
0.003 9.00 9.00 -0.0000 -0.0000 1 -0 0 0 1 51 51 1.02 52.02 9 1 -0 0 0 1 51 51 1.02 52.02 9 
0.004 9.00 9.00 -0.0000 0.0000 1.00262 -0 0 0 1.00262 51.1335 51.1335 1.02 52.1535 9 0.997383 0 0 0 0.997383 50.8665 50.8665 1.02 51.8865 9 
0.005 9.00 9.00 -0.0000 0.0000 1.00262 -0 0 0 1.00262 51.1335 51.1335 1.02 52.1535 9 0.997383 0 0 0 0.997383 50.8665 50.8665 1.02 51.8865 9 
0.006 9.00 9.00 0.0000 0.0000 1 0 0 0 1 51 51 1.02 52.02 9 1 0 0 0 1 51 51 1.02 52.02 9 
0.007 9.00 9.00 0.0000 0.0000 1.00262 0 0 0 1.00262 51.1335 51.1335 1.02 52.1535 9 0.997383 0 0 0 0.997383 50.8665 50.8665 1.02 51.8865 9 
0.008 9.00 9.00 0.1953 0.2557 1.00262 0.19531 0.19531 0 1.00262 41.1727 41.1727 1.02 42.1927 9 0.997383 0.255711 0.255711 0 0.997383 37.8252 37.8252 1.02 38.8452 9 
0.009 9.00 9.00 0.1953 0.2557 1.00262 0.19531 0.19531 0 1.00262 41.1727 41.1727 1.02 42.1927 9 0.997383 0.255711 0.255711 0 0.997383 37.8252 37.8252 1.02 38.8452 9 
0.010 9.00 9.00 0.2751 0.2885 1.00262 0.275118 0.275118 0 1.00262 37.1025 37.1025 1.02 38.1225 9 0.997383 0.288501 0.288501 0 0.997383 36.153 36.153 1.02 37.173 9 
0.011 9.00 9.00 0.3110 0.3024 1.00262 0.311025 0.311025 0 1.00262 35.2712 35.2712 1.02 36.2912 9 0.997383 0.302371 0.302371 0 0.997383 35.4456 35.4456 1.02 36.4656 9 
0.012 9.00 9.00 0.3530 0.3223 1.00262 0.352967 0.352967 0 1.00262 33.1321 33.1321 1.02 34.1521 9 0.997383 0.322257 0.322257 0 0.997383 34.4314 34.4314 1.02 35.4514 9 
0.013 9.00 9.00 0.4234 0.3459 1.00262 0.423411 0.423411 0 1.00262 29.5395 29.5395 1.02 30.5595 9 0.997383 0.345901 0.345901 0 0.997383 33.2256 33.2256 1.02 34.2456 9 
0.014 9.00 9.00 0.5355 0.3836 1.00262 0.535515 0.535515 0 1.00262 23.8222 23.8222 1.02 24.8422 9 0.997383 0.383619 0.383619 0 0.997383 31.302 31.302 1.02 32.322 9 
0.015 9.00 9.00 0.5137 0.4003 1.00262 0.513689 0.513689 0 1.00262 24.9353 24.9353 1.02 25.9553 9 0.997383 0.400257 0.400257 0 0.997383 30.4534 30.4534 1.02 31.4734 9 
0.016 9.00 9.00 0.5727 0.4171 1 0.572667 0.572667 0 1 21.794 21.794 1.02 22.814 9 1 0.41709 0.41709 0 1 29.7284 29.7284 1.02 30.7484 9 
0.017 9.00 9.00 0.6122 0.4135 1 0.612194 0.612194 0 1 19.7781 19.7781 1.02 20.7981 9 1 0.41349 0.41349 0 1 29.912 29.912 1.02 30.932 9 
0.018 9.00 9.00 0.7217 0.4350 0.997383 0.721732 0.721732 0 0.997383 14.0582 14.0582 1.02 15.0782 9 1.00262 0.434959 0.434959 0 1.00262 28.9506 28.9506 1.02 29.9706 9 
0.019 9.00 9.00 0.6929 0.4376 0.994765 0.692916 0.692916 0 0.994765 15.3943 15.3943 1.02 16.4143 9 1.00523 0.437618 0.437618 0 1.00523 28.9485 28.9485 1.02 29.9685 9 
0.020 9.00 9.00 0.7381 0.4209 0.992148 0.738105 0.738105 0 0.992148 12.9562 12.9562 1.02 13.9762 9 1.00785 0.420917 0.420917 0 1.00785 29.9337 29.9337 1.02 30.9537 9 
0.021 9.00 9.00 0.7978 0.4543 0.989531 0.797766 0.797767 0 0.989531 9.77998 9.77998 1.02 10.8 9 1.01047 0.454274 0.454274 0 1.01047 28.366 28.366 1.02 29.386 9 
0.022 6.21 9.00 0.8851 0.4511 0.986914 0.885062 0.885062 0 0.986914 5.19445 5.19445 1.02 6.21445 6.21445 1.01309 0.451127 0.451127 0 1.01309 28.6599 28.6599 1.02 29.6799 9 
0.023 7.89 9.00 0.8718 0.4259 0.984296 0.871807 0.871807 0 0.984296 5.73695 5.73695 2.15474 7.89169 7.89169 1.0157 0.425902 0.425902 0 1.0157 30.0799 30.0799 1.02 31.0999 9 
0.024 3.72 9.00 0.9539 0.4716 0.981679 0.953865 0.953865 0 0.981679 1.41849 1.41849 2.29785 3.71634 3.71634 1.01832 0.471648 0.471648 0 1.01832 27.8803 27.8803 1.02 28.9003 9 
0.025 3.65 9.00 0.9536 0.4914 0.979062 0.953562 0.953562 0 0.979062 1.3005 1.3005 2.35223 3.65272 3.65272 1.02094 0.491381 0.491381 0 1.02094 27.0074 27.0074 1.02 28.0274 9 
0.026 1.30 9.00 0.9972 0.4732 0.976444 0.997167 0.997167 0 0.976444 -1.05687 -1.05687 2.3571 1.30023 1.30023 1.02356 0.473247 0.473247 0 1.02356 28.0658 28.0658 1.02 29.0858 9 
0.027 0.92 9.00 0.9983 0.4904 0.97121 0.998343 0.998343 0 0.97121 -1.3838 -1.3838 2.30829 0.924483 0.924483 1.02879 0.490366 0.490366 0 1.02879 27.4596 27.4596 1.02 28.4796 9 
0.028 1.03 9.00 0.9927 0.5393 0.968592 0.992694 0.992694 0 0.968592 -1.22917 -1.22917 2.25603 1.02685 1.02685 1.03141 0.539253 0.539253 0 1.03141 25.0999 25.0999 1.02 26.1199 9 
0.029 0.12 9.00 1.0065 0.5224 0.965975 1.00652 1.00652 0 0.965975 -2.0679 -2.0679 2.19009 0.122181 0.122181 1.03402 0.522399 0.522399 0 1.03402 26.0929 26.0929 1.02 27.1129 9 
0.030 1.41 9.00 0.9775 0.5721 0.963358 0.97752 0.97752 0 0.963358 -0.722259 -0.722259 2.13428 1.41202 1.41202 1.03664 0.572086 0.572086 0 1.03664 23.6923 23.6923 1.02 24.7123 9 
0.031 2.06 9.00 0.9646 0.6075 0.963358 0.964591 0.964591 0 0.963358 -0.0629033 -0.0629033 2.11858 2.05568 2.05568 1.03664 0.607458 0.607458 0 1.03664 21.8884 21.8884 1.02 22.9084 9 
0.032 1.16 9.00 0.9766 0.5864 0.958123 0.976613 0.976613 0 0.958123 -0.942973 -0.942973 2.09846 1.15549 1.15549 1.04188 0.586403 0.586403 0 1.04188 23.2292 23.2292 1.02 24.2492 9 
0.033 2.91 9.00 0.9421 0.6720 0.958123 0.942074 0.942075 0 0.958123 0.818479 0.818479 2.09597 2.91445 2.91445 1.04188 0.672039 0.672039 0 1.04188 18.8617 18.8617 1.02 19.8817 9 
0.034 9.00 9.00 0.8041 0.6483 0.955506 0.804075 0.804075 0 0.955506 7.72299 7.72299 2.2668 9.98979 9 1.04449 0.648322 0.648322 0 1.04449 20.2048 20.2048 1.02 21.2248 9 
0.035 5.17 9.00 0.8985 0.6646 0.955506 0.898539 0.898539 0 0.955506 2.90533 2.90533 2.2668 5.17213 5.17213 1.04449 0.664563 0.664563 0 1.04449 19.3765 19.3765 1.02 20.3965 9 
0.036 5.48 9.00 0.8941 0.6793 0.952889 0.894104 0.894104 0 0.952889 2.99804 2.99804 2.48122 5.47926 5.47926 1.04711 0.679272 0.679272 0 1.04711 18.7598 18.7598 1.02 19.7798 9 
0.037 2.96 9.00 0.9422 0.6665 0.950271 0.942189 0.942189 0 0.950271 0.412226 0.412226 2.54943 2.96165 2.96165 1.04973 0.666542 0.666542 0 1.04973 19.5425 19.5425 1.02 20.5625 9 
0.038 3.35 9.00 0.9351 0.6454 0.950271 0.935108 0.935108 0 0.950271 0.773353 0.773353 2.57314 3.34649 3.34649 1.04973 0.645421 0.645421 0 1.04973 20.6197 20.6197 1.02 21.6397 9 
0.039 3.52 9.00 0.9271 0.6492 0.945037 0.927072 0.927072 0 0.945037 0.916216 0.916216 2.60693 3.52315 3.52315 1.05496 0.649187 0.649187 0 1.05496 20.6946 20.6946 1.02 21.7146 9 
0.040 9.00 9.00 0.7977 0.6380 0.945037 0.797734 0.797734 0 0.945037 7.51246 7.51246 2.7755 10.288 9 1.05496 0.637967 0.637967 0 1.05496 21.2668 21.2668 1.02 22.2868 9 
0.041 9.00 9.00 0.8178 0.6343 0.945037 0.817819 0.817819 0 0.945037 6.48811 6.48811 2.7755 9.26362 9 1.05496 0.63431 0.63431 0 1.05496 21.4533 21.4533 1.02 22.4733 9 
0.042 7.40 9.00 0.8518 0.5904 0.94242 0.851786 0.851786 0 0.94242 4.62232 4.62232 2.7755 7.39782 7.39782 1.05758 0.590439 0.590439 0 1.05758 23.8242 23.8242 1.02 24.8442 9 
0.043 3.75 9.00 0.9265 0.6369 0.94242 0.926498 0.926498 0 0.94242 0.811983 0.811983 2.94199 3.75398 3.75398 1.05758 0.636882 0.636882 0 1.05758 21.4556 21.4556 1.02 22.4756 9 
0.044 4.93 9.00 0.9018 0.5979 0.939802 0.901784 0.901784 0 0.939802 1.93891 1.93891 2.99701 4.93592 4.93592 1.0602 0.597853 0.597853 0 1.0602 23.5796 23.5796 1.02 24.5996 9 
0.045 2.28 9.00 0.9491 0.5798 0.934568 0.949146 0.949146 0 0.934568 -0.743495 -0.743495 3.02092 2.27742 2.27742 1.06543 0.579794 0.579794 0 1.06543 24.7675 24.7675 1.02 25.7875 9 
0.046 3.78 9.00 0.9197 0.6110 0.934568 0.919694 0.919694 0 0.934568 0.758558 0.758558 3.02122 3.77978 3.77978 1.06543 0.611013 0.611013 0 1.06543 23.1754 23.1754 1.02 24.1954 9 
0.047 2.62 9.00 0.9400 0.6212 0.93195 0.939983 0.939983 0 0.93195 -0.409642 -0.409642 3.0282 2.61856 2.61856 1.06805 0.621237 0.621237 0 1.06805 22.7874 22.7874 1.02 23.8074 9 
0.048 3.15 9.00 0.9269 0.6035 0.929333 0.926895 0.926895 0 0.929333 0.124326 0.124326 3.02249 3.14682 3.14682 1.07067 0.603477 0.603477 0 1.07067 23.8267 23.8267 1.02 24.8467 9 
0.049 3.53 9.00 0.9196 0.6294 0.929333 0.919564 0.919564 0 0.929333 0.498241 0.498241 3.03494 3.53318 3.53318 1.07067 0.6294 0.6294 0 1.07067 22.5046 22.5046 1.02 23.5246 9 
0.050 2.15 9.00 0.9440 0.6282 0.926716 0.94397 0.94397 0 0.926716 -0.879957 -0.879957 3.02731 2.14735 2.14735 1.07328 0.628202 0.628202 0 1.07328 22.6992 22.6992 1.02 23.7192 9 
0.051 3.80 9.00 0.9115 0.6349 0.926716 0.911493 0.911493 0 0.926716 0.776359 0.776359 3.02524 3.8016 3.8016 1.07328 0.634941 0.634941 0 1.07328 22.3555 22.3555 1.02 23.3755 9 
0.052 3.69 9.00 0.9091 0.6694 0.921481 0.909089 0.909089 0 0.921481 0.632012 0.632012 3.0534 3.68542 3.68542 1.07852 0.669383 0.669383 0 1.07852 20.8659 20.8659 1.02 21.8859 9 
0.053 2.69 9.00 0.9286 0.6639 0.921481 0.928597 0.928597 0 0.921481 -0.362917 -0.362917 3.05879 2.69587 2.69587 1.07852 0.663883 0.663883 0 1.07852 21.1464 21.1464 1.02 22.1664 9 
0.054 2.97 9.00 0.9230 0.6669 0.921481 0.922963 0.922963 0 0.921481 -0.0755947 -0.0755947 3.05002 2.97442 2.97442 1.07852 0.666884 0.666884 0 1.07852 20.9934 20.9934 1.02 22.0134 9 
0.055 3.24 9.00 0.9152 0.6244 0.918864 0.915156 0.915156 0 0.918864 0.18912 0.18912 3.05229 3.24141 3.24141 1.08114 0.624384 0.624384 0 1.08114 23.2943 23.2943 1.02 24.3143 9 
0.056 3.31 9.00 0.9115 0.7247 0.916247 0.91145 0.91145 0 0.916247 0.244607 0.244607 3.06096 3.30557 3.30557 1.08375 0.7247 0.7247 0 1.08375 18.3117 18.3117 1.02 19.3317 9 
0.057 4.44 9.00 0.8898 0.6843 0.916247 0.889793 0.889793 0 0.916247 1.34912 1.34912 3.09284 4.44195 4.44195 1.08375 0.684272 0.684272 0 1.08375 20.3735 20.3735 1.02 21.3935 9 
0.058 1.41 9.00 0.9491 0.7624 0.916247 0.949053 0.949053 0 0.916247 -1.67315 -1.67315 3.08636 1.4132 1.4132 1.08375 0.762409 0.762409 0 1.08375 16.3886 16.3886 1.02 17.4086 9 
0.059 3.93 9.00 0.8968 0.7383 0.913629 0.896821 0.896821 0 0.913629 0.85721 0.85721 3.07004 3.92725 3.92725 1.08637 0.738259 0.738259 0 1.08637 17.7537 17.7537 1.02 18.7737 9 
0.060 2.96 9.00 0.9135 0.7406 0.911012 0.913481 0.913481 0 0.911012 -0.125931 -0.125931 3.08466 2.95873 2.95873 1.08899 0.740631 0.740631 0 1.08899 17.7662 17.7662 1.02 18.7862 9 
0.061 2.16 9.00 0.9288 0.7789 0.911012 0.928752 0.928752 0 0.911012 -0.904744 -0.904744 3.06405 2.15931 2.15931 1.08899 0.778923 0.778923 0 1.08899 15.8133 15.8133 1.02 16.8333 9 
0.062 3.66 9.00 0.8993 0.7617 0.911012 0.899265 0.899265 0 0.911012 0.599106 0.599106 3.05794 3.65704 3.65704 1.08899 0.761678 0.761678 0 1.08899 16.6928 16.6928 1.02 17.7128 9 
0.063 4.09 9.00 0.8914 0.7800 0.911012 0.891361 0.891361 0 0.911012 1.00218 1.00218 3.08996 4.09214 4.09214 1.08899 0.779968 0.779968 0 1.08899 15.76 15.76 1.02 16.78 9 
0.064 1.41 9.00 0.9411 0.7753 0.908395 0.941073 0.941073 0 0.908395 -1.66659 -1.66659 3.07667 1.41008 1.41008 1.09161 0.775263 0.775263 0 1.09161 16.1334 16.1334 1.02 17.1534 9 
0.065 4.79 9.00 0.8747 0.7812 0.908395 0.874705 0.874705 0 0.908395 1.71817 1.71817 3.07771 4.79588 4.79588 1.09161 0.781188 0.781188 0 1.09161 15.8313 15.8313 1.02 16.8513 9 
0.066 1.93 9.00 0.9311 0.7735 0.908395 0.931128 0.931128 0 0.908395 -1.15941 -1.15941 3.08888 1.92947 1.92947 1.09161 0.773462 0.773462 0 1.09161 16.2253 16.2253 1.02 17.2453 9 
0.067 3.94 9.00 0.8915 0.7858 0.908395 0.891545 0.891545 0 0.908395 0.859322 0.859322 3.08288 3.9422 3.9422 1.09161 0.785822 0.785822 0 1.09161 15.5949 15.5949 1.02 16.6149 9 
0.068 2.50 9.00 0.9174 0.7694 0.905777 0.917376 0.917376 0 0.905777 -0.591531 -0.591531 3.08823 2.4967 2.4967 1.09422 0.769413 0.769413 0 1.09422 16.5653 16.5653 1.02 17.5853 9 
0.069 2.33 9.00 0.9174 0.7576 0.90316 0.917441 0.917441 0 0.90316 -0.728324 -0.728324 3.06184 2.33351 2.33351 1.09684 0.757633 0.757633 0 1.09684 17.2996 17.2996 1.02 18.3196 9 
0.070 3.00 9.00 0.9040 0.7413 0.90316 0.903982 0.903982 0 0.90316 -0.0419345 -0.0419345 3.04643 3.0045 3.0045 1.09684 0.74128 0.74128 0 1.09684 18.1336 18.1336 1.02 19.1536 9 
0.071 3.41 9.00 0.8962 0.7999 0.90316 0.896161 0.896161 0 0.90316 0.356956 0.356956 3.05273 3.40969 3.40969 1.09684 0.799864 0.799864 0 1.09684 15.1458 15.1458 1.02 16.1658 9 
0.072 2.75 9.00 0.9090 0.7497 0.90316 0.909004 0.909004 0 0.90316 -0.298044 -0.298044 3.05391 2.75587 2.75587 1.09684 0.749742 0.749742 0 1.09684 17.702 17.702 1.02 18.722 9 
0.073 3.08 9.00 0.9000 0.7696 0.900543 0.899992 0.899992 0 0.900543 0.0280729 0.0280729 3.04851 3.07658 3.07658 1.09946 0.769595 0.769595 0 1.09946 16.823 16.823 1.02 17.843 9 
0.074 1.02 9.00 0.9395 0.7307 0.900543 0.939484 0.939484 0 0.900543 -1.986 -1.986 3.00935 1.02336 1.02336 1.09946 0.730696 0.730696 0 1.09946 18.8068 18.8068 1.02 19.8268 9 
0.075 1.44 9.00 0.9299 0.7455 0.900543 0.929905 0.929905 0 0.900543 -1.4975 -1.4975 2.93968 1.44218 1.44218 1.09946 0.745508 0.745508 0 1.09946 18.0514 18.0514 1.02 19.0714 9 
0.076 3.10 9.00 0.8969 0.7494 0.900543 0.896925 0.896925 0 0.900543 0.184518 0.184518 2.91342 3.09794 3.09794 1.09946 0.749425 0.749425 0 1.09946 17.8517 17.8517 1.02 18.8717 9 
0.077 9.00 9.00 0.7386 0.7475 0.900543 0.738553 0.738553 0 0.900543 8.26149 8.26149 3.08234 11.3438 9 1.09946 0.747497 0.747497 0 1.09946 17.95 17.95 1.02 18.97 9 
0.078 6.69 9.00 0.8272 0.7729 0.897925 0.827234 0.827234 0 0.897925 3.60525 3.60525 3.08234 6.68759 6.68759 1.10207 0.772909 0.772909 0 1.10207 16.7874 16.7874 1.02 17.8074 9 
0.079 8.51 9.00 0.7968 0.7607 0.897925 0.796803 0.796803 0 0.897925 5.15722 5.15722 3.35072 8.50794 8.50794 1.10207 0.760696 0.760696 0 1.10207 17.4103 17.4103 1.02 18.4303 9 
0.080 4.54 9.00 0.8744 0.7897 0.895308 0.874391 0.874391 0 0.895308 1.06679 1.06679 3.4752 4.54199 4.54199 1.10469 0.789662 0.789662 0 1.10469 16.0665 16.0665 1.02 17.0865 9 
0.081 4.48 9.00 0.8764 0.7756 0.895308 0.876378 0.876378 0 0.895308 0.965437 0.965437 3.51584 4.48128 4.48128 1.10469 0.775649 0.775649 0 1.10469 16.7812 16.7812 1.02 17.8012 9 
0.082 3.41 9.00 0.8978 0.8072 0.895308 0.897752 0.897752 0 0.895308 -0.124621 -0.124621 3.53266 3.40804 3.40804 1.10469 0.807241 0.807241 0 1.10469 15.17 15.17 1.02 16.19 9 
0.083 2.47 9.00 0.9157 0.7800 0.895308 0.915693 0.915694 0 0.895308 -1.03966 -1.03966 3.50937 2.46971 2.46971 1.10469 0.779999 0.779999 0 1.10469 16.5593 16.5593 1.02 17.5793 9 
0.084 3.83 9.00 0.8887 0.7956 0.895308 0.888677 0.888677 0 0.895308 0.338203 0.338203 3.49535 3.83355 3.83355 1.10469 0.795615 0.795615 0 1.10469 15.7629 15.7629 1.02 16.7829 9 
0.085 4.05 9.00 0.8821 0.7967 0.892691 0.882095 0.882095 0 0.892691 0.540395 0.540395 3.51292 4.05331 4.05331 1.10731 0.796722 0.796722 0 1.10731 15.8399 15.8399 1.02 16.8599 9 
0.086 2.31 9.00 0.9160 0.8288 0.892691 0.916038 0.916038 0 0.892691 -1.19072 -1.19072 3.49991 2.30919 2.30919 1.10731 0.828836 0.828836 0 1.10731 14.2021 14.2021 1.02 15.2221 9 
0.087 8.42 9.00 0.7976 0.8002 0.892691 0.797587 0.797587 0 0.892691 4.85031 4.85031 3.5731 8.42341 8.42341 1.10731 0.800176 0.800176 0 1.10731 15.6638 15.6638 1.02 16.6838 9 
0.088 4.38 9.00 0.8790 0.8302 0.892691 0.879048 0.879048 0 0.892691 0.695767 0.695767 3.68402 4.37979 4.37979 1.10731 0.830232 0.830232 0 1.10731 14.1309 14.1309 1.02 15.1509 9 
0.089 6.21 9.00 0.8445 0.8059 0.892691 0.844472 0.844472 0 0.892691 2.45916 2.45916 3.74712 6.20629 6.20629 1.10731 0.805905 0.805905 0 1.10731 15.3716 15.3716 1.02 16.3916 9 
0.090 4.14 9.00 0.8861 0.8420 0.892691 0.886129 0.886129 0 0.892691 0.334671 0.334671 3.803 4.13767 4.13767 1.10731 0.841953 0.841953 0 1.10731 13.5332 13.5332 1.02 14.5532 9 
0.091 4.08 9.00 0.8874 0.8406 0.892691 0.887421 0.887421 0 0.892691 0.268761 0.268761 3.81507 4.08383 4.08383 1.10731 0.840626 0.840626 0 1.10731 13.6008 13.6008 1.02 14.6208 9 
0.092 4.94 9.00 0.8686 0.8436 0.890074 0.868618 0.868618 0 0.890074 1.09423 1.09423 3.84233 4.93656 4.93656 1.10993 0.84363 0.84363 0 1.10993 13.5811 13.5811 1.02 14.6011 9 
0.093 5.09 9.00 0.8665 0.8424 0.890074 0.866454 0.866454 0 0.890074 1.20462 1.20462 3.8883 5.09293 5.09293 1.10993 0.842426 0.842426 0 1.10993 13.6425 13.6425 1.02 14.6625 9 
0.094 4.14 9.00 0.8857 0.8462 0.890074 0.885685 0.885685 0 0.890074 0.223802 0.223802 3.91687 4.14068 4.14068 1.10993 0.846197 0.846197 0 1.10993 13.4502 13.4502 1.02 14.4702 9 
0.095 4.88 9.00 0.8743 0.8658 0.892691 0.874273 0.874273 0 0.892691 0.939322 0.939322 3.94014 4.87946 4.87946 1.10731 0.865799 0.865799 0 1.10731 12.317 12.317 1.02 13.337 9 
0.096 4.15 9.00 0.8890 0.8067 0.892691 0.889021 0.889021 0 0.892691 0.187148 0.187148 3.96267 4.14981 4.14981 1.10731 0.806656 0.806656 0 1.10731 15.3333 15.3333 1.02 16.3533 9 
0.097 1.78 9.00 0.9321 0.8385 0.890074 0.932109 0.932108 0 0.890074 -2.14377 -2.14377 3.92353 1.77976 1.77976 1.10993 0.838472 0.838472 0 1.10993 13.8442 13.8442 1.02 14.8642 9 
0.098 2.40 9.00 0.9185 0.8335 0.890074 0.918501 0.918501 0 0.890074 -1.44979 -1.44979 3.85166 2.40187 2.40187 1.10993 0.833519 0.833519 0 1.10993 14.0968 14.0968 1.02 15.1168 9 
0.099 8.43 9.00 0.8015 0.8351 0.890074 0.801526 0.801526 0 0.890074 4.51592 4.51592 3.91298 8.4289 8.4289 1.10993 0.835128 0.835128 0 1.10993 14.0147 14.0147 1.02 15.0347 9 
0.100 3.53 9.00 0.8992 0.8339 0.890074 0.899182 0.899182 0 0.890074 -0.464514 -0.464514 3.99401 3.5295 3.5295 1.10993 0.833948 0.833948 0 1.10993 14.0749 14.0749 1.02 15.0949 9 
0.101 4.64 9.00 0.8775 0.8376 0.890074 0.877503 0.877503 0 0.890074 0.641074 0.641074 3.99754 4.63862 4.63862 1.10993 0.837625 0.837625 0 1.10993 13.8874 13.8874 1.02 14.9074 9 
0.102 1.69 9.00 0.9321 0.8629 0.887456 0.932064 0.932064 0 0.887456 -2.27499 -2.27499 3.96486 1.68987 1.68987 1.11254 0.862921 0.862921 0 1.11254 12.7308 12.7308 1.02 13.7508 9 
0.103 2.42 9.00 0.9162 0.8777 0.887456 0.916232 0.916232 0 0.887456 -1.46757 -1.46757 3.89001 2.42245 2.42245 1.11254 0.877662 0.877662 0 1.11254 11.979 11.979 1.02 12.999 9 
0.104 1.65 9.00 0.9299 0.7754 0.887456 0.92995 0.92995 0 0.887456 -2.16716 -2.16716 3.81732 1.65016 1.65016 1.11254 0.775387 0.775387 0 1.11254 17.195 17.195 1.02 18.215 9 
0.105 2.91 9.00 0.9040 0.8660 0.887456 0.903982 0.903982 0 0.887456 -0.842822 -0.842822 3.75712 2.9143 2.9143 1.11254 0.865953 0.865953 0 1.11254 12.5761 12.5761 1.02 13.5961 9 
0.106 3.81 9.00 0.8862 0.8652 0.887456 0.886189 0.886189 0 0.887456 0.0646148 0.0646148 3.74156 3.80617 3.80617 1.11254 0.865164 0.865164 0 1.11254 12.6164 12.6164 1.02 13.6364 9 
0.107 3.33 9.00 0.8954 0.8945 0.887456 0.895399 0.895398 0 0.887456 -0.405055 -0.405055 3.73475 3.32969 3.32969 1.11254 0.894494 0.894494 0 1.11254 11.1206 11.1206 1.02 12.1406 9 
0.108 1.05 9.00 0.9388 0.8717 0.887456 0.938827 0.938827 0 0.887456 -2.61991 -2.61991 3.67425 1.05434 1.05434 1.11254 0.871729 0.871729 0 1.11254 12.2816 12.2816 1.02 13.3016 9 
0.109 4.44 9.00 0.8717 0.9128 0.887456 0.87167 0.87167 0 0.887456 0.805076 0.805076 3.63795 4.44303 4.44303 1.11254 0.912775 0.912775 0 1.11254 10.1882 10.1882 1.02 11.2082 9 
0.110 2.37 9.00 0.9122 0.9343 0.887456 0.912219 0.912219 0 0.887456 -1.2629 -1.2629 3.62879 2.3659 2.3659 1.11254 0.9343 0.9343 0 1.11254 9.09044 9.09044 1.02 10.1104 9 
0.111 3.39 9.00 0.8915 0.8827 0.887456 0.891504 0.891504 0 0.887456 -0.206447 -0.206447 3.59941 3.39296 3.39296 1.11254 0.882715 0.882714 0 1.11254 11.7213 11.7213 1.02 12.7413 9 
0.112 2.51 9.00 0.9083 0.9016 0.887456 0.908262 0.908262 0 0.887456 -1.06109 -1.06109 3.57406 2.51296 2.51296 1.11254 0.901638 0.901638 0 1.11254 10.7562 10.7562 1.02 11.7762 9 
0.113 2.62 9.00 0.9054 0.9061 0.887456 0.90539 0.90539 0 0.887456 -0.914638 -0.914638 3.53454 2.6199 2.6199 1.11254 0.906149 0.906148 0 1.11254 10.5262 10.5262 1.02 11.5462 9 
0.114 4.62 9.00 0.8636 0.9116 0.884839 0.863553 0.863553 0 0.884839 1.08559 1.08559 3.53796 4.62355 4.62355 1.11516 0.9116 0.911599 0 1.11516 10.3816 10.3816 1.02 11.4016 9 
0.115 2.22 9.00 0.9132 0.9138 0.887456 0.913203 0.913203 0 0.887456 -1.31308 -1.31308 3.53341 2.22033 2.22033 1.11254 0.913846 0.913846 0 1.11254 10.1336 10.1336 1.02 11.1536 9 
0.116 3.44 9.00 0.8887 0.9085 0.887456 0.888737 0.888737 0 0.887456 -0.0653413 -0.0653413 3.50584 3.4405 3.4405 1.11254 0.908516 0.908516 0 1.11254 10.4054 10.4054 1.02 11.4254 9 
0.117 4.16 9.00 0.8749 0.9037 0.887456 0.874921 0.874921 0 0.887456 0.639293 0.639293 3.51732 4.15661 4.15661 1.11254 0.903668 0.903668 0 1.11254 10.6527 10.6527 1.02 11.6727 9 
0.119 5.36 9.00 0.8556 0.9284 0.890074 0.855585 0.855585 0 0.890074 1.75892 1.75892 3.59692 5.35584 5.35584 1.10993 0.928354 0.928353 0 1.10993 9.26022 9.26022 1.02 10.2802 9 
0.120 6.38 9.00 0.8373 0.9100 0.890074 0.837283 0.837283 0 0.890074 2.69233 2.69233 3.68594 6.37828 6.37828 1.10993 0.909981 0.909981 0 1.10993 10.1972 10.1972 1.02 11.2172 9 
0.121 9.00 9.00 0.7215 0.9140 0.890074 0.721518 0.721518 0 0.890074 8.59635 8.59635 3.91172 12.5081 9 1.10993 0.914017 0.914017 0 1.10993 9.99138 9.99138 1.02 11.0114 9 
0.122 6.67 9.00 0.8386 0.9234 0.892691 0.838617 0.838617 0 0.892691 2.75778 2.75778 3.91172 6.66949 6.66949 1.10731 0.923401 0.923401 0 1.10731 9.37932 9.37932 1.02 10.3993 9 
0.123 8.74 9.00 0.8031 0.9334 0.892691 0.80308 0.80308 0 0.892691 4.57015 4.57015 4.17505 8.7452 8.7452 1.10731 0.933382 0.933382 0 1.10731 8.8703 8.8703 1.02 9.8903 9 
0.124 4.88 9.00 0.8809 0.9337 0.892691 0.880878 0.880878 0 0.892691 0.602465 0.602465 4.2785 4.88096 4.88096 1.10731 0.93374 0.93374 0 1.10731 8.85203 8.85203 1.02 9.87203 9 
0.125 6.27 9.00 0.8546 0.9097 0.892691 0.854552 0.854552 0 0.892691 1.94507 1.94507 4.32945 6.27452 6.27452 1.10731 0.909662 0.909662 0 1.10731 10.08 10.08 1.02 11.1 9 
0.126 4.35 8.53 0.8930 0.9600 0.892691 0.893037 0.893038 0 0.892691 -0.0176888 -0.0176888 4.368 4.35031 4.35031 1.10731 0.960049 0.960049 0 1.10731 7.51026 7.51026 1.02 8.53026 8.53026 
0.127 2.99 9.00 0.9192 0.9428 0.892691 0.919173 0.919173 0 0.892691 -1.3506 -1.3506 4.34063 2.99003 2.99003 1.10731 0.942782 0.942781 0 1.10731 8.39092 8.39092 2.20782 10.5987 9 
0.128 4.14 8.77 0.8986 0.9760 0.895308 0.89858 0.89858 0 0.895308 -0.166878 -0.166878 4.31028 4.1434 4.1434 1.10469 0.975952 0.975952 0 1.10469 6.56575 6.56575 2.20782 8.77357 8.77357 
0.129 3.87 9.00 0.9010 0.9534 0.892691 0.901012 0.901012 0 0.892691 -0.424404 -0.424404 4.29846 3.87405 3.87405 1.10731 0.953351 0.953351 0 1.10731 7.85184 7.85184 2.53267 10.3845 9 
0.130 1.23 8.90 0.9541 0.9798 0.895308 0.954099 0.954099 0 0.895308 -2.99833 -2.99833 4.23 1.23167 1.23167 1.10469 0.979807 0.979807 0 1.10469 6.36914 6.36914 2.53267 8.90182 8.90182 
0.131 4.55 6.87 0.8879 1.0244 0.895308 0.887907 0.887907 0 0.895308 0.377475 0.377475 4.17759 4.55506 4.55506 1.10469 1.02439 1.02439 0 1.10469 4.09526 4.09526 2.77162 6.86687 6.86687 
0.132 1.84 9.00 0.9430 0.9704 0.897925 0.943033 0.943033 0 0.897925 -2.30047 -2.30047 4.13912 1.83866 1.83866 1.10207 0.970432 0.970432 0 1.10207 6.71379 6.71379 2.9878 9.70159 9 
0.133 3.10 7.05 0.9144 1.0250 0.895308 0.914425 0.914425 0 0.895308 -0.974964 -0.974964 4.07362 3.09865 3.09865 1.10469 1.02501 1.02501 0 1.10469 4.06364 4.06364 2.9878 7.05143 7.05143 
0.134 2.52 7.43 0.9273 1.0192 0.897925 0.927337 0.927337 0 0.897925 -1.49997 -1.49997 4.02412 2.52414 2.52414 1.10207 1.01919 1.01919 0 1.10207 4.22701 4.22701 3.20661 7.43363 7.43363 
0.135 3.08 7.53 0.9155 1.0206 0.897925 0.915478 0.915478 0 0.897925 -0.895195 -0.895195 3.97621 3.08102 3.08102 1.10207 1.02061 1.02061 0 1.10207 4.15481 4.15481 3.37425 7.52906 7.52906 
0.136 4.17 7.52 0.8964 1.0213 0.900543 0.896429 0.896429 0 0.900543 0.209797 0.209797 3.96251 4.1723 4.1723 1.09946 1.02128 1.02128 0 1.09946 3.98721 3.98721 3.53709 7.5243 7.5243 
0.137 4.32 8.96 0.8912 0.9993 0.897925 0.891178 0.891178 0 0.897925 0.344131 0.344131 3.97358 4.31772 4.31772 1.10207 0.999291 0.999291 0 1.10207 5.24196 5.24196 3.72167 8.96364 8.96364 
0.138 4.41 9.00 0.8922 0.9879 0.900543 0.892239 0.892239 0 0.900543 0.423468 0.423468 3.98894 4.4124 4.4124 1.09946 0.987934 0.987934 0 1.09946 5.68767 5.68767 3.94027 9.62794 9 
0.139 4.01 8.48 0.9003 1.0105 0.900543 0.900325 0.900325 0 0.900543 0.0110984 0.0110984 3.99763 4.00873 4.00873 1.09946 1.01052 1.01052 0 1.09946 4.53591 4.53591 3.94027 8.47618 8.47618 
0.140 1.60 9.00 0.9492 0.9993 0.90316 0.949169 0.949169 0 0.90316 -2.34647 -2.34647 3.95092 1.60445 1.60445 1.09684 0.999342 0.999342 0 1.09684 4.97239 4.97239 4.15347 9.12586 9 
0.141 1.38 8.30 0.9490 1.0182 0.900543 0.948984 0.948984 0 0.900543 -2.47052 -2.47052 3.85458 1.38407 1.38407 1.09946 1.01818 1.01818 0 1.09946 4.14517 4.14517 4.15347 8.29864 8.29864 
0.142 2.72 8.93 0.9239 1.0069 0.90316 0.923927 0.923927 0 0.90316 -1.05911 -1.05911 3.78399 2.72488 2.72488 1.09684 1.00689 1.00689 0 1.09684 4.58762 4.58762 4.34467 8.93229 8.93229 
0.143 4.81 7.36 0.8829 1.0406 0.90316 0.882935 0.882935 0 0.90316 1.03149 1.03149 3.78344 4.81493 4.81493 1.09684 1.04057 1.04057 0 1.09684 2.86983 2.86983 4.49382 7.36365 7.36365 
0.144 3.62 6.33 0.9094 1.0600 0.905777 0.909386 0.909386 0 0.905777 -0.184047 -0.184047 3.80039 3.61634 3.61634 1.09422 1.05997 1.05997 0 1.09422 1.74696 1.74696 4.58615 6.33311 6.33311 
0.145 5.00 9.00 0.8827 0.9986 0.905777 0.882694 0.882695 0 0.905777 1.17722 1.17722 3.82025 4.99747 4.99747 1.09422 0.998625 0.998625 0 1.09422 4.8755 4.8755 4.7186 9.5941 9 
0.146 5.52 9.00 0.8735 0.9997 0.905777 0.873508 0.873508 0 0.905777 1.64573 1.64573 3.87671 5.52244 5.52244 1.09422 0.999727 0.999727 0 1.09422 4.81928 4.81928 4.7186 9.53789 9 
0.147 4.59 7.53 0.8928 1.0392 0.905777 0.892751 0.892751 0 0.905777 0.664353 0.664353 3.92291 4.58726 4.58726 1.09422 1.03915 1.03915 0 1.09422 2.80857 2.80857 4.7186 7.52717 7.52717 
0.148 3.21 9.00 0.9223 1.0027 0.908395 0.922329 0.922329 0 0.908395 -0.710677 -0.710677 3.92198 3.21131 3.21131 1.09161 1.00274 1.00274 0 1.09161 4.53221 4.53221 4.90676 9.43896 9 
0.149 5.33 7.45 0.8811 1.0418 0.908395 0.881117 0.881117 0 0.908395 1.39117 1.39117 3.93559 5.32677 5.32677 1.09161 1.04177 1.04177 0 1.09161 2.54183 2.54183 4.90676 7.44859 7.44859 
0.150 5.77 6.19 0.8763 1.0661 0.911012 0.876279 0.876279 0 0.911012 1.77137 1.77137 3.99884 5.77021 5.77021 1.08899 1.06606 1.06606 0 1.08899 1.16925 1.16925 5.02079 6.19003 6.19003 
0.151 5.35 9.00 0.8831 1.0128 0.908395 0.883095 0.883095 0 0.908395 1.2903 1.2903 4.06008 5.35038 5.35038 1.09161 1.0128 1.0128 0 1.09161 4.01885 4.01885 5.12455 9.1434 9 
0.152 3.79 7.90 0.9167 1.0346 0.911012 0.916663 0.916663 0 0.911012 -0.288222 -0.288222 4.08012 3.7919 3.7919 1.08899 1.03463 1.03463 0 1.08899 2.7725 2.7725 5.12455 7.89705 7.89705 
0.153 -9.00 -9.00 0.8859 1.0233 -0.088988 0.885867 0.885867 0 -0.088988 -49.7176 -49.7176 3.08 -46.6376 -9 0.088988 1.02329 1.02329 0 0.088988 -47.6494 -47.6494 4.25194 -43.3974 -9 
0.154 -9.00 -9.00 0.9044 1.0473 -0.0863707 0.90436 0.90436 0 -0.0863707 -50.5273 -50.5273 3.08 -47.4473 -9 0.0863707 1.04734 1.04734 0 0.0863707 -49.0095 -49.0095 4.25194 -44.7575 -9 
0.155 -9.00 -9.00 0.8418 0.9964 -0.0863707 0.841825 0.841825 0 -0.0863707 -47.338 -47.338 3.08 -44.258 -9 0.0863707 0.996351 0.996351 0 0.0863707 -46.409 -46.409 4.25194 -42.1571 -9 
0.156 -9.00 -9.00 0.7529 0.8941 -0.0837534 0.752946 0.752946 0 -0.0837534 -42.6717 -42.6717 3.08 -39.5917 -9 0.0837534 0.894104 0.894104 0 0.0837534 -41.3279 -41.3279 4.25194 -37.0759 -9 
0.157 -9.00 -9.00 0.6256 0.8586 -0.0837534 0.625558 0.625558 0 -0.0837534 -36.1749 -36.1749 3.08 -33.0949 -9 0.0837534 0.858584 0.858584 0 0.0837534 -39.5163 -39.5163 4.25194 -35.2644 -9 
0.158 -9.00 -9.00 0.5399 0.7267 -0.0837534 0.539925 0.539925 0 -0.0837534 -31.8076 -31.8076 3.08 -28.7276 -9 0.0837534 0.726715 0.726715 0 0.0837534 -32.791 -32.791 4.25194 -28.5391 -9 
0.159 -9.00 -9.00 0.4869 0.6399 -0.0811361 0.486927 0.486926 0 -0.0811361 -28.9712 -28.9712 3.08 -25.8912 -9 0.0811361 0.639896 0.639896 0 0.0811361 -28.4968 -28.4968 4.25194 -24.2448 -9 
0.160 -9.00 -9.00 0.4076 0.5845 -0.0811361 0.407591 0.407591 0 -0.0811361 -24.9251 -24.9251 3.08 -21.8451 -9 0.0811361 0.584546 0.584546 0 0.0811361 -25.6739 -25.6739 4.25194 -21.422 -9 
0.161 -9.00 -9.00 0.3124 0.4984 -0.0811361 0.31243 0.31243 0 -0.0811361 -20.0719 -20.0719 3.08 -16.9919 -9 0.0811361 0.498443 0.498443 0 0.0811361 -21.2827 -21.2827 4.25194 -17.0307 -9 
0.162 -9.00 -9.00 0.3124 0.4500 -0.0785188 0.31243 0.31243 0 -0.0785188 -19.9384 -19.9384 3.08 -16.8584 -9 0.0785188 0.450043 0.450043 0 0.0785188 -18.9477 -18.9477 4.25194 -14.6958 -9 
0.164 -7.19 -9.00 0.1281 0.3436 -0.0732842 0.128087 0.128087 0 -0.0732842 -10.2699 -10.2699 3.08 -7.18991 -7.18991 0.0732842 0.343649 0.343649 0 0.0732842 -13.7886 -13.7886 4.25194 -9.53665 -9 
0.165 -6.66 -5.53 0.0974 0.2625 -0.0706669 0.0974133 0.0974134 0 -0.0706669 -8.57209 -8.57209 1.91421 -6.65789 -6.65789 0.0706669 0.262465 0.262465 0 0.0706669 -9.78171 -9.78171 4.25194 -5.52977 -5.52977 
0.166 -6.02 -6.68 0.0785 0.2625 -0.0706669 0.0785298 0.0785298 0 -0.0706669 -7.60904 -7.60904 1.59059 -6.01845 -6.01845 0.0706669 0.262465 0.262465 0 0.0706669 -9.78171 -9.78171 3.10332 -6.67839 -6.67839 
0.167 1.43 -3.30 -0.0679 0.1874 -0.0680496 -0.0679391 -0.0679391 0 -0.0680496 -0.00563662 -0.00563662 1.43829 1.43266 1.43266 0.0680496 0.187406 0.187406 0 0.0680496 -6.08717 -6.08717 2.78594 -3.30123 -3.30123 
0.168 1.57 -2.82 -0.0679 0.1709 -0.0654323 -0.0679391 -0.0679391 0 -0.0654323 0.127846 0.127846 1.44074 1.56858 1.56858 0.0654323 0.170907 0.170907 0 0.0654323 -5.37923 -5.37923 2.55661 -2.82262 -2.82262 
0.169 9.00 -3.17 -0.2624 0.1709 -0.062815 -0.262426 -0.262426 0 -0.062815 10.1802 10.1802 1.6469 11.8271 9 0.062815 0.170907 0.170907 0 0.062815 -5.51271 -5.51271 2.33877 -3.17394 -3.17394 
0.170 9.00 -2.13 -0.2346 0.1467 -0.062815 -0.234555 -0.234555 0 -0.062815 8.75876 8.75876 1.6469 10.4057 9 0.062815 0.146684 0.146684 0 0.062815 -4.27732 -4.27732 2.14297 -2.13435 -2.13435 
0.171 9.00 -0.42 -0.2168 0.1078 -0.0601978 -0.216776 -0.216776 0 -0.0601978 7.9855 7.9855 1.6469 9.6324 9 0.0601978 0.107836 0.107836 0 0.0601978 -2.42956 -2.42956 2.00883 -0.42073 -0.42073 
0.172 9.00 0.02 -0.2168 0.0948 -0.0575805 -0.216776 -0.216776 0 -0.0575805 8.11898 8.11898 1.6469 9.76588 9 0.0575805 0.0948143 0.0948144 0 0.0575805 -1.89893 -1.89893 1.92226 0.023333 0.023333 
0.173 6.08 -0.05 -0.1444 0.0948 -0.0575805 -0.144433 -0.144433 0 -0.0575805 4.42948 4.42948 1.6469 6.07638 6.07638 0.0575805 0.0948143 0.0948144 0 0.0575805 -1.89893 -1.89893 1.84631 -0.0526243 -0.0526243 
0.174 -7.92 0.01 0.1277 0.0948 -0.0601978 0.127662 0.127662 0 -0.0601978 -9.58085 -9.58085 1.65888 -7.92197 -7.92197 0.0601978 0.0948143 0.0948144 0 0.0601978 -1.76545 -1.76545 1.77302 0.00756991 0.00756991 
0.175 -8.17 -1.64 0.1277 0.1226 -0.0575805 0.127662 0.127662 0 -0.0575805 -9.44737 -9.44737 1.27832 -8.16905 -8.16905 0.0575805 0.122607 0.122607 0 0.0575805 -3.31633 -3.31633 1.67138 -1.64495 -1.64495 
0.176 -9.00 -1.64 0.2516 0.1226 -0.0601978 0.251639 0.251639 0 -0.0601978 -15.9037 -15.9037 0.771298 -15.1324 -9 0.0601978 0.122607 0.122607 0 0.0601978 -3.18285 -3.18285 1.5414 -1.64145 -1.64145 
0.177 -9.00 -6.15 0.3000 0.2069 -0.0601978 0.300004 0.300004 0 -0.0601978 -18.3703 -18.3703 0.771298 -17.599 -9 0.0601978 0.206901 0.206901 0 0.0601978 -7.48186 -7.48186 1.3281 -6.15376 -6.15376 
0.178 -9.00 -6.45 0.2546 0.2069 -0.0601978 0.254553 0.254553 0 -0.0601978 -16.0523 -16.0523 0.771298 -15.281 -9 0.0601978 0.206901 0.206901 0 0.0601978 -7.48186 -7.48186 1.02883 -6.45303 -6.45303 
0.179 -9.00 -9.00 0.2265 0.2525 -0.0601978 0.226496 0.226496 0 -0.0601978 -14.6214 -14.6214 0.771298 -13.8501 -9 0.0601978 0.252472 0.252472 0 0.0601978 -9.806 -9.806 0.683073 -9.12293 -9 
0.180 -9.00 -9.00 0.2213 0.2792 -0.0575805 0.221302 0.221302 0 -0.0575805 -14.223 -14.223 0.771298 -13.4517 -9 0.0575805 0.279236 0.279236 0 0.0575805 -11.3044 -11.3044 0.683073 -10.6214 -9 
0.181 -9.00 -9.00 0.1432 0.2792 -0.0575805 0.143199 0.143199 0 -0.0575805 -10.2397 -10.2397 0.771298 -9.46845 -9 0.0575805 0.279236 0.279236 0 0.0575805 -11.3044 -11.3044 0.683073 -10.6214 -9 
0.182 -7.43 -8.76 0.1058 0.2401 -0.0549632 0.105805 0.105805 0 -0.0549632 -8.19916 -8.19916 0.771298 -7.42787 -7.42787 0.0549632 0.240074 0.240074 0 0.0549632 -9.44068 -9.44068 0.683073 -8.7576 -8.7576 
0.183 3.00 -9.00 -0.1012 0.2401 -0.0523459 -0.101225 -0.101225 0 -0.0523459 2.49284 2.49284 0.503082 2.99592 2.99592 0.0523459 0.240074 0.240074 0 0.0523459 -9.57416 -9.57416 0.295469 -9.27869 -9 
0.184 3.23 -4.94 -0.1012 0.1523 -0.0497286 -0.101225 -0.101225 0 -0.0497286 2.62633 2.62633 0.605465 3.23179 3.23179 0.0497286 0.152309 0.152309 0 0.0497286 -5.23159 -5.23159 0.295469 -4.93612 -4.93612 
0.185 3.34 -5.23 -0.1012 0.1523 -0.0497286 -0.101225 -0.101225 0 -0.0497286 2.62633 2.62633 0.710518 3.33684 3.33684 0.0497286 0.152309 0.152309 0 0.0497286 -5.23159 -5.23159 -0.000645638 -5.23224 -5.23224 
0.186 5.61 -5.58 -0.1402 0.1523 -0.0471113 -0.140224 -0.140224 0 -0.0471113 4.74874 4.74874 0.85802 5.60676 5.60676 0.0471113 0.152309 0.152309 0 0.0471113 -5.36507 -5.36507 -0.212579 -5.57765 -5.57765 
0.187 5.80 -4.83 -0.1402 0.1337 -0.0471113 -0.140224 -0.140224 0 -0.0471113 4.74874 4.74874 1.04797 5.79671 5.79671 0.0471113 0.133748 0.133748 0 0.0471113 -4.41846 -4.41846 -0.40825 -4.82671 -4.82671 
0.188 5.79 -3.28 -0.1365 0.1006 -0.0471113 -0.136549 -0.136549 0 -0.0471113 4.56134 4.56134 1.23417 5.79551 5.79551 0.0471113 0.100599 0.100599 0 0.0471113 -2.7279 -2.7279 -0.551177 -3.27907 -3.27907 
0.189 -7.50 -2.21 0.1199 0.0806 -0.0497286 0.119858 0.119858 0 -0.0497286 -8.6489 -8.6489 1.15242 -7.49648 -7.49648 0.0497286 0.0806007 0.0806007 0 0.0497286 -1.57448 -1.57448 -0.637224 -2.2117 -2.2117 
0.190 -7.84 -1.58 0.1199 0.0673 -0.0497286 0.119858 0.119858 0 -0.0497286 -8.6489 -8.6489 0.806463 -7.84244 -7.84244 0.0497286 0.0672774 0.0672774 0 0.0497286 -0.894991 -0.894991 -0.686614 -1.58161 -1.58161 
0.191 -9.00 -0.98 0.1746 0.0577 -0.0523459 0.17457 0.17457 0 -0.0523459 -11.5727 -11.5727 0.402031 -11.1707 -9 0.0523459 0.0577015 0.0577015 0 0.0523459 -0.273139 -0.273139 -0.709976 -0.983115 -0.983115 
0.192 -9.00 -0.62 0.1746 0.0505 -0.0523459 0.17457 0.17457 0 -0.0523459 -11.5727 -11.5727 0.402031 -11.1707 -9 0.0523459 0.0505041 0.0505041 0 0.0523459 0.0939315 0.0939315 -0.71356 -0.619629 -0.619629 
0.193 -9.00 -0.33 0.1746 0.0449 -0.0523459 0.17457 0.17457 0 -0.0523459 -11.5727 -11.5727 0.402031 -11.1707 -9 0.0523459 0.0449128 0.0449128 0 0.0523459 0.379087 0.379087 -0.7041 -0.325013 -0.325013 
0.194 -8.61 -0.08 0.1244 0.0404 -0.0523459 0.124391 0.124391 0 -0.0523459 -9.01361 -9.01361 0.402031 -8.61158 -8.61158 0.0523459 0.0404361 0.0404361 0 0.0523459 0.607398 0.607398 -0.68437 -0.0769724 -0.0769724 
0.195 -7.51 0.14 0.0952 0.0368 -0.0523459 0.0952398 0.0952398 0 -0.0523459 -7.52687 -7.52687 0.0200394 -7.50683 -7.50683 0.0523459 0.0367801 0.0367801 0 0.0523459 0.793852 0.793852 -0.656345 0.137507 0.137507 
0.196 1.62 0.19 -0.0835 0.0337 -0.0497286 -0.0834897 -0.0834897 0 -0.0497286 1.72182 1.72182 -0.0960616 1.62576 1.62576 0.0497286 0.033715 0.033715 0 0.0497286 0.816691 0.816691 -0.624134 0.192556 0.192556 
0.197 1.83 0.15 -0.0835 0.0325 -0.0471113 -0.0834897 -0.0834897 0 -0.0471113 1.8553 1.8553 -0.0245192 1.83078 1.83078 0.0471113 0.0325206 0.0325207 0 0.0471113 0.744123 0.744123 -0.592918 0.151205 0.151205 
0.198 9.00 0.04 -0.2322 0.0325 -0.044494 -0.232238 -0.232238 0 -0.044494 9.57494 9.57494 0.204086 9.77902 9 0.044494 0.0325206 0.0325207 0 0.044494 0.610641 0.610641 -0.565823 0.044818 0.044818 
0.199 9.00 0.07 -0.2322 0.0325 -0.044494 -0.232238 -0.232238 0 -0.044494 9.57494 9.57494 0.204086 9.77902 9 0.044494 0.0325206 0.0325207 0 0.044494 0.610641 0.610641 -0.541397 0.0692436 0.0692436 
0.200 7.77 -0.04 -0.1903 0.0325 -0.0418767 -0.190283 -0.190283 0 -0.0418767 7.56871 7.56871 0.204086 7.77279 7.77279 0.0418767 0.0325206 0.0325207 0 0.0418767 0.477159 0.477159 -0.519641 -0.0424823 -0.0424823 
0.201 8.25 -4.24 -0.1903 0.1110 -0.0392594 -0.190283 -0.190283 0 -0.0392594 7.70219 7.70219 0.549628 8.25182 8.25182 0.0392594 0.110977 0.110977 0 0.0392594 -3.65758 -3.65758 -0.58325 -4.24083 -4.24083 
0.202 7.05 -4.39 -0.1612 0.1110 -0.0392594 -0.161225 -0.161225 0 -0.0392594 6.22025 6.22025 0.828077 7.04832 7.04832 0.0392594 0.110977 0.110977 0 0.0392594 -3.65758 -3.65758 -0.729553 -4.38713 -4.38713 
