%% logfile from robot Freja (4)
% Freja (4)
%  1    time 0.015 sec
%  2  3 Wheel velocity [m/s] left, right: -0.7717 -0.4588
%  4  5  6  7 Pose x,y,h,tilt [m,m,rad,rad]: -0.00486816 -5.83982e-06 0.00523459 -0.632399
0.015 -0.7717 -0.4588 -0.0049 -0.0000 0.005235 -0.632399 
0.044 -0.7677 -0.7680 -0.0247 -0.0003 0.026173 -0.588755 
0.073 -0.9052 -0.9165 -0.0507 -0.0011 0.031408 -0.502777 
0.102 -1.0507 -1.1290 -0.0803 -0.0020 0.026173 -0.361048 
0.131 -1.4663 -1.4449 -0.1170 -0.0030 0.023556 -0.162738 
0.160 -1.5816 -1.5491 -0.1614 -0.0041 0.026173 0.106890 
0.189 -1.0777 -1.0733 -0.2014 -0.0052 0.028790 0.417099 
0.218 -0.5708 -0.3817 -0.2188 -0.0057 0.039259 0.567533 
0.247 -0.3723 -0.4085 -0.2309 -0.0062 0.039259 0.527592 
0.276 -0.1378 -0.0823 -0.2346 -0.0064 0.034025 0.456731 
0.305 -0.0255 -0.0508 -0.2356 -0.0064 0.036642 0.319493 
0.334 -0.0661 -0.0114 -0.2362 -0.0064 0.039259 0.183987 
0.363 -0.1916 -0.1201 -0.2393 -0.0066 0.041877 0.071828 
0.392 -0.3514 -0.3304 -0.2461 -0.0068 0.041877 0.000764 
0.421 -0.5486 -0.4575 -0.2581 -0.0074 0.044494 -0.035062 
0.450 -0.5760 -0.6367 -0.2739 -0.0081 0.044494 -0.037950 
0.479 -0.6868 -0.7334 -0.2934 -0.0089 0.044494 -0.016630 
0.508 -0.7442 -0.8024 -0.3144 -0.0099 0.044494 0.019126 
0.537 -0.7337 -0.7220 -0.3359 -0.0108 0.044494 0.057028 
0.566 -0.6249 -0.6890 -0.3566 -0.0117 0.044494 0.088528 
0.595 -0.6678 -0.6521 -0.3764 -0.0126 0.044494 0.109087 
0.624 -0.7163 -0.6217 -0.3951 -0.0134 0.044494 0.120384 
0.653 -0.6094 -0.6117 -0.4127 -0.0142 0.047111 0.122701 
0.682 -0.6394 -0.5992 -0.4303 -0.0151 0.049729 0.121520 
0.711 -0.5115 -0.6107 -0.4480 -0.0159 0.047111 0.119394 
0.740 -0.5644 -0.5412 -0.4654 -0.0168 0.047111 0.116811 
0.769 -0.5414 -0.6282 -0.4830 -0.0176 0.044494 0.119939 
0.798 -0.6603 -0.5986 -0.5005 -0.0184 0.044494 0.125331 
0.827 -0.6353 -0.5741 -0.5175 -0.0191 0.044494 0.131319 
0.856 -0.6477 -0.5217 -0.5339 -0.0198 0.041877 0.135549 
0.885 -0.4813 -0.5445 -0.5499 -0.0205 0.039259 0.133009 
0.914 -0.5281 -0.5263 -0.5659 -0.0211 0.041877 0.127395 
0.943 -0.5590 -0.4905 -0.5819 -0.0218 0.044494 0.128402 
0.972 -0.5035 -0.5442 -0.5973 -0.0225 0.044494 0.133811 
1.001 -0.5298 -0.5314 -0.6125 -0.0231 0.041877 0.140374 
1.030 -0.4402 -0.4816 -0.6271 -0.0238 0.047111 0.142237 
1.059 -0.4188 -0.5161 -0.6411 -0.0244 0.044494 0.140070 
1.088 -0.5103 -0.4719 -0.6547 -0.0250 0.041877 0.137966 
1.117 -0.4000 -0.4505 -0.6680 -0.0255 0.041877 0.136238 
1.146 -0.4776 -0.4400 -0.6808 -0.0261 0.039259 0.134708 
1.175 -0.3745 -0.4356 -0.6934 -0.0266 0.039259 0.134477 
1.204 -0.4529 -0.4075 -0.7053 -0.0270 0.036642 0.133955 
1.233 -0.3692 -0.4054 -0.7169 -0.0275 0.039259 0.133909 
1.262 -0.3819 -0.3470 -0.7280 -0.0279 0.036642 0.133517 
1.291 -0.3740 -0.3493 -0.7384 -0.0283 0.039259 0.132549 
1.320 -0.3325 -0.3564 -0.7485 -0.0287 0.039259 0.130226 
1.349 -0.2882 -0.3072 -0.7582 -0.0290 0.039259 0.129248 
1.378 -0.3774 -0.2709 -0.7674 -0.0294 0.041877 0.127563 
1.407 -0.3129 -0.2900 -0.7761 -0.0298 0.044494 0.126533 
1.436 -0.2687 -0.2736 -0.7842 -0.0302 0.044494 0.125820 
1.465 -0.2282 -0.2557 -0.7919 -0.0305 0.044494 0.125303 
1.494 -0.2381 -0.2332 -0.7988 -0.0308 0.044494 0.123327 
1.523 -0.2070 -0.1979 -0.8049 -0.0311 0.044494 0.120500 
1.552 -0.1949 -0.2041 -0.8107 -0.0313 0.041877 0.117799 
1.581 -0.1671 -0.1796 -0.8162 -0.0316 0.039259 0.113082 
1.610 -0.1749 -0.1659 -0.8211 -0.0318 0.039259 0.109290 
1.639 -0.1230 -0.1381 -0.8255 -0.0319 0.039259 0.107364 
1.668 -0.1223 -0.1366 -0.8296 -0.0321 0.039259 0.104706 
1.697 -0.1098 -0.1315 -0.8330 -0.0322 0.036642 0.103045 
1.726 -0.0986 -0.1050 -0.8363 -0.0324 0.036642 0.099786 
1.755 -0.0737 -0.0875 -0.8387 -0.0324 0.036642 0.097621 
1.784 -0.0524 -0.0647 -0.8407 -0.0325 0.036642 0.095536 
1.813 -0.0596 -0.0592 -0.8425 -0.0326 0.039259 0.090269 
1.842 -0.0474 -0.0410 -0.8440 -0.0326 0.036642 0.089955 
1.871 -0.0136 -0.0179 -0.8446 -0.0327 0.034025 0.087021 
1.900 -0.0183 -0.0139 -0.8448 -0.0327 0.036642 0.084420 
1.929 -0.0079 -0.0118 -0.8450 -0.0327 0.034025 0.082682 
1.958 0.0056 0.0084 -0.8446 -0.0327 0.034025 0.083106 
1.987 0.0290 0.0134 -0.8440 -0.0326 0.031408 0.082608 
2.016 0.0600 0.0584 -0.8425 -0.0326 0.028790 0.079679 
2.045 0.0733 0.0773 -0.8405 -0.0325 0.028790 0.073016 
2.074 0.0997 0.1008 -0.8379 -0.0325 0.031408 0.066984 
2.103 0.1009 0.1064 -0.8350 -0.0324 0.031408 0.061210 
2.132 0.0939 0.1194 -0.8320 -0.0323 0.028790 0.055988 
2.161 0.1122 0.1122 -0.8286 -0.0322 0.031408 0.051508 
2.190 0.1158 0.1134 -0.8253 -0.0321 0.031408 0.048496 
2.219 0.1296 0.1331 -0.8217 -0.0320 0.031408 0.046591 
2.248 0.1181 0.1309 -0.8180 -0.0318 0.031408 0.046145 
2.277 0.1192 0.1568 -0.8140 -0.0317 0.031408 0.044859 
2.306 0.1873 0.1502 -0.8095 -0.0316 0.031408 0.044691 
2.335 0.1563 0.1618 -0.8050 -0.0314 0.031408 0.042237 
2.364 0.1905 0.1653 -0.8000 -0.0313 0.028790 0.039847 
2.393 0.1681 0.2166 -0.7947 -0.0311 0.028790 0.037630 
2.422 0.2110 0.1732 -0.7894 -0.0310 0.028790 0.033551 
2.451 0.1946 0.2209 -0.7838 -0.0308 0.028790 0.029044 
2.480 0.1772 0.1967 -0.7779 -0.0306 0.026173 0.026577 
2.509 0.1970 0.2179 -0.7720 -0.0305 0.028790 0.025183 
2.538 0.2486 0.2054 -0.7659 -0.0303 0.028790 0.022979 
2.567 0.1847 0.2259 -0.7598 -0.0301 0.028790 0.020841 
2.596 0.2404 0.2168 -0.7535 -0.0299 0.031408 0.018438 
2.625 0.2192 0.2264 -0.7471 -0.0297 0.031408 0.015335 
2.654 0.2396 0.2212 -0.7408 -0.0296 0.028790 0.013269 
2.683 0.2676 0.2215 -0.7343 -0.0294 0.028790 0.013231 
2.712 0.2248 0.2336 -0.7276 -0.0292 0.031408 0.011787 
2.741 0.1973 0.2451 -0.7209 -0.0290 0.028790 0.010376 
2.770 0.2285 0.2641 -0.7138 -0.0288 0.031408 0.008719 
2.799 0.2208 0.2409 -0.7069 -0.0286 0.031408 0.006042 
2.828 0.2223 0.2498 -0.6996 -0.0283 0.031408 0.004454 
2.857 0.2766 0.2454 -0.6927 -0.0281 0.031408 0.003672 
2.886 0.2809 0.2582 -0.6854 -0.0279 0.031408 0.001788 
2.915 0.2431 0.2543 -0.6781 -0.0276 0.031408 -0.000062 
2.944 0.2416 0.2282 -0.6710 -0.0274 0.034025 -0.002212 
2.973 0.2380 0.2319 -0.6637 -0.0272 0.034025 -0.003951 
3.002 0.2161 0.2427 -0.6564 -0.0269 0.034025 -0.004888 
3.031 0.2293 0.2403 -0.6493 -0.0267 0.031408 -0.005860 
3.060 0.2611 0.2476 -0.6422 -0.0264 0.034025 -0.006898 
3.089 0.2618 0.2528 -0.6349 -0.0262 0.034025 -0.007672 
3.118 0.2431 0.2521 -0.6278 -0.0259 0.036642 -0.009069 
3.147 0.2464 0.2245 -0.6207 -0.0257 0.034025 -0.009500 
3.176 0.2414 0.2386 -0.6139 -0.0254 0.034025 -0.009508 
3.205 0.2346 0.2302 -0.6070 -0.0252 0.034025 -0.010416 
3.234 0.2307 0.2306 -0.5999 -0.0250 0.031408 -0.012039 
3.263 0.2496 0.2343 -0.5928 -0.0247 0.034025 -0.014022 
3.292 0.2310 0.2248 -0.5863 -0.0245 0.034025 -0.015419 
3.321 0.2198 0.2255 -0.5796 -0.0243 0.031408 -0.015533 
3.350 0.2246 0.2304 -0.5733 -0.0241 0.034025 -0.015226 
3.379 0.2308 0.2248 -0.5668 -0.0238 0.034025 -0.015867 
3.408 0.1987 0.1889 -0.5607 -0.0236 0.034025 -0.015741 
3.437 0.2118 0.2014 -0.5547 -0.0234 0.034025 -0.015171 
3.466 0.2295 0.2012 -0.5490 -0.0232 0.034025 -0.014841 
3.495 0.2057 0.1793 -0.5429 -0.0230 0.034025 -0.013794 
3.524 0.1829 0.2097 -0.5372 -0.0228 0.034025 -0.013561 
3.553 0.1749 0.2079 -0.5314 -0.0226 0.036642 -0.014139 
3.582 0.2153 0.1936 -0.5255 -0.0224 0.034025 -0.013977 
3.611 0.1730 0.1942 -0.5200 -0.0222 0.036642 -0.014379 
3.640 0.1843 0.1860 -0.5147 -0.0220 0.036642 -0.014863 
3.669 0.1733 0.1759 -0.5093 -0.0218 0.039259 -0.015502 
3.698 0.1789 0.1597 -0.5042 -0.0217 0.036642 -0.014554 
3.727 0.1634 0.1787 -0.4989 -0.0215 0.036642 -0.013245 
3.756 0.1558 0.1557 -0.4941 -0.0213 0.036642 -0.013283 
3.785 0.1807 0.1753 -0.4890 -0.0211 0.034025 -0.014053 
3.814 0.1602 0.1526 -0.4843 -0.0209 0.036642 -0.013623 
3.843 0.1604 0.1535 -0.4797 -0.0208 0.034025 -0.013479 
3.872 0.1306 0.1473 -0.4754 -0.0206 0.036642 -0.013835 
3.901 0.1392 0.1450 -0.4709 -0.0205 0.036642 -0.014842 
3.930 0.1636 0.1467 -0.4669 -0.0203 0.036642 -0.014066 
3.959 0.1459 0.1445 -0.4628 -0.0202 0.036642 -0.011086 
3.988 0.1390 0.1298 -0.4588 -0.0200 0.036642 -0.007443 
4.017 0.1674 0.1439 -0.4547 -0.0199 0.036642 -0.008240 
4.046 0.1383 0.1349 -0.4509 -0.0197 0.039259 -0.009599 
4.075 0.1401 0.1401 -0.4470 -0.0196 0.036642 -0.010962 
4.104 0.1116 0.1297 -0.4436 -0.0194 0.039259 -0.010949 
4.133 0.1245 0.1124 -0.4399 -0.0193 0.039259 -0.010067 
4.162 0.0932 0.0975 -0.4369 -0.0192 0.036642 -0.009559 
4.191 0.1141 0.0924 -0.4336 -0.0191 0.036642 -0.008827 
4.220 0.1047 0.0876 -0.4306 -0.0190 0.034025 -0.007199 
4.249 0.1005 0.1055 -0.4276 -0.0188 0.036642 -0.006580 
4.278 0.0862 0.0869 -0.4249 -0.0188 0.034025 -0.006176 
4.307 0.1038 0.1076 -0.4221 -0.0187 0.034025 -0.005554 
4.336 0.1001 0.0861 -0.4195 -0.0186 0.036642 -0.006113 
4.365 0.0944 0.0852 -0.4168 -0.0185 0.034025 -0.005402 
4.394 0.0488 0.0814 -0.4146 -0.0184 0.036642 -0.005805 
4.423 0.0897 0.0768 -0.4124 -0.0183 0.034025 -0.004546 
4.452 0.0640 0.0668 -0.4105 -0.0182 0.036642 -0.004578 
4.481 0.0577 0.0679 -0.4085 -0.0182 0.036642 -0.003394 
4.510 0.0878 0.0705 -0.4065 -0.0181 0.036642 -0.001600 
4.539 0.0509 0.0618 -0.4049 -0.0180 0.036642 -0.001799 
4.568 0.0779 0.0645 -0.4032 -0.0180 0.036642 0.000748 
4.597 0.0377 0.0540 -0.4016 -0.0179 0.036642 0.000574 
4.626 0.0516 0.0493 -0.4000 -0.0179 0.036642 0.002223 
4.655 0.0461 0.0556 -0.3986 -0.0178 0.039259 0.000853 
4.684 0.0419 0.0381 -0.3978 -0.0178 0.039259 0.002213 
4.713 0.0509 0.0493 -0.3961 -0.0177 0.034025 0.004627 
4.742 0.0643 0.0429 -0.3947 -0.0177 0.036642 0.005201 
4.771 0.0542 0.0506 -0.3935 -0.0176 0.036642 0.004983 
4.800 0.0487 0.0469 -0.3921 -0.0176 0.039259 0.001860 
4.829 0.0146 0.0309 -0.3915 -0.0175 0.041877 0.004347 
4.858 0.0234 0.0336 -0.3905 -0.0175 0.039259 0.005605 
4.887 0.0329 0.0439 -0.3895 -0.0175 0.041877 0.003223 
4.916 0.0274 0.0207 -0.3886 -0.0174 0.041877 0.004627 
4.945 0.0117 0.0131 -0.3882 -0.0174 0.041877 0.009616 
4.974 0.0370 0.0327 -0.3872 -0.0174 0.039259 0.006950 
5.003 0.0327 0.0277 -0.3864 -0.0173 0.039259 0.004743 
5.032 0.0207 0.0171 -0.3860 -0.0173 0.039259 0.005631 
5.061 0.0094 0.0094 -0.3860 -0.0173 0.039259 0.009691 
5.090 0.0056 0.0059 -0.3858 -0.0173 0.041877 0.012458 
5.119 0.0049 0.0059 -0.3856 -0.0173 0.039259 0.013619 
5.148 0.0097 0.0103 -0.3852 -0.0173 0.039259 0.012839 
5.177 0.0205 0.0195 -0.3846 -0.0173 0.041877 0.009929 
5.206 0.0177 0.0168 -0.3840 -0.0172 0.039259 0.007728 
5.235 0.0125 0.0105 -0.3840 -0.0172 0.039259 0.008587 
5.264 0.0066 0.0060 -0.3840 -0.0172 0.039259 0.009508 
5.293 0.0045 0.0042 -0.3840 -0.0172 0.039259 0.010070 
5.322 -0.0034 0.0032 -0.3842 -0.0172 0.041877 0.010138 
5.351 -0.0327 0.0026 -0.3846 -0.0173 0.047111 0.009679 
5.380 -0.0213 -0.0473 -0.3854 -0.0173 0.041877 0.011258 
5.409 -0.0211 -0.0108 -0.3858 -0.0173 0.047111 0.013390 
5.438 -0.0136 -0.0075 -0.3862 -0.0173 0.047111 0.014653 
5.467 -0.0195 -0.0243 -0.3868 -0.0174 0.044494 0.019429 
5.496 -0.0271 -0.0180 -0.3874 -0.0174 0.047111 0.023737 
5.525 -0.0173 -0.0102 -0.3876 -0.0174 0.049729 0.025229 
5.554 -0.0144 -0.0059 -0.3878 -0.0174 0.052346 0.026123 
5.583 -0.0085 -0.0041 -0.3878 -0.0174 0.052346 0.026278 
5.612 -0.0053 -0.0032 -0.3878 -0.0174 0.052346 0.026508 
5.641 0.0553 0.0470 -0.3866 -0.0173 0.052346 0.027245 
5.670 0.0220 0.0114 -0.3864 -0.0173 0.049729 0.025146 
5.699 0.0446 0.0089 -0.3856 -0.0173 0.044494 0.018328 
5.728 0.0148 0.0144 -0.3852 -0.0173 0.044494 0.013496 
5.757 0.0495 0.0193 -0.3842 -0.0172 0.041877 0.011273 
5.786 0.0155 0.0286 -0.3836 -0.0172 0.044494 0.008535 
5.815 0.0098 0.0237 -0.3832 -0.0172 0.044494 0.005927 
5.844 0.0093 0.0093 -0.3832 -0.0172 0.044494 0.006409 
5.873 0.0056 0.0056 -0.3832 -0.0172 0.044494 0.006967 
5.902 -0.0045 0.0040 -0.3834 -0.0172 0.047111 0.006831 
5.931 -0.0404 -0.0355 -0.3844 -0.0173 0.049729 0.007250 
5.960 -0.0281 -0.0165 -0.3852 -0.0173 0.049729 0.012354 
5.989 -0.0179 -0.0188 -0.3856 -0.0173 0.049729 0.018141 
6.018 -0.0088 -0.0214 -0.3860 -0.0173 0.049729 0.021763 
6.047 -0.0373 -0.0169 -0.3868 -0.0174 0.049729 0.024310 
6.076 -0.0102 -0.0123 -0.3868 -0.0174 0.049729 0.025929 
6.105 -0.0059 -0.0066 -0.3868 -0.0174 0.049729 0.026698 
6.134 -0.0041 -0.0045 -0.3868 -0.0174 0.049729 0.027667 
6.163 0.0033 -0.0034 -0.3866 -0.0174 0.047111 0.029575 
6.192 0.0224 0.0477 -0.3856 -0.0173 0.049729 0.030236 
6.221 0.0252 0.0140 -0.3850 -0.0173 0.047111 0.029015 
6.250 0.0489 0.0475 -0.3836 -0.0172 0.044494 0.021137 
6.279 0.0405 0.0438 -0.3824 -0.0172 0.044494 0.012085 
6.308 0.0217 0.0361 -0.3816 -0.0171 0.044494 0.009852 
6.337 0.0196 0.0313 -0.3809 -0.0171 0.047111 0.007435 
6.366 0.0242 0.0216 -0.3803 -0.0171 0.044494 0.005555 
6.395 0.0156 0.0152 -0.3799 -0.0171 0.044494 0.006189 
6.424 0.0090 0.0073 -0.3799 -0.0171 0.044494 0.008425 
6.453 0.0085 0.0048 -0.3797 -0.0170 0.041877 0.010618 
6.482 0.0077 0.0036 -0.3797 -0.0170 0.041877 0.013218 
6.511 0.0049 0.0028 -0.3797 -0.0170 0.041877 0.015711 
6.540 0.0037 0.0024 -0.3797 -0.0170 0.041877 0.018103 
6.569 0.0029 0.0020 -0.3797 -0.0170 0.041877 0.019697 
6.598 0.0027 0.0018 -0.3795 -0.0170 0.039259 0.020697 
6.627 0.0114 0.0016 -0.3791 -0.0170 0.039259 0.022012 
6.656 0.0097 0.0157 -0.3787 -0.0170 0.039259 0.022357 
6.685 0.0315 0.0326 -0.3779 -0.0170 0.039259 0.018043 
6.714 0.0344 0.0342 -0.3769 -0.0169 0.041877 0.013049 
6.743 0.0200 0.0220 -0.3763 -0.0169 0.039259 0.011055 
6.772 0.0107 0.0156 -0.3761 -0.0169 0.041877 0.014488 
6.801 0.0065 0.0091 -0.3757 -0.0169 0.041877 0.017870 
6.830 0.0124 0.0277 -0.3751 -0.0169 0.044494 0.017399 
6.859 0.0310 0.0372 -0.3743 -0.0168 0.044494 0.013150 
6.888 0.0251 0.0273 -0.3734 -0.0168 0.044494 0.011345 
6.917 0.0224 0.0150 -0.3728 -0.0168 0.041877 0.011324 
6.946 0.0175 0.0124 -0.3724 -0.0167 0.041877 0.015411 
6.975 0.0110 0.0078 -0.3722 -0.0167 0.039259 0.019586 
7.004 0.0386 0.0426 -0.3712 -0.0167 0.041877 0.016980 
7.033 0.0379 0.0404 -0.3700 -0.0166 0.041877 0.012811 
7.062 0.0230 0.0275 -0.3692 -0.0166 0.041877 0.013112 
7.091 0.0379 0.0228 -0.3684 -0.0166 0.041877 0.016230 
7.120 0.0441 0.0434 -0.3672 -0.0165 0.041877 0.013856 
7.149 0.0242 0.0342 -0.3662 -0.0165 0.044494 0.011366 
7.178 0.0237 0.0294 -0.3653 -0.0164 0.044494 0.013774 
7.207 0.0332 0.0518 -0.3639 -0.0164 0.041877 0.014806 
7.236 0.0291 0.0544 -0.3627 -0.0163 0.041877 0.010957 
7.265 0.0675 0.0437 -0.3615 -0.0163 0.041877 0.012115 
7.294 0.0715 0.0446 -0.3599 -0.0162 0.041877 0.010881 
7.323 0.0175 0.0381 -0.3593 -0.0162 0.044494 0.008522 
7.352 0.0657 0.0345 -0.3578 -0.0161 0.041877 0.010259 
7.381 0.0338 0.0472 -0.3566 -0.0161 0.041877 0.010179 
7.410 0.0718 0.0491 -0.3552 -0.0160 0.044494 0.010891 
7.439 0.0664 0.0604 -0.3536 -0.0159 0.044494 0.009621 
7.468 0.0335 0.0461 -0.3526 -0.0159 0.047111 0.006301 
7.497 0.0810 0.0352 -0.3512 -0.0158 0.044494 0.007487 
7.526 0.0312 0.0489 -0.3497 -0.0158 0.047111 0.008056 
7.555 0.0439 0.0549 -0.3485 -0.0157 0.047111 0.008590 
7.584 0.0525 0.0502 -0.3473 -0.0156 0.047111 0.007315 
7.613 0.0431 0.0414 -0.3461 -0.0156 0.047111 0.005820 
7.642 0.0450 0.0379 -0.3451 -0.0155 0.049729 0.008188 
7.671 0.0242 0.0484 -0.3437 -0.0155 0.052346 0.008484 
7.700 0.0222 0.0427 -0.3426 -0.0154 0.054963 0.006069 
7.729 0.0516 0.0412 -0.3412 -0.0153 0.052346 0.006274 
7.758 0.0375 0.0404 -0.3400 -0.0153 0.052346 0.007372 
7.787 0.0316 0.0387 -0.3390 -0.0152 0.054963 0.005413 
7.816 0.0394 0.0359 -0.3382 -0.0152 0.054963 0.006161 
7.845 0.0478 0.0329 -0.3368 -0.0151 0.052346 0.008238 
7.874 0.0428 0.0463 -0.3356 -0.0150 0.052346 0.007185 
7.903 0.0407 0.0427 -0.3345 -0.0150 0.054963 0.006378 
7.932 0.0520 0.0429 -0.3333 -0.0149 0.054963 0.005001 
7.961 0.0335 0.0331 -0.3325 -0.0149 0.054963 0.004248 
7.990 0.0105 0.0301 -0.3319 -0.0148 0.057580 0.006431 
8.019 0.0612 0.0308 -0.3307 -0.0148 0.052346 0.010581 
8.048 0.0325 0.0476 -0.3295 -0.0147 0.057580 0.007302 
8.077 0.0146 0.0360 -0.3285 -0.0146 0.060198 0.004670 
8.106 0.0671 0.0200 -0.3277 -0.0146 0.054963 0.005907 
8.135 0.0336 0.0258 -0.3264 -0.0145 0.054963 0.006584 
8.164 0.0298 0.0340 -0.3254 -0.0145 0.057580 0.006477 
8.193 0.0427 0.0683 -0.3242 -0.0144 0.057580 0.007346 
8.222 0.0432 0.0231 -0.3232 -0.0143 0.054963 0.004901 
8.251 0.0157 0.0211 -0.3226 -0.0143 0.057580 0.003388 
8.280 0.0675 0.0370 -0.3212 -0.0142 0.054963 0.005233 
8.309 0.0280 0.0177 -0.3206 -0.0142 0.052346 0.006416 
8.338 0.0218 0.0431 -0.3196 -0.0141 0.054963 0.004524 
8.367 0.0087 0.0364 -0.3189 -0.0141 0.057580 0.004661 
8.396 0.0459 0.0245 -0.3179 -0.0141 0.054963 0.007510 
8.425 0.0322 0.0325 -0.3171 -0.0140 0.054963 0.004979 
8.454 0.0169 0.0301 -0.3165 -0.0140 0.057580 0.002229 
8.483 0.0104 0.0158 -0.3159 -0.0139 0.060198 0.004612 
8.512 0.0572 0.0138 -0.3153 -0.0139 0.052346 0.009129 
8.541 0.0366 0.0212 -0.3145 -0.0139 0.052346 0.008130 
8.570 0.0431 0.0243 -0.3137 -0.0138 0.052346 0.003853 
8.599 0.0112 0.0196 -0.3135 -0.0138 0.054963 0.001680 
8.628 0.0062 0.0103 -0.3135 -0.0138 0.054963 0.003734 
8.657 0.0043 0.0073 -0.3133 -0.0138 0.057580 0.006411 
8.686 0.0033 0.0073 -0.3133 -0.0138 0.057580 0.008423 
8.715 0.0027 0.0067 -0.3131 -0.0138 0.060198 0.009844 
8.744 0.0022 0.0067 -0.3131 -0.0138 0.060198 0.010624 
8.773 0.0021 0.0101 -0.3127 -0.0138 0.060198 0.011412 
8.802 0.0352 0.0075 -0.3123 -0.0137 0.054963 0.012335 
8.831 0.0146 0.0063 -0.3119 -0.0137 0.054963 0.010180 
8.860 0.0214 0.0124 -0.3115 -0.0137 0.054963 0.007131 
8.889 0.0099 0.0106 -0.3113 -0.0137 0.057580 0.006219 
8.918 0.0058 0.0106 -0.3113 -0.0137 0.057580 0.006297 
8.947 0.0041 0.0063 -0.3113 -0.0137 0.057580 0.006357 
8.976 0.0032 0.0044 -0.3113 -0.0137 0.057580 0.005940 
9.005 -0.0026 -0.0035 -0.3117 -0.0137 0.057580 0.005108 
9.034 -0.0224 -0.0319 -0.3125 -0.0138 0.057580 0.005425 
9.063 -0.0234 -0.0112 -0.3131 -0.0138 0.060198 0.009207 
9.092 -0.0197 -0.0117 -0.3135 -0.0138 0.060198 0.011294 
9.121 -0.0128 -0.0117 -0.3137 -0.0138 0.062815 0.011973 
9.150 -0.0377 -0.0262 -0.3147 -0.0139 0.065432 0.017144 
9.179 -0.0229 -0.0171 -0.3151 -0.0139 0.065432 0.021894 
9.208 -0.0095 -0.0107 -0.3151 -0.0139 0.065432 0.022507 
9.237 -0.0057 -0.0061 -0.3151 -0.0139 0.065432 0.022003 
9.266 0.0046 0.0046 -0.3147 -0.0139 0.065432 0.021918 
9.295 0.0315 0.0185 -0.3141 -0.0139 0.062815 0.020419 
9.324 0.0155 0.0189 -0.3135 -0.0138 0.065432 0.016521 
9.353 0.0298 0.0182 -0.3129 -0.0138 0.062815 0.010649 
9.382 0.0099 0.0114 -0.3129 -0.0138 0.062815 0.009419 
9.411 0.0075 0.0063 -0.3127 -0.0138 0.060198 0.010314 
9.440 0.0163 0.0046 -0.3123 -0.0137 0.060198 0.008565 
9.469 0.0152 0.0147 -0.3119 -0.0137 0.060198 0.005813 
9.498 0.0139 0.0104 -0.3117 -0.0137 0.057580 0.004549 
9.527 0.0072 0.0060 -0.3117 -0.0137 0.057580 0.004650 
9.556 0.0048 0.0042 -0.3117 -0.0137 0.057580 0.004289 
9.585 -0.0433 -0.0035 -0.3125 -0.0138 0.062815 0.003532 
9.614 -0.0193 -0.0240 -0.3131 -0.0138 0.060198 0.004597 
9.643 -0.0119 -0.0105 -0.3135 -0.0138 0.060198 0.006155 
9.672 -0.0289 -0.0338 -0.3143 -0.0139 0.060198 0.011857 
9.701 -0.0330 -0.0338 -0.3153 -0.0139 0.062815 0.019993 
9.730 -0.0233 -0.0200 -0.3159 -0.0140 0.065432 0.024589 
9.759 -0.0124 -0.0082 -0.3159 -0.0140 0.065432 0.026431 
9.788 0.0064 -0.0052 -0.3157 -0.0140 0.062815 0.026862 
9.817 0.0484 0.0046 -0.3151 -0.0139 0.060198 0.027044 
9.846 0.0395 0.0272 -0.3143 -0.0139 0.060198 0.021618 
9.875 0.0480 0.0376 -0.3133 -0.0138 0.062815 0.013373 
9.904 0.0193 0.0155 -0.3129 -0.0138 0.062815 0.007911 
9.933 0.0081 0.0074 -0.3129 -0.0138 0.062815 0.008182 
9.962 0.0230 0.0270 -0.3121 -0.0137 0.062815 0.010058 
9.991 0.0142 0.0132 -0.3117 -0.0137 0.062815 0.008488 
10.020 0.0087 0.0192 -0.3113 -0.0137 0.062815 0.005752 
10.049 0.0087 0.0145 -0.3111 -0.0137 0.065432 0.004635 
10.078 0.0058 0.0071 -0.3111 -0.0137 0.065432 0.005735 
10.107 0.0041 0.0047 -0.3111 -0.0137 0.065432 0.006536 
10.136 0.0032 0.0035 -0.3111 -0.0137 0.065432 0.006751 
10.165 -0.0402 -0.0029 -0.3117 -0.0137 0.068050 0.006683 
10.194 -0.0169 -0.0405 -0.3125 -0.0138 0.068050 0.007922 
10.224 -0.0131 -0.0116 -0.3127 -0.0138 0.065432 0.009997 
10.253 -0.0123 -0.0208 -0.3131 -0.0138 0.065432 0.013037 
10.282 -0.0071 -0.0210 -0.3135 -0.0138 0.060198 0.015431 
10.311 -0.0047 -0.0114 -0.3135 -0.0138 0.060198 0.017082 
10.340 -0.0035 -0.0063 -0.3135 -0.0138 0.060198 0.018109 
10.369 -0.0031 -0.0043 -0.3137 -0.0138 0.062815 0.018978 
10.398 -0.0031 -0.0033 -0.3137 -0.0138 0.062815 0.020014 
10.427 -0.0031 -0.0027 -0.3137 -0.0138 0.062815 0.021036 
10.456 0.0264 0.0024 -0.3131 -0.0138 0.060198 0.022537 
10.485 0.0126 0.0223 -0.3129 -0.0138 0.062815 0.024078 
10.514 0.0278 0.0120 -0.3123 -0.0137 0.060198 0.023264 
10.543 0.0446 0.0615 -0.3108 -0.0137 0.062815 0.014651 
10.572 0.0327 0.0500 -0.3096 -0.0136 0.062815 0.005448 
10.601 0.0134 0.0151 -0.3094 -0.0136 0.065432 0.000570 
10.630 0.0068 0.0073 -0.3094 -0.0136 0.065432 0.000660 
10.659 0.0046 0.0048 -0.3094 -0.0136 0.065432 0.003259 
10.688 0.0035 0.0042 -0.3092 -0.0136 0.068050 0.005016 
10.717 0.0028 0.0145 -0.3090 -0.0135 0.070667 0.006286 
10.746 0.0023 0.0091 -0.3090 -0.0135 0.070667 0.007200 
10.775 0.0020 0.0055 -0.3090 -0.0135 0.070667 0.007968 
10.804 0.0017 0.0039 -0.3090 -0.0135 0.070667 0.008427 
10.833 0.0015 -0.0031 -0.3092 -0.0136 0.068050 0.008770 
10.862 -0.0016 -0.0254 -0.3096 -0.0136 0.068050 0.009351 
10.891 -0.0016 -0.0108 -0.3098 -0.0136 0.065432 0.010529 
10.920 -0.0061 -0.0108 -0.3100 -0.0136 0.068050 0.012610 
10.949 -0.0110 -0.0100 -0.3104 -0.0136 0.068050 0.015382 
10.978 -0.0110 -0.0075 -0.3104 -0.0136 0.068050 0.017526 
11.007 -0.0069 -0.0049 -0.3104 -0.0136 0.068050 0.018326 
11.036 -0.0046 -0.0036 -0.3104 -0.0136 0.068050 0.019087 
11.065 -0.0035 -0.0029 -0.3104 -0.0136 0.068050 0.020222 
11.094 0.0564 0.0270 -0.3094 -0.0136 0.065432 0.021198 
11.123 0.0113 0.0161 -0.3092 -0.0136 0.068050 0.020541 
11.152 0.0409 0.0340 -0.3082 -0.0135 0.065432 0.016731 
11.181 0.0399 0.0409 -0.3072 -0.0134 0.068050 0.008924 
11.210 0.0299 0.0313 -0.3064 -0.0134 0.068050 0.003531 
11.239 0.0156 0.0097 -0.3062 -0.0133 0.065432 0.000691 
11.268 0.0116 0.0057 -0.3062 -0.0133 0.065432 0.001975 
11.297 0.0063 0.0041 -0.3062 -0.0133 0.065432 0.003542 
11.326 0.0044 0.0031 -0.3062 -0.0133 0.065432 0.004448 
11.355 -0.0041 -0.0028 -0.3066 -0.0134 0.065432 0.005127 
11.384 -0.0041 -0.0116 -0.3068 -0.0134 0.062815 0.006142 
11.413 -0.0279 -0.0116 -0.3072 -0.0134 0.068050 0.008483 
11.442 -0.0217 -0.0080 -0.3078 -0.0135 0.070667 0.011832 
11.471 -0.0227 -0.0080 -0.3080 -0.0135 0.073284 0.016133 
11.500 -0.0210 -0.0059 -0.3084 -0.0135 0.078519 0.019104 
11.529 -0.0111 -0.0041 -0.3084 -0.0135 0.078519 0.020454 
11.558 -0.0062 -0.0032 -0.3084 -0.0135 0.078519 0.021508 
11.587 0.0220 0.0376 -0.3074 -0.0134 0.081136 0.023153 
11.616 0.0347 0.0135 -0.3068 -0.0134 0.073284 0.021322 
11.645 0.0498 0.0241 -0.3058 -0.0133 0.070667 0.013660 
11.674 0.0171 0.0259 -0.3054 -0.0133 0.070667 0.006218 
11.703 0.0332 0.0180 -0.3046 -0.0132 0.070667 0.005702 
11.732 0.0373 0.0199 -0.3040 -0.0132 0.068050 0.005628 
11.761 0.0130 0.0164 -0.3036 -0.0131 0.068050 0.003756 
11.790 0.0126 0.0148 -0.3032 -0.0131 0.068050 0.002056 
11.819 0.0124 0.0072 -0.3032 -0.0131 0.068050 0.002562 
11.848 0.0066 0.0048 -0.3032 -0.0131 0.068050 0.004196 
11.877 0.0045 0.0035 -0.3032 -0.0131 0.068050 0.005307 
11.906 -0.0033 -0.0035 -0.3036 -0.0131 0.068050 0.006290 
11.935 -0.0246 -0.0093 -0.3040 -0.0132 0.068050 0.007317 
11.964 -0.0156 -0.0093 -0.3044 -0.0132 0.073284 0.009160 
11.993 -0.0131 -0.0057 -0.3046 -0.0132 0.075902 0.012560 
12.022 -0.0220 -0.0041 -0.3048 -0.0132 0.078519 0.017021 
12.051 -0.0184 -0.0032 -0.3050 -0.0132 0.081136 0.020218 
12.080 0.0156 -0.0026 -0.3048 -0.0132 0.078519 0.021878 
12.109 0.0080 0.0327 -0.3040 -0.0132 0.083753 0.024373 
12.138 0.0241 0.0172 -0.3032 -0.0131 0.078519 0.021177 
12.167 0.0279 0.0497 -0.3019 -0.0130 0.078519 0.011152 
12.196 0.0184 0.0240 -0.3013 -0.0130 0.081136 0.003552 
12.225 0.0352 0.0107 -0.3007 -0.0129 0.078519 0.002828 
12.254 0.0382 0.0404 -0.2997 -0.0128 0.075902 0.004635 
12.283 0.0200 0.0107 -0.2993 -0.0128 0.075902 0.001504 
12.312 0.0153 0.0231 -0.2989 -0.0128 0.075902 -0.000830 
12.341 0.0073 0.0087 -0.2989 -0.0128 0.075902 -0.000841 
12.370 -0.0051 -0.0055 -0.2993 -0.0128 0.075902 0.001616 
12.399 -0.0051 -0.0168 -0.2995 -0.0128 0.073284 0.003390 
12.428 -0.0051 -0.0124 -0.2997 -0.0128 0.070667 0.006200 
12.457 -0.0043 -0.0144 -0.3001 -0.0129 0.070667 0.009985 
12.486 -0.0043 -0.0168 -0.3003 -0.0129 0.068050 0.014309 
12.515 -0.0043 -0.0108 -0.3003 -0.0129 0.068050 0.017320 
12.544 -0.0043 -0.0061 -0.3003 -0.0129 0.068050 0.019620 
12.573 0.0353 0.0370 -0.2995 -0.0128 0.068050 0.022373 
12.602 0.0126 0.0190 -0.2989 -0.0128 0.070667 0.023577 
12.631 0.0284 0.0611 -0.2979 -0.0127 0.073284 0.018783 
12.660 0.0468 0.0445 -0.2965 -0.0126 0.075902 0.008916 
12.689 0.0253 0.0403 -0.2955 -0.0125 0.078519 0.000937 
12.719 0.0090 0.0250 -0.2953 -0.0125 0.081136 -0.002800 
12.748 0.0055 0.0146 -0.2951 -0.0125 0.083753 0.000722 
12.777 0.0044 0.0087 -0.2949 -0.0125 0.081136 0.004957 
12.806 0.0565 0.0291 -0.2939 -0.0124 0.078519 0.008243 
12.835 0.0149 0.0259 -0.2933 -0.0123 0.081136 0.007422 
12.864 0.0162 0.0210 -0.2926 -0.0123 0.078519 0.002718 
12.893 0.0258 0.0084 -0.2924 -0.0123 0.075902 0.001776 
12.922 0.0093 0.0053 -0.2922 -0.0123 0.078519 0.004396 
12.951 0.0056 0.0215 -0.2920 -0.0122 0.081136 0.008619 
12.980 0.0039 0.0101 -0.2916 -0.0122 0.081136 0.011525 
13.009 0.0235 0.0139 -0.2912 -0.0122 0.081136 0.013354 
13.038 0.0350 0.0213 -0.2906 -0.0121 0.078519 0.010768 
13.067 0.0457 0.0364 -0.2894 -0.0120 0.078519 0.006521 
13.096 0.0196 0.0252 -0.2888 -0.0120 0.081136 0.003156 
13.125 0.0095 0.0123 -0.2888 -0.0120 0.081136 0.003577 
13.154 0.0057 0.0107 -0.2886 -0.0120 0.083753 0.007216 
13.183 0.0443 0.0085 -0.2878 -0.0119 0.078519 0.010828 
13.212 0.0155 0.0226 -0.2874 -0.0119 0.078519 0.009088 
13.241 0.0156 0.0292 -0.2866 -0.0118 0.083753 0.004539 
13.270 0.0472 0.0218 -0.2858 -0.0117 0.078519 0.003078 
13.299 0.0109 0.0151 -0.2856 -0.0117 0.081136 0.002569 
13.328 0.0061 0.0073 -0.2856 -0.0117 0.081136 0.005377 
13.357 0.0045 0.0066 -0.2852 -0.0117 0.081136 0.009156 
13.386 0.0147 0.0084 -0.2848 -0.0117 0.081136 0.011975 
13.415 0.0180 0.0211 -0.2844 -0.0116 0.081136 0.009879 
13.444 0.0310 0.0309 -0.2835 -0.0116 0.081136 0.005703 
13.473 0.0275 0.0253 -0.2827 -0.0115 0.081136 0.002896 
13.502 0.0163 0.0190 -0.2823 -0.0115 0.081136 0.002939 
13.531 0.0075 0.0081 -0.2823 -0.0115 0.081136 0.005971 
13.560 0.0058 0.0058 -0.2819 -0.0114 0.081136 0.008896 
13.589 0.0058 0.0121 -0.2817 -0.0114 0.083753 0.009182 
13.618 0.0090 0.0161 -0.2813 -0.0114 0.083753 0.007961 
13.647 0.0177 0.0179 -0.2807 -0.0113 0.081136 0.005581 
13.676 0.0183 0.0180 -0.2803 -0.0113 0.081136 0.004180 
13.705 0.0098 0.0152 -0.2801 -0.0113 0.083753 0.005034 
13.734 0.0058 0.0076 -0.2801 -0.0113 0.083753 0.005916 
13.763 0.0045 0.0072 -0.2797 -0.0112 0.083753 0.006125 
13.792 0.0045 0.0072 -0.2797 -0.0112 0.083753 0.006485 
13.821 0.0077 0.0048 -0.2795 -0.0112 0.081136 0.006687 
13.850 0.0077 0.0036 -0.2795 -0.0112 0.081136 0.006897 
13.879 0.0055 0.0029 -0.2795 -0.0112 0.081136 0.007814 
13.908 0.0039 0.0024 -0.2795 -0.0112 0.081136 0.008537 
13.937 0.0031 0.0020 -0.2795 -0.0112 0.081136 0.009226 
13.966 0.0025 0.0018 -0.2795 -0.0112 0.081136 0.009770 
13.995 0.0021 0.0016 -0.2795 -0.0112 0.081136 0.010231 
14.024 0.0019 0.0014 -0.2795 -0.0112 0.081136 0.010639 
14.053 0.0016 0.0013 -0.2795 -0.0112 0.081136 0.011020 
14.082 0.0015 0.0012 -0.2795 -0.0112 0.081136 0.011056 
14.111 0.0014 0.0011 -0.2793 -0.0112 0.078519 0.010363 
14.140 0.0014 0.0010 -0.2791 -0.0112 0.081136 0.009445 
14.169 0.0014 0.0094 -0.2789 -0.0112 0.083753 0.008526 
14.198 0.0014 0.0094 -0.2789 -0.0112 0.083753 0.008047 
14.227 0.0014 0.0064 -0.2789 -0.0112 0.083753 0.007928 
14.256 0.0014 0.0044 -0.2789 -0.0112 0.083753 0.007652 
14.285 0.0014 0.0033 -0.2789 -0.0112 0.083753 0.007334 
14.314 0.0014 0.0027 -0.2789 -0.0112 0.083753 0.006862 
14.343 0.0014 0.0023 -0.2789 -0.0112 0.083753 0.006264 
14.372 0.0014 0.0019 -0.2789 -0.0112 0.083753 0.005543 
14.401 0.0013 0.0017 -0.2789 -0.0112 0.083753 0.004517 
14.430 -0.0012 -0.0016 -0.2793 -0.0112 0.083753 0.003317 
14.459 -0.0375 -0.0364 -0.2801 -0.0113 0.083753 0.002168 
14.488 -0.0246 -0.0305 -0.2809 -0.0113 0.083753 0.006816 
14.517 -0.0332 -0.0343 -0.2819 -0.0114 0.086371 0.014637 
14.546 -0.0262 -0.0177 -0.2823 -0.0115 0.086371 0.018689 
14.575 -0.0393 -0.0078 -0.2823 -0.0115 0.086371 0.018957 
14.604 -0.0288 -0.0050 -0.2823 -0.0115 0.086371 0.018297 
14.633 0.0203 -0.0037 -0.2821 -0.0115 0.083753 0.017972 
14.662 0.0083 -0.0029 -0.2821 -0.0115 0.083753 0.017961 
14.691 0.0058 0.0025 -0.2817 -0.0114 0.083753 0.017932 
14.720 0.0251 0.0179 -0.2811 -0.0114 0.081136 0.015194 
14.749 0.0175 0.0347 -0.2803 -0.0113 0.086371 0.009352 
14.778 0.0220 0.0235 -0.2797 -0.0112 0.088988 0.004072 
14.807 0.0157 0.0128 -0.2795 -0.0112 0.086371 0.001715 
14.836 0.0114 0.0067 -0.2793 -0.0112 0.083753 0.001044 
14.865 0.0094 0.0045 -0.2793 -0.0112 0.083753 0.000822 
14.894 0.0056 0.0034 -0.2793 -0.0112 0.083753 0.000893 
14.923 -0.0404 -0.0029 -0.2799 -0.0113 0.086371 0.000132 
14.952 -0.0215 -0.0276 -0.2807 -0.0113 0.086371 0.002430 
14.981 -0.0386 -0.0256 -0.2815 -0.0114 0.086371 0.009600 
15.010 -0.0302 -0.0209 -0.2821 -0.0115 0.088988 0.014733 
15.039 -0.0096 -0.0179 -0.2825 -0.0115 0.083753 0.016000 
15.068 -0.0080 -0.0168 -0.2829 -0.0115 0.083753 0.018682 
15.097 -0.0180 -0.0107 -0.2833 -0.0116 0.088988 0.023390 
15.126 -0.0237 -0.0064 -0.2837 -0.0116 0.088988 0.028533 
15.155 -0.0232 -0.0064 -0.2842 -0.0116 0.094223 0.033459 
15.185 -0.0139 -0.0064 -0.2844 -0.0117 0.096840 0.037911 
15.214 0.0136 -0.0044 -0.2842 -0.0116 0.094223 0.041951 
15.243 0.0107 0.0041 -0.2839 -0.0116 0.096840 0.047200 
15.272 0.0497 0.0272 -0.2829 -0.0115 0.094223 0.050823 
15.301 0.0465 0.0492 -0.2817 -0.0114 0.094223 0.047641 
15.330 0.0464 0.0500 -0.2801 -0.0113 0.094223 0.045268 
15.359 0.0319 0.0490 -0.2789 -0.0111 0.094223 0.045725 
15.388 0.0255 0.0500 -0.2775 -0.0110 0.096840 0.046079 
15.417 0.0470 0.0487 -0.2761 -0.0109 0.094223 0.050426 
15.446 0.0479 0.0617 -0.2745 -0.0107 0.094223 0.054259 
15.475 0.0673 0.0670 -0.2724 -0.0105 0.094223 0.059101 
15.504 0.0858 0.0735 -0.2704 -0.0103 0.094223 0.062626 
15.533 0.0829 0.0855 -0.2680 -0.0101 0.094223 0.065807 
15.562 0.0983 0.1043 -0.2652 -0.0098 0.094223 0.069950 
15.591 0.1012 0.1166 -0.2621 -0.0095 0.096840 0.073360 
15.620 0.1347 0.1262 -0.2585 -0.0092 0.096840 0.075376 
15.649 0.1142 0.1494 -0.2547 -0.0088 0.094223 0.077195 
15.678 0.2054 0.1582 -0.2502 -0.0084 0.094223 0.079373 
15.707 0.1651 0.1640 -0.2456 -0.0080 0.091605 0.081062 
15.736 0.1840 0.1791 -0.2403 -0.0075 0.091605 0.083127 
15.765 0.2055 0.1878 -0.2347 -0.0070 0.091605 0.083597 
15.794 0.2078 0.2268 -0.2286 -0.0064 0.091605 0.084583 
15.823 0.1951 0.2479 -0.2219 -0.0058 0.088988 0.084991 
15.852 0.2630 0.2576 -0.2149 -0.0052 0.091605 0.084846 
15.881 0.2502 0.2584 -0.2072 -0.0045 0.091605 0.085545 
15.910 0.2890 0.2794 -0.1995 -0.0037 0.091605 0.085864 
15.939 0.2372 0.3000 -0.1910 -0.0030 0.091605 0.086414 
15.968 0.2673 0.3075 -0.1822 -0.0022 0.091605 0.086372 
15.997 0.3960 0.3288 -0.1729 -0.0013 0.091605 0.086256 
16.026 0.3732 0.3511 -0.1632 -0.0004 0.091605 0.087989 
16.055 0.3599 0.3646 -0.1527 0.0005 0.091605 0.089447 
16.084 0.3504 0.3540 -0.1418 0.0015 0.091605 0.089593 
16.113 0.4683 0.4247 -0.1302 0.0026 0.088988 0.090215 
16.142 0.4031 0.3709 -0.1183 0.0036 0.091605 0.090084 
16.171 0.4116 0.4366 -0.1054 0.0048 0.091605 0.089480 
16.200 0.4173 0.4688 -0.0923 0.0061 0.094223 0.088919 
16.229 0.4275 0.4970 -0.0785 0.0073 0.094223 0.088236 
16.258 0.5051 0.5117 -0.0642 0.0087 0.096840 0.087465 
16.287 0.5403 0.5106 -0.0491 0.0101 0.094223 0.087330 
16.316 0.5637 0.5553 -0.0337 0.0116 0.094223 0.085803 
16.345 0.5716 0.5847 -0.0178 0.0131 0.096840 0.083747 
16.374 0.6233 0.5621 -0.0014 0.0147 0.094223 0.080488 
16.403 0.6600 0.5894 0.0156 0.0163 0.094223 0.077977 
16.432 0.5637 0.6007 0.0329 0.0179 0.094223 0.077441 
16.461 0.5690 0.6241 0.0507 0.0196 0.094223 0.076995 
16.490 0.6820 0.6079 0.0689 0.0213 0.094223 0.077149 
16.519 0.6319 0.6551 0.0879 0.0231 0.094223 0.075961 
16.548 0.7279 0.6756 0.1070 0.0250 0.096840 0.077126 
16.577 0.6641 0.6666 0.1268 0.0269 0.096840 0.077073 
16.606 0.6497 0.7011 0.1470 0.0288 0.096840 0.076816 
16.634 0.7054 0.6779 0.1682 0.0309 0.094223 0.074641 
16.663 0.7320 0.7606 0.1896 0.0329 0.094223 0.071258 
16.692 0.7618 0.7547 0.2114 0.0350 0.094223 0.066995 
16.721 0.8064 0.7324 0.2339 0.0371 0.091605 0.064629 
16.750 0.7170 0.7864 0.2563 0.0391 0.088988 0.063008 
16.779 0.7879 0.8090 0.2797 0.0411 0.083753 0.063230 
16.808 0.8022 0.7973 0.3030 0.0430 0.081136 0.064035 
16.837 0.8244 0.8355 0.3266 0.0449 0.078519 0.067884 
16.866 0.8374 0.8653 0.3511 0.0468 0.075902 0.069273 
16.895 0.8993 0.8666 0.3760 0.0486 0.073284 0.066598 
16.924 0.8687 0.8780 0.4015 0.0505 0.073284 0.062708 
16.953 0.9143 0.8614 0.4276 0.0523 0.070667 0.062338 
16.982 0.9683 0.9075 0.4539 0.0541 0.065432 0.060099 
17.011 0.9509 0.9411 0.4806 0.0559 0.065432 0.060230 
17.040 1.0089 0.9520 0.5081 0.0577 0.065432 0.061115 
17.069 0.9686 0.9719 0.5360 0.0596 0.065432 0.060286 
17.098 1.0116 1.0295 0.5644 0.0615 0.065432 0.057570 
17.127 1.0117 1.0030 0.5933 0.0634 0.068050 0.053478 
17.156 1.0356 1.0418 0.6231 0.0654 0.065432 0.048858 
17.185 1.0680 1.0293 0.6528 0.0673 0.062815 0.045930 
17.214 1.0971 1.0133 0.6830 0.0693 0.065432 0.045599 
17.243 0.9895 1.0459 0.7132 0.0713 0.062815 0.047438 
17.272 1.0465 1.0642 0.7441 0.0733 0.065432 0.048465 
17.301 1.0518 1.0859 0.7753 0.0753 0.065432 0.044863 
17.330 1.0850 1.0879 0.8067 0.0774 0.068050 0.043016 
17.359 1.1651 1.1150 0.8386 0.0795 0.068050 0.040038 
17.388 1.0908 1.1208 0.8708 0.0816 0.065432 0.037815 
17.417 1.1286 1.1392 0.9032 0.0838 0.065432 0.037719 
17.446 1.1865 1.1141 0.9356 0.0859 0.065432 0.036191 
17.475 1.0722 1.1502 0.9686 0.0881 0.068050 0.034038 
17.504 1.1022 1.1351 1.0016 0.0902 0.065432 0.032507 
17.533 1.2053 1.1437 1.0352 0.0924 0.065432 0.031884 
17.562 1.0804 1.1270 1.0688 0.0946 0.065432 0.032317 
17.591 1.1894 1.2003 1.1026 0.0968 0.062815 0.034116 
17.620 1.1693 1.1818 1.1368 0.0990 0.065432 0.033520 
17.649 1.2538 1.1918 1.1712 0.1012 0.065432 0.030259 
17.678 1.2136 1.2330 1.2060 0.1034 0.065432 0.028624 
17.707 1.1869 1.2275 1.2410 0.1056 0.062815 0.027143 
17.736 1.2190 1.2036 1.2763 0.1079 0.062815 0.027613 
17.765 1.1990 1.2264 1.3115 0.1101 0.062815 0.027871 
17.794 1.2016 1.2229 1.3471 0.1123 0.062815 0.025544 
17.823 1.2453 1.2406 1.3831 0.1146 0.062815 0.022756 
17.852 1.2622 1.2008 1.4190 0.1168 0.060198 0.021909 
17.881 1.2563 1.2557 1.4550 0.1190 0.060198 0.023438 
17.910 1.3089 1.2833 1.4913 0.1212 0.057580 0.023761 
17.939 1.2122 1.2459 1.5275 0.1233 0.060198 0.023405 
17.968 1.2703 1.2874 1.5642 0.1255 0.057580 0.022403 
17.997 1.2483 1.2648 1.6010 0.1277 0.057580 0.022231 
18.026 1.2958 1.2530 1.6379 0.1298 0.057580 0.022726 
18.055 1.2288 1.2818 1.6749 0.1319 0.060198 0.023671 
18.084 1.2880 1.3181 1.7120 0.1341 0.057580 0.021527 
18.113 1.3134 1.2461 1.7494 0.1363 0.060198 0.019924 
18.142 1.3145 1.3168 1.7869 0.1385 0.057580 0.019824 
18.171 1.4409 1.3200 1.8248 0.1406 0.054963 0.021035 
18.200 1.2944 1.3199 1.8624 0.1427 0.054963 0.023011 
18.229 1.2638 1.3373 1.9003 0.1447 0.052346 0.021848 
18.258 1.2855 1.3712 1.9386 0.1468 0.054963 0.021766 
18.287 1.4149 1.3211 1.9769 0.1488 0.052346 0.020992 
18.316 1.4281 1.3198 2.0158 0.1508 0.052346 0.020761 
18.345 1.4148 1.3181 2.0547 0.1529 0.052346 0.020614 
18.374 1.3731 1.3297 2.0932 0.1549 0.052346 0.020052 
18.403 1.4282 1.3403 2.1325 0.1570 0.052346 0.019112 
18.431 1.4210 1.3279 2.1714 0.1590 0.052346 0.018927 
18.460 1.3149 1.3517 2.2107 0.1610 0.052346 0.020262 
18.489 1.3164 1.4024 2.2500 0.1630 0.052346 0.022881 
18.518 1.3346 1.3160 2.2897 0.1650 0.052346 0.020839 
18.547 1.3850 1.3875 2.3294 0.1671 0.052346 0.019059 
18.576 1.3764 1.3945 2.3695 0.1692 0.052346 0.017802 
18.605 1.2625 1.3716 2.4092 0.1713 0.052346 0.017707 
18.634 1.3731 1.3120 2.4493 0.1734 0.052346 0.017033 
18.663 1.3753 1.3391 2.4894 0.1755 0.052346 0.014851 
18.692 1.3970 1.4262 2.5295 0.1776 0.052346 0.015124 
18.721 1.3883 1.3595 2.5694 0.1796 0.049729 0.017263 
18.750 1.4088 1.3970 2.6095 0.1816 0.049729 0.021632 
18.779 1.3924 1.3935 2.6498 0.1837 0.052346 0.022650 
18.808 1.4221 1.4087 2.6906 0.1858 0.049729 0.021385 
18.837 1.4262 1.4427 2.7315 0.1878 0.049729 0.020877 
18.866 1.4337 1.4176 2.7724 0.1898 0.049729 0.020106 
18.895 1.3632 1.3923 2.8133 0.1918 0.049729 0.020529 
18.924 1.4285 1.3830 2.8543 0.1938 0.049729 0.018696 
18.953 1.4253 1.4268 2.8954 0.1958 0.047111 0.018558 
18.982 1.4999 1.3865 2.9365 0.1978 0.044494 0.019250 
19.011 1.4760 1.4389 2.9778 0.1997 0.044494 0.021222 
19.040 1.3992 1.4411 3.0190 0.2015 0.047111 0.022504 
19.069 1.4138 1.4200 3.0603 0.2034 0.047111 0.020561 
19.098 1.4920 1.4580 3.1019 0.2053 0.044494 0.020534 
19.127 1.3891 1.4284 3.1436 0.2071 0.044494 0.020932 
19.156 1.5189 1.3803 3.1853 0.2090 0.044494 0.021972 
19.185 1.3781 1.4580 3.2269 0.2107 0.041877 0.020668 
19.214 1.4697 1.5003 3.2686 0.2125 0.041877 0.021113 
19.243 1.5071 1.4555 3.3106 0.2143 0.039259 0.021552 
19.272 1.4628 1.4335 3.3527 0.2160 0.039259 0.022948 
19.301 1.3384 1.4359 3.3945 0.2176 0.039259 0.022519 
19.330 1.4122 1.4337 3.4365 0.2192 0.036642 0.021418 
19.359 1.4578 1.4641 3.4788 0.2207 0.034025 0.021695 
19.388 1.4891 1.3906 3.5208 0.2221 0.031407 0.022741 
19.417 1.4306 1.4317 3.5632 0.2234 0.028790 0.024151 
19.446 1.4746 1.4292 3.6053 0.2246 0.028790 0.023250 
19.475 1.5282 1.4995 3.6479 0.2258 0.028790 0.023617 
19.504 1.4649 1.4575 3.6903 0.2269 0.026173 0.024200 
19.533 1.4498 1.4684 3.7329 0.2279 0.020938 0.026899 
19.562 1.4934 1.4206 3.7755 0.2288 0.020938 0.026844 
19.591 1.4985 1.4755 3.8185 0.2296 0.015704 0.024888 
19.620 1.4164 1.4684 3.8611 0.2302 0.010469 0.025421 
19.649 1.4445 1.4657 3.9041 0.2306 0.005235 0.027557 
19.678 1.5150 1.4961 3.9471 0.2308 -0.000000 0.029247 
19.707 1.4160 1.4916 3.9901 0.2308 -0.000000 0.028692 
19.736 1.4044 1.4544 4.0333 0.2305 -0.007852 0.029573 
19.765 1.5063 1.4807 4.0767 0.2300 -0.013087 0.030255 
19.794 1.4370 1.4975 4.1203 0.2294 -0.015704 0.032972 
19.823 1.4383 1.4632 4.1637 0.2285 -0.020938 0.033066 
19.852 1.4792 1.4759 4.2079 0.2275 -0.026173 0.032395 
19.881 1.5255 1.4844 4.2519 0.2262 -0.034025 0.031229 
19.910 1.5015 1.5102 4.2963 0.2246 -0.036642 0.031272 
19.939 1.4751 1.5456 4.3407 0.2230 -0.039260 0.030164 
19.968 1.6368 1.5188 4.3853 0.2211 -0.044494 0.028378 
19.997 1.5342 1.5186 4.4298 0.2190 -0.049729 0.028077 
20.026 1.5472 1.5341 4.4744 0.2167 -0.054963 0.029311 
20.055 1.5877 1.5828 4.5197 0.2140 -0.060198 0.025566 
20.084 1.5365 1.5350 4.5655 0.2112 -0.065433 0.017218 
20.113 1.5074 1.5600 4.6116 0.2079 -0.075902 0.006167 
20.142 1.5793 1.5983 4.6577 0.2042 -0.086371 -0.006287 
20.171 1.5154 1.5080 4.7034 0.2002 -0.091606 -0.016078 
20.200 1.4774 1.5220 4.7480 0.1959 -0.099457 -0.023327 
20.229 1.5716 1.5315 4.7924 0.1914 -0.104692 -0.027420 
20.257 1.5146 1.5432 4.8370 0.1864 -0.112544 -0.028278 
20.286 1.5140 1.5212 4.8815 0.1812 -0.120396 -0.029521 
20.315 1.5723 1.5097 4.9262 0.1756 -0.125630 -0.035448 
20.344 1.4601 1.5462 4.9704 0.1699 -0.130865 -0.045732 
20.373 1.5182 1.5088 5.0145 0.1640 -0.133482 -0.058844 
20.402 1.4460 1.4907 5.0579 0.1581 -0.138717 -0.069308 
20.431 1.4924 1.4549 5.1004 0.1520 -0.143952 -0.075009 
20.460 1.4821 1.3905 5.1424 0.1459 -0.146569 -0.077158 
20.489 1.4999 1.4490 5.1839 0.1397 -0.149186 -0.075056 
20.518 1.5247 1.5046 5.2254 0.1334 -0.151803 -0.072559 
20.547 1.5092 1.4258 5.2669 0.1270 -0.154421 -0.082434 
20.576 1.4124 1.3991 5.3072 0.1206 -0.157038 -0.094278 
20.605 1.3894 1.3754 5.3473 0.1143 -0.157038 -0.102268 
20.634 1.4106 1.3530 5.3862 0.1082 -0.157038 -0.107050 
20.663 1.3190 1.3194 5.4240 0.1022 -0.154421 -0.110817 
20.692 1.2960 1.2528 5.4613 0.0964 -0.154421 -0.115786 
20.721 1.3770 1.2600 5.4978 0.0908 -0.154421 -0.119173 
20.750 1.1749 1.2715 5.5335 0.0853 -0.154421 -0.119520 
20.779 1.2408 1.2108 5.5684 0.0799 -0.154421 -0.118660 
20.808 1.1687 1.1609 5.6024 0.0745 -0.154421 -0.119179 
20.837 1.1533 1.1368 5.6357 0.0693 -0.154421 -0.122873 
20.866 1.0860 1.0946 5.6679 0.0642 -0.157038 -0.125964 
20.895 1.0993 1.0791 5.6996 0.0592 -0.157038 -0.127357 
20.924 1.0733 1.0631 5.7307 0.0543 -0.154421 -0.127695 
20.953 1.0583 1.0482 5.7607 0.0496 -0.154421 -0.127832 
20.982 0.9992 1.0010 5.7900 0.0450 -0.154421 -0.129197 
21.011 0.9660 0.9819 5.8180 0.0407 -0.154421 -0.132152 
21.040 0.8886 0.9210 5.8451 0.0365 -0.151803 -0.134699 
21.069 0.9353 0.9000 5.8713 0.0324 -0.154421 -0.135348 
21.098 0.8621 0.8792 5.8968 0.0284 -0.157038 -0.134377 
21.127 0.8029 0.8286 5.9210 0.0246 -0.159655 -0.134128 
21.156 0.7867 0.7928 5.9445 0.0208 -0.162273 -0.133255 
21.185 0.7913 0.7543 5.9669 0.0172 -0.162273 -0.131427 
21.214 0.7819 0.7140 5.9883 0.0136 -0.164890 -0.130474 
21.243 0.7085 0.6944 6.0083 0.0103 -0.164890 -0.128735 
21.272 0.6176 0.6616 6.0277 0.0070 -0.167507 -0.127462 
21.301 0.6053 0.6327 6.0461 0.0039 -0.167507 -0.126336 
21.330 0.5414 0.5931 6.0637 0.0009 -0.167507 -0.124647 
21.359 0.6072 0.5703 6.0803 -0.0018 -0.164890 -0.123812 
21.388 0.4788 0.5187 6.0959 -0.0044 -0.164890 -0.123265 
21.417 0.4996 0.4958 6.1107 -0.0069 -0.164890 -0.123229 
21.446 0.4570 0.4313 6.1247 -0.0093 -0.164890 -0.121294 
21.475 0.4165 0.4345 6.1373 -0.0114 -0.167507 -0.119651 
21.504 0.3893 0.3994 6.1492 -0.0133 -0.164890 -0.118810 
21.533 0.3887 0.3555 6.1596 -0.0151 -0.164890 -0.117122 
21.562 0.3449 0.3435 6.1694 -0.0167 -0.162273 -0.114975 
21.591 0.3201 0.2826 6.1780 -0.0181 -0.164890 -0.113102 
21.620 0.2798 0.2534 6.1854 -0.0193 -0.162273 -0.110988 
21.649 0.1950 0.2031 6.1920 -0.0204 -0.164890 -0.107903 
21.678 0.1790 0.1678 6.1976 -0.0213 -0.164890 -0.104556 
21.707 0.1472 0.1469 6.2020 -0.0221 -0.164890 -0.101577 
21.736 0.1256 0.1144 6.2058 -0.0227 -0.167507 -0.097745 
21.765 0.0959 0.0878 6.2086 -0.0232 -0.167507 -0.093019 
21.794 0.0620 0.0578 6.2106 -0.0235 -0.167507 -0.091175 
21.823 0.0391 0.0351 6.2116 -0.0237 -0.170125 -0.088599 
21.852 0.0180 0.0188 6.2120 -0.0238 -0.170125 -0.087450 
21.881 0.0079 -0.0139 6.2118 -0.0237 -0.172742 -0.089229 
21.910 -0.0737 -0.0550 6.2106 -0.0235 -0.167507 -0.089708 
21.939 -0.1169 -0.0953 6.2078 -0.0231 -0.167507 -0.085104 
21.968 -0.1663 -0.1432 6.2042 -0.0225 -0.162273 -0.079484 
21.997 -0.1516 -0.1845 6.1994 -0.0217 -0.162273 -0.070904 
22.026 -0.2046 -0.1947 6.1940 -0.0208 -0.159655 -0.064421 
22.055 -0.2329 -0.2082 6.1880 -0.0198 -0.159655 -0.059272 
22.083 -0.2392 -0.2135 6.1812 -0.0187 -0.159655 -0.055369 
22.112 -0.2486 -0.2522 6.1739 -0.0175 -0.159655 -0.053332 
22.141 -0.3169 -0.2847 6.1663 -0.0163 -0.159655 -0.051881 
22.170 -0.3284 -0.3056 6.1577 -0.0149 -0.157038 -0.051871 
22.199 -0.3050 -0.3693 6.1483 -0.0134 -0.159655 -0.052532 
22.228 -0.3274 -0.3713 6.1385 -0.0118 -0.162273 -0.050305 
22.257 -0.3992 -0.3419 6.1275 -0.0100 -0.159655 -0.048145 
22.286 -0.4461 -0.4314 6.1157 -0.0081 -0.162273 -0.046459 
22.315 -0.4318 -0.4523 6.1035 -0.0061 -0.159655 -0.044371 
22.344 -0.4256 -0.4721 6.0904 -0.0040 -0.162273 -0.041359 
22.373 -0.5223 -0.4735 6.0764 -0.0017 -0.162273 -0.038036 
22.402 -0.5823 -0.5062 6.0620 0.0007 -0.162273 -0.034128 
22.431 -0.5262 -0.4881 6.0470 0.0032 -0.164890 -0.030703 
22.460 -0.6031 -0.4826 6.0316 0.0057 -0.162273 -0.027729 
22.489 -0.6868 -0.5328 6.0156 0.0083 -0.162273 -0.023909 
22.518 -0.5221 -0.5808 5.9990 0.0110 -0.159655 -0.021892 
22.547 -0.6128 -0.6015 5.9819 0.0138 -0.162273 -0.019880 
22.576 -0.6706 -0.6473 5.9643 0.0167 -0.162273 -0.018937 
22.605 -0.5989 -0.6417 5.9461 0.0197 -0.164890 -0.016753 
22.634 -0.7271 -0.6597 5.9273 0.0228 -0.164890 -0.014880 
22.663 -0.7549 -0.6664 5.9079 0.0261 -0.167507 -0.012932 
22.692 -0.7172 -0.6883 5.8881 0.0294 -0.164890 -0.011676 
22.721 -0.7832 -0.7410 5.8679 0.0328 -0.167507 -0.009242 
22.750 -0.7551 -0.7156 5.8473 0.0363 -0.164890 -0.006360 
22.779 -0.6562 -0.7285 5.8263 0.0398 -0.162273 -0.003992 
22.808 -0.7601 -0.7850 5.8051 0.0433 -0.162273 -0.001673 
22.837 -0.7518 -0.8035 5.7830 0.0468 -0.157038 -0.000467 
22.866 -0.8063 -0.7948 5.7606 0.0504 -0.157038 0.001723 
22.895 -0.7367 -0.8181 5.7380 0.0540 -0.154421 0.003115 
22.924 -0.8160 -0.7878 5.7147 0.0575 -0.149186 0.005270 
22.953 -0.8647 -0.8101 5.6916 0.0609 -0.146569 0.004209 
22.982 -0.7940 -0.7767 5.6683 0.0644 -0.146569 0.003034 
23.011 -0.8592 -0.8364 5.6445 0.0678 -0.143952 0.003166 
23.040 -0.8719 -0.8479 5.6200 0.0714 -0.138717 0.005759 
23.069 -0.8014 -0.8539 5.5953 0.0748 -0.136100 0.007529 
23.098 -0.8377 -0.8912 5.5701 0.0782 -0.133482 0.008466 
23.127 -0.8655 -0.9105 5.5448 0.0816 -0.128248 0.008177 
23.156 -0.7493 -0.9079 5.5190 0.0849 -0.128248 0.007216 
23.185 -0.9597 -0.8817 5.4931 0.0882 -0.125630 0.007219 
23.214 -0.8785 -0.9200 5.4669 0.0915 -0.125630 0.008745 
23.243 -0.9686 -0.9303 5.4403 0.0947 -0.120396 0.010351 
23.272 -0.9311 -0.9837 5.4136 0.0979 -0.117779 0.012025 
23.301 -0.9850 -0.9407 5.3866 0.1011 -0.117779 0.012534 
23.330 -0.9359 -0.9469 5.3589 0.1043 -0.115161 0.013375 
23.359 -0.9966 -1.0063 5.3311 0.1076 -0.115161 0.013602 
23.388 -0.9199 -0.9790 5.3031 0.1108 -0.117779 0.015238 
23.417 -0.9672 -0.9725 5.2751 0.1141 -0.115161 0.017663 
23.446 -1.0011 -0.9770 5.2469 0.1174 -0.115161 0.018733 
23.475 -1.0167 -0.9626 5.2183 0.1207 -0.115161 0.019374 
23.504 -1.0273 -0.9948 5.1897 0.1240 -0.115161 0.019118 
23.533 -0.9568 -1.0165 5.1607 0.1274 -0.115161 0.018535 
23.562 -1.0412 -1.0005 5.1317 0.1308 -0.115161 0.024057 
23.591 -0.9533 -0.9526 5.1025 0.1342 -0.117779 0.026554 
23.620 -1.0446 -1.0093 5.0732 0.1377 -0.115161 0.028775 
23.649 -1.0379 -0.9549 5.0442 0.1410 -0.115161 0.026187 
23.678 -1.0409 -1.0253 5.0148 0.1444 -0.115161 0.021103 
23.707 -1.0808 -1.0480 4.9854 0.1479 -0.115161 0.015962 
23.736 -0.9896 -1.0639 4.9550 0.1514 -0.117779 0.013226 
23.765 -1.0257 -1.0674 4.9243 0.1550 -0.117779 0.014130 
23.794 -1.0482 -1.0742 4.8939 0.1586 -0.115161 0.016244 
23.823 -1.1349 -1.0716 4.8629 0.1622 -0.115161 0.018955 
23.852 -1.0302 -1.0814 4.8319 0.1658 -0.115161 0.020317 
23.881 -1.0247 -1.0898 4.8004 0.1694 -0.115161 0.019576 
23.909 -1.0504 -1.0800 4.7690 0.1730 -0.115161 0.018841 
23.938 -1.1046 -1.0837 4.7374 0.1766 -0.112544 0.019426 
23.967 -1.1469 -1.0820 4.7059 0.1802 -0.112544 0.019581 
23.996 -1.1196 -1.1104 4.6741 0.1837 -0.112544 0.020081 
24.025 -1.1247 -1.1274 4.6424 0.1873 -0.109927 0.019188 
24.054 -1.1867 -1.1120 4.6102 0.1908 -0.109927 0.017168 
24.083 -1.1367 -1.1447 4.5779 0.1944 -0.109927 0.016516 
24.112 -1.1175 -1.1342 4.5452 0.1980 -0.109927 0.016968 
24.141 -1.1756 -1.1062 4.5126 0.2017 -0.109927 0.018800 
24.170 -1.0945 -1.1481 4.4801 0.2052 -0.107309 0.020095 
24.199 -1.1462 -1.1485 4.4475 0.2088 -0.107309 0.019113 
24.228 -1.1237 -1.1531 4.4144 0.2124 -0.107309 0.017126 
24.257 -1.1636 -1.1212 4.3815 0.2160 -0.109927 0.015271 
24.286 -1.0927 -1.1813 4.3485 0.2197 -0.109927 0.015113 
24.315 -1.1354 -1.1208 4.3150 0.2234 -0.109927 0.014926 
24.344 -1.1206 -1.1531 4.2819 0.2270 -0.109927 0.014963 
24.373 -1.1797 -1.1663 4.2483 0.2307 -0.107309 0.013537 
24.402 -1.1613 -1.1552 4.2146 0.2344 -0.109927 0.011811 
24.431 -1.1911 -1.1777 4.1805 0.2382 -0.112544 0.011501 
24.460 -1.1079 -1.1681 4.1466 0.2420 -0.112544 0.012765 
24.489 -1.2364 -1.2022 4.1126 0.2457 -0.109927 0.014254 
24.518 -1.1425 -1.2084 4.0783 0.2495 -0.109927 0.013641 
24.547 -1.1775 -1.1697 4.0440 0.2532 -0.109927 0.012671 
24.576 -1.2497 -1.1784 4.0093 0.2570 -0.109927 0.011260 
24.605 -1.2000 -1.1670 3.9750 0.2607 -0.109927 0.012396 
24.634 -1.1881 -1.1349 3.9406 0.2645 -0.107309 0.012304 
24.663 -1.1679 -1.2260 3.9059 0.2682 -0.107309 0.012174 
24.692 -1.2232 -1.2155 3.8712 0.2719 -0.107309 0.009319 
24.721 -1.2808 -1.2120 3.8361 0.2757 -0.107309 0.007032 
24.750 -1.2236 -1.1879 3.8010 0.2795 -0.107309 0.006531 
24.779 -1.2300 -1.2328 3.7657 0.2833 -0.109927 0.007436 
24.808 -1.2129 -1.2059 3.7306 0.2872 -0.109927 0.007447 
24.837 -1.1953 -1.2123 3.6953 0.2910 -0.107309 0.006099 
24.866 -1.1989 -1.2480 3.6596 0.2949 -0.109927 0.003819 
24.895 -1.1930 -1.2351 3.6238 0.2988 -0.109927 0.003110 
24.924 -1.3003 -1.2167 3.5877 0.3027 -0.107309 0.004724 
24.953 -1.2579 -1.2674 3.5518 0.3066 -0.107309 0.005950 
24.982 -1.2308 -1.2933 3.5157 0.3104 -0.104692 0.005283 
25.011 -1.3151 -1.2824 3.4791 0.3143 -0.102075 0.003187 
25.040 -1.2731 -1.2650 3.4422 0.3181 -0.104692 0.003377 
25.069 -1.2613 -1.2782 3.4051 0.3220 -0.104692 0.007260 
25.098 -1.3794 -1.2948 3.3678 0.3258 -0.102075 0.012602 
25.127 -1.2192 -1.2845 3.3304 0.3296 -0.099457 0.018121 
25.156 -1.3221 -1.2953 3.2929 0.3334 -0.099457 0.021526 
25.185 -1.3435 -1.2925 3.2552 0.3372 -0.102075 0.025226 
25.214 -1.2494 -1.2898 3.2176 0.3410 -0.102075 0.029072 
25.243 -1.2893 -1.2591 3.1803 0.3447 -0.099457 0.033193 
25.272 -1.3062 -1.3057 3.1428 0.3485 -0.099457 0.036427 
25.301 -1.2904 -1.3048 3.1056 0.3522 -0.099457 0.038445 
25.330 -1.3135 -1.2570 3.0681 0.3559 -0.099457 0.040210 
25.359 -1.2715 -1.2786 3.0307 0.3597 -0.102075 0.044870 
25.388 -1.2218 -1.2611 2.9938 0.3633 -0.099457 0.049236 
25.417 -1.2653 -1.2930 2.9569 0.3670 -0.096840 0.052225 
25.446 -1.2815 -1.2689 2.9201 0.3706 -0.096840 0.053904 
25.475 -1.2246 -1.2845 2.8836 0.3742 -0.099457 0.054500 
25.504 -1.2024 -1.2531 2.8470 0.3777 -0.096840 0.055427 
25.533 -1.1978 -1.2646 2.8111 0.3812 -0.096840 0.057871 
25.562 -1.2443 -1.2546 2.7752 0.3847 -0.096840 0.061101 
25.591 -1.1809 -1.2300 2.7396 0.3882 -0.096840 0.063989 
25.620 -1.2575 -1.2230 2.7043 0.3917 -0.099457 0.065751 
25.649 -1.1672 -1.2207 2.6692 0.3952 -0.099457 0.065422 
25.678 -1.2272 -1.2050 2.6345 0.3986 -0.099457 0.063709 
25.707 -1.1563 -1.2168 2.5998 0.4020 -0.099457 0.061775 
25.735 -1.1580 -1.1965 2.5650 0.4055 -0.099457 0.064877 
25.764 -1.1835 -1.2065 2.5307 0.4089 -0.099457 0.070049 
25.793 -1.1848 -1.1839 2.4968 0.4123 -0.099457 0.075536 
25.822 -1.1259 -1.1143 2.4635 0.4157 -0.102075 0.076398 
25.851 -1.1833 -1.1970 2.4306 0.4190 -0.099457 0.073288 
25.880 -1.1100 -1.1334 2.3979 0.4223 -0.099457 0.069570 
25.909 -1.0808 -1.1321 2.3650 0.4255 -0.096840 0.068868 
25.938 -1.0745 -1.1177 2.3327 0.4285 -0.096840 0.071937 
25.967 -1.1371 -1.0882 2.3008 0.4316 -0.096840 0.078016 
25.996 -1.1215 -1.0370 2.2695 0.4346 -0.094223 0.080004 
26.025 -1.0058 -1.0788 2.2390 0.4376 -0.096840 0.077364 
26.054 -1.0895 -1.0507 2.2086 0.4406 -0.099457 0.074399 
26.083 -1.0346 -1.0762 2.1783 0.4436 -0.099457 0.071976 
26.112 -1.0460 -1.0283 2.1482 0.4465 -0.096840 0.071416 
26.141 -1.0186 -0.9817 2.1185 0.4495 -0.099457 0.074040 
26.170 -1.0016 -1.0075 2.0895 0.4524 -0.099457 0.077704 
26.199 -0.9404 -0.9775 2.0612 0.4552 -0.099457 0.077010 
26.228 -0.9806 -0.9526 2.0332 0.4580 -0.102075 0.075066 
26.257 -0.9148 -0.9310 2.0055 0.4608 -0.099457 0.073685 
26.286 -0.9844 -0.9650 1.9785 0.4635 -0.099457 0.072201 
26.315 -0.9137 -0.9277 1.9514 0.4662 -0.099457 0.070192 
26.344 -0.9128 -0.8659 1.9250 0.4688 -0.096840 0.070469 
26.373 -0.9326 -0.8771 1.8987 0.4713 -0.096840 0.071124 
26.402 -0.9164 -0.8495 1.8731 0.4738 -0.094223 0.071898 
26.431 -0.8565 -0.8701 1.8480 0.4761 -0.088988 0.071562 
26.460 -0.7934 -0.8451 1.8234 0.4782 -0.083754 0.068920 
26.489 -0.8065 -0.8190 1.7991 0.4802 -0.078519 0.063942 
26.518 -0.7579 -0.8157 1.7753 0.4821 -0.078519 0.060091 
26.547 -0.8261 -0.8013 1.7516 0.4839 -0.075902 0.058148 
26.576 -0.8600 -0.8162 1.7284 0.4857 -0.073284 0.057767 
26.605 -0.7624 -0.7692 1.7053 0.4874 -0.073284 0.057306 
26.634 -0.7287 -0.7607 1.6824 0.4890 -0.065433 0.057337 
26.663 -0.7765 -0.7322 1.6602 0.4903 -0.054963 0.058599 
26.692 -0.7429 -0.7219 1.6389 0.4915 -0.052346 0.059429 
26.721 -0.6918 -0.7260 1.6180 0.4926 -0.049729 0.053773 
26.750 -0.7344 -0.6958 1.5972 0.4936 -0.052346 0.046797 
26.779 -0.7836 -0.7277 1.5763 0.4947 -0.049729 0.041099 
26.808 -0.7112 -0.7197 1.5552 0.4958 -0.049729 0.040407 
26.837 -0.6825 -0.7090 1.5346 0.4969 -0.054963 0.045166 
26.866 -0.6294 -0.6571 1.5147 0.4980 -0.054963 0.051479 
26.895 -0.6164 -0.6609 1.4955 0.4990 -0.052346 0.054177 
26.924 -0.5465 -0.7006 1.4766 0.5000 -0.054963 0.048797 
26.953 -0.7135 -0.6883 1.4578 0.5010 -0.052346 0.043890 
26.982 -0.5733 -0.5982 1.4394 0.5020 -0.054963 0.041179 
27.011 -0.7030 -0.6328 1.4211 0.5030 -0.054963 0.038702 
27.040 -0.5601 -0.6011 1.4029 0.5040 -0.054963 0.038336 
27.069 -0.5644 -0.6189 1.3851 0.5050 -0.054963 0.038847 
27.098 -0.6374 -0.6023 1.3677 0.5059 -0.054963 0.041996 
27.127 -0.5397 -0.5667 1.3509 0.5069 -0.057581 0.039330 
27.156 -0.5565 -0.5828 1.3339 0.5079 -0.057581 0.034435 
27.185 -0.5598 -0.5652 1.3175 0.5088 -0.054963 0.030056 
27.214 -0.5310 -0.5522 1.3008 0.5097 -0.054963 0.032421 
27.243 -0.6058 -0.5462 1.2850 0.5106 -0.054963 0.036379 
27.272 -0.4926 -0.5192 1.2694 0.5115 -0.052346 0.039547 
27.301 -0.5472 -0.5116 1.2543 0.5123 -0.054963 0.034016 
27.330 -0.5100 -0.5397 1.2395 0.5131 -0.057581 0.026747 
27.359 -0.5783 -0.5288 1.2243 0.5140 -0.054963 0.020682 
27.388 -0.5474 -0.4957 1.2095 0.5148 -0.057581 0.022070 
27.417 -0.4858 -0.4985 1.1945 0.5157 -0.057581 0.025908 
27.446 -0.4225 -0.5071 1.1805 0.5165 -0.060198 0.031300 
27.475 -0.4108 -0.4924 1.1668 0.5173 -0.060198 0.029890 
27.504 -0.4493 -0.4677 1.1532 0.5181 -0.057581 0.022156 
27.532 -0.4355 -0.4469 1.1398 0.5189 -0.052346 0.014734 
27.561 -0.4670 -0.5105 1.1265 0.5196 -0.052346 0.016641 
27.590 -0.4208 -0.4588 1.1131 0.5203 -0.052346 0.019409 
27.619 -0.4678 -0.4383 1.0999 0.5209 -0.049729 0.021083 
27.648 -0.4162 -0.4256 1.0874 0.5216 -0.054963 0.022765 
27.677 -0.4535 -0.4118 1.0752 0.5223 -0.054963 0.022871 
27.706 -0.4546 -0.4373 1.0633 0.5229 -0.052346 0.018579 
27.735 -0.4198 -0.4464 1.0513 0.5235 -0.054963 0.011134 
27.764 -0.3874 -0.4085 1.0390 0.5242 -0.057581 0.006633 
27.793 -0.4290 -0.4187 1.0268 0.5249 -0.057581 0.008814 
27.822 -0.4373 -0.3907 1.0151 0.5256 -0.057581 0.011952 
27.851 -0.3755 -0.3938 1.0033 0.5263 -0.057581 0.014354 
27.880 -0.4034 -0.3749 0.9922 0.5270 -0.060198 0.015991 
27.909 -0.3512 -0.3654 0.9813 0.5276 -0.060198 0.015214 
27.938 -0.3154 -0.3711 0.9707 0.5282 -0.060198 0.009184 
27.967 -0.3869 -0.3602 0.9600 0.5289 -0.057581 0.005396 
27.996 -0.3805 -0.3867 0.9493 0.5295 -0.054963 0.006588 
28.025 -0.3338 -0.3611 0.9387 0.5300 -0.054963 0.008073 
28.054 -0.3154 -0.3590 0.9284 0.5306 -0.052346 0.008767 
28.083 -0.3717 -0.3535 0.9183 0.5311 -0.052346 0.007668 
28.112 -0.3603 -0.3483 0.9084 0.5317 -0.054963 0.006305 
28.141 -0.3413 -0.3303 0.8984 0.5322 -0.057581 0.006202 
28.170 -0.3613 -0.3551 0.8887 0.5328 -0.057581 0.005479 
28.199 -0.3609 -0.3197 0.8790 0.5333 -0.057581 0.004188 
28.228 -0.2980 -0.3440 0.8695 0.5339 -0.060198 0.001965 
28.257 -0.2892 -0.3145 0.8598 0.5345 -0.060198 0.002061 
28.286 -0.3085 -0.3245 0.8504 0.5351 -0.060198 0.001438 
28.315 -0.3011 -0.3276 0.8411 0.5356 -0.060198 0.001038 
28.344 -0.3279 -0.3279 0.8318 0.5362 -0.060198 0.000301 
28.373 -0.3447 -0.3156 0.8227 0.5367 -0.062815 0.000082 
28.402 -0.3458 -0.3206 0.8136 0.5373 -0.065433 0.000900 
28.431 -0.2740 -0.3068 0.8045 0.5379 -0.062815 0.001319 
28.460 -0.3004 -0.2991 0.7958 0.5385 -0.065433 0.001180 
28.489 -0.3191 -0.2879 0.7871 0.5390 -0.062815 0.000991 
28.518 -0.3226 -0.2777 0.7784 0.5396 -0.060198 0.000238 
28.547 -0.2905 -0.2965 0.7699 0.5401 -0.060198 -0.000679 
28.576 -0.3263 -0.2867 0.7616 0.5406 -0.057581 -0.000711 
28.605 -0.2632 -0.2949 0.7531 0.5411 -0.057581 -0.000906 
28.634 -0.3214 -0.2800 0.7446 0.5416 -0.057581 -0.000966 
28.663 -0.3476 -0.2538 0.7365 0.5420 -0.057581 -0.002274 
28.692 -0.2694 -0.2843 0.7280 0.5425 -0.057581 -0.002458 
28.721 -0.2516 -0.2801 0.7199 0.5430 -0.057581 -0.002360 
28.750 -0.2657 -0.2944 0.7116 0.5435 -0.060198 -0.002375 
28.779 -0.2770 -0.2824 0.7035 0.5440 -0.060198 -0.001972 
28.808 -0.2539 -0.2975 0.6954 0.5445 -0.060198 -0.003242 
28.837 -0.2739 -0.2821 0.6873 0.5450 -0.065433 -0.003614 
28.866 -0.3047 -0.2818 0.6792 0.5455 -0.065433 -0.003873 
28.895 -0.2814 -0.2797 0.6709 0.5461 -0.068050 -0.002678 
28.924 -0.2834 -0.2572 0.6628 0.5466 -0.068050 -0.001822 
28.953 -0.2991 -0.2683 0.6549 0.5471 -0.065433 -0.002323 
28.982 -0.2595 -0.2787 0.6470 0.5477 -0.068050 -0.002036 
29.011 -0.2610 -0.2804 0.6391 0.5482 -0.070667 -0.002328 
29.040 -0.2804 -0.2760 0.6310 0.5488 -0.070667 -0.001225 
29.069 -0.2501 -0.2720 0.6231 0.5494 -0.073284 0.000118 
29.098 -0.2630 -0.2737 0.6152 0.5499 -0.070667 -0.000228 
29.127 -0.2972 -0.2615 0.6075 0.5505 -0.070667 -0.000395 
29.156 -0.2392 -0.2516 0.5998 0.5510 -0.070667 -0.001255 
29.185 -0.2790 -0.2625 0.5924 0.5515 -0.068050 -0.001158 
29.214 -0.2463 -0.2328 0.5849 0.5520 -0.065433 -0.001080 
29.243 -0.2871 -0.2283 0.5774 0.5525 -0.062815 -0.001617 
29.272 -0.2646 -0.2587 0.5697 0.5530 -0.062815 -0.001013 
29.301 -0.2210 -0.2535 0.5624 0.5535 -0.062815 -0.000764 
29.330 -0.2302 -0.2520 0.5549 0.5539 -0.065433 -0.000604 
29.358 -0.2659 -0.2665 0.5474 0.5544 -0.062815 -0.000835 
29.387 -0.2576 -0.2737 0.5401 0.5549 -0.062815 -0.001138 
29.416 -0.2822 -0.2618 0.5328 0.5553 -0.062815 -0.000233 
29.445 -0.2655 -0.2733 0.5255 0.5558 -0.062815 -0.000020 
29.474 -0.2866 -0.2693 0.5183 0.5563 -0.062815 0.000132 
29.503 -0.2410 -0.2588 0.5112 0.5567 -0.065433 -0.000134 
29.532 -0.2124 -0.2204 0.5039 0.5572 -0.065433 -0.000761 
29.561 -0.2712 -0.2506 0.4968 0.5577 -0.068050 -0.001479 
29.590 -0.2541 -0.2656 0.4895 0.5581 -0.068050 -0.000843 
29.619 -0.2399 -0.2602 0.4824 0.5586 -0.070667 -0.000724 
29.648 -0.2228 -0.2429 0.4754 0.5591 -0.068050 0.000293 
29.677 -0.2227 -0.2344 0.4681 0.5596 -0.068050 0.000628 
29.706 -0.2291 -0.2202 0.4612 0.5601 -0.068050 0.000768 
29.735 -0.2223 -0.2393 0.4541 0.5606 -0.070667 0.001337 
29.764 -0.2563 -0.2449 0.4472 0.5611 -0.070667 0.001525 
29.793 -0.2455 -0.2445 0.4401 0.5616 -0.073284 0.002038 
29.822 -0.2620 -0.2265 0.4333 0.5621 -0.073284 0.002850 
29.851 -0.2427 -0.2058 0.4266 0.5625 -0.070667 0.002733 
29.880 -0.2445 -0.2241 0.4197 0.5630 -0.070667 0.001951 
29.909 -0.2615 -0.2265 0.4132 0.5635 -0.070667 0.001385 
29.938 -0.2032 -0.2160 0.4066 0.5640 -0.068050 0.001148 
29.967 -0.2236 -0.2129 0.4001 0.5644 -0.068050 0.001335 
29.996 -0.2491 -0.2224 0.3934 0.5648 -0.065433 0.002504 
30.025 -0.2261 -0.2147 0.3869 0.5653 -0.065433 0.002626 
30.054 -0.2476 -0.2142 0.3804 0.5657 -0.065433 0.002866 
30.083 -0.2249 -0.2089 0.3742 0.5661 -0.062815 0.003038 
30.112 -0.1848 -0.1877 0.3679 0.5665 -0.065433 0.002994 
30.141 -0.2166 -0.2078 0.3614 0.5669 -0.065433 0.002539 
30.170 -0.2592 -0.2203 0.3553 0.5673 -0.065433 0.002384 
30.199 -0.2553 -0.2096 0.3489 0.5677 -0.065433 0.002182 
30.228 -0.1932 -0.2249 0.3428 0.5681 -0.065433 0.002048 
30.257 -0.2312 -0.2243 0.3365 0.5685 -0.068050 0.002604 
30.286 -0.2111 -0.2192 0.3303 0.5689 -0.065433 0.003373 
30.315 -0.2142 -0.2211 0.3240 0.5694 -0.068050 0.003024 
30.344 -0.2029 -0.2038 0.3179 0.5698 -0.068050 0.002829 
30.373 -0.1959 -0.2146 0.3118 0.5702 -0.068050 0.001980 
30.402 -0.2168 -0.2167 0.3056 0.5706 -0.070667 0.001644 
30.431 -0.2086 -0.2237 0.2995 0.5711 -0.070667 0.002805 
30.460 -0.2207 -0.2225 0.2932 0.5715 -0.073284 0.004161 
30.489 -0.2064 -0.2003 0.2869 0.5720 -0.070667 0.004096 
30.518 -0.2052 -0.2181 0.2809 0.5724 -0.070667 0.004233 
30.547 -0.2289 -0.2082 0.2748 0.5728 -0.070667 0.004448 
30.576 -0.2431 -0.2193 0.2689 0.5732 -0.073284 0.004652 
30.605 -0.1862 -0.2146 0.2629 0.5737 -0.073284 0.005117 
30.634 -0.2007 -0.2200 0.2568 0.5741 -0.073284 0.005728 
30.663 -0.2437 -0.2128 0.2511 0.5745 -0.073284 0.006261 
30.692 -0.2337 -0.1917 0.2453 0.5750 -0.075902 0.006141 
30.721 -0.1858 -0.1976 0.2396 0.5754 -0.075902 0.006124 
30.750 -0.1899 -0.1950 0.2337 0.5758 -0.073284 0.004945 
30.779 -0.1862 -0.1799 0.2283 0.5762 -0.070667 0.004501 
30.808 -0.1927 -0.1975 0.2226 0.5767 -0.070667 0.005087 
30.837 -0.1871 -0.2051 0.2170 0.5771 -0.070667 0.005429 
30.866 -0.1929 -0.1764 0.2115 0.5774 -0.068050 0.005235 
30.895 -0.1888 -0.1741 0.2060 0.5778 -0.065433 0.005466 
30.924 -0.2061 -0.1946 0.2006 0.5782 -0.068050 0.005719 
30.953 -0.1810 -0.1920 0.1951 0.5785 -0.065433 0.006581 
30.982 -0.1699 -0.1841 0.1898 0.5789 -0.065433 0.006668 
31.011 -0.2004 -0.1933 0.1846 0.5792 -0.065433 0.006772 
