% Freja (4)
%  1    time 0.003 sec
%  2  3 Motor voltage [V] left, right: 3.78 3.78
%  4  5 Wheel velocity [m/s] left, right: 0.0000 0.0000
%  6  7  8  9 Pose x,y,h,tilt [m,m,rad,rad]: 0 0 0 -3.08653
0.003 3.78 3.78 0.0000 0.0000 0.0000 0.0000 0.000000 -3.086533 
0.008 4.04 4.04 0.0000 0.0000 0.0004 -0.0000 0.000000 -3.086450 
0.013 1.07 1.13 0.2558 0.2557 0.0016 -0.0000 0.000000 -3.086511 
0.018 0.97 0.57 0.2656 0.3031 0.0032 -0.0000 0.000000 -3.086430 
0.023 1.07 0.83 0.2600 0.2817 0.0045 0.0000 0.000000 -3.086429 
0.028 1.10 1.05 0.2605 0.2654 0.0059 0.0000 0.002617 -3.086313 
0.033 0.99 1.06 0.2718 0.2661 0.0071 0.0000 0.002617 -3.086251 
0.038 1.11 1.10 0.2643 0.2659 0.0085 0.0000 0.000000 -3.086363 
0.043 1.07 1.09 0.2698 0.2693 0.0097 0.0000 0.000000 -3.086335 
0.048 1.10 1.14 0.2696 0.2678 0.0112 0.0000 0.002617 -3.086380 
0.053 1.09 1.12 0.2726 0.2709 0.0126 0.0000 0.000000 -3.086384 
0.058 1.00 1.09 0.2814 0.2756 0.0138 0.0000 0.000000 -3.086407 
0.063 1.10 1.21 0.2753 0.2680 0.0154 0.0000 0.000000 -3.086423 
0.068 1.05 1.09 0.2815 0.2798 0.0166 0.0000 0.000000 -3.086376 
0.073 1.13 1.12 0.2760 0.2789 0.0181 0.0000 0.002617 -3.086390 
0.078 1.08 1.11 0.2816 0.2817 0.0195 0.0000 0.000000 -3.086391 
0.083 1.13 1.17 0.2786 0.2777 0.0207 0.0000 0.000000 -3.086435 
0.088 1.17 1.17 0.2775 0.2795 0.0223 0.0000 0.000000 -3.086376 
0.093 1.10 1.19 0.2847 0.2790 0.0235 0.0000 0.000000 -3.086362 
0.098 1.12 1.16 0.2842 0.2826 0.0252 0.0000 0.000000 -3.086388 
0.103 1.07 1.09 0.2895 0.2898 0.0264 0.0000 0.000000 -3.086424 
0.108 1.19 1.18 0.2809 0.2833 0.0280 0.0000 0.000000 -3.086475 
0.113 1.15 1.16 0.2854 0.2861 0.0292 0.0000 0.000000 -3.086445 
0.118 1.20 1.18 0.2817 0.2855 0.0308 0.0000 0.000000 -3.086467 
0.123 1.14 1.16 0.2877 0.2883 0.0320 0.0000 0.000000 -3.086464 
0.128 1.15 1.20 0.2880 0.2853 0.0337 0.0000 0.000000 -3.086435 
0.133 1.16 1.19 0.2875 0.2874 0.0349 0.0000 0.000000 -3.086399 
0.138 1.10 1.19 0.2934 0.2881 0.0365 0.0000 0.000000 -3.086433 
0.143 1.19 1.16 0.2871 0.2909 0.0379 0.0000 0.002617 -3.086427 
0.148 1.08 1.10 0.2966 0.2965 0.0394 0.0000 0.000000 -3.086449 
0.153 4.79 4.82 0.2987 0.2983 0.0410 0.0000 0.000000 -3.086462 
0.158 3.21 3.80 0.4459 0.4009 0.0430 0.0000 0.000000 -3.086375 
0.163 2.40 2.78 0.5223 0.4958 0.0452 0.0000 -0.002617 -3.086481 
0.168 2.17 2.32 0.5462 0.5397 0.0479 0.0000 0.000000 -3.086457 
0.173 2.12 2.12 0.5536 0.5600 0.0507 0.0000 0.000000 -3.086395 
0.178 2.11 2.12 0.5578 0.5626 0.0535 0.0000 0.000000 -3.086406 
0.183 2.06 2.31 0.5646 0.5497 0.0564 0.0000 0.000000 -3.086346 
0.188 2.02 2.05 0.5703 0.5730 0.0592 0.0000 0.000000 -3.086361 
0.193 2.08 2.09 0.5678 0.5722 0.0621 0.0000 0.000000 -3.086360 
0.198 2.09 2.06 0.5688 0.5762 0.0649 -0.0000 0.000000 -3.086314 
0.203 2.06 2.11 0.5728 0.5737 0.0677 -0.0000 0.000000 -3.086382 
0.208 2.01 2.06 0.5787 0.5794 0.0706 -0.0000 0.000000 -3.086411 
0.213 2.03 1.98 0.5794 0.5879 0.0734 -0.0000 0.000000 -3.086392 
0.218 2.03 2.12 0.5804 0.5779 0.0763 -0.0000 0.000000 -3.086395 
0.223 2.09 2.13 0.5773 0.5782 0.0793 -0.0000 -0.002617 -3.086380 
0.228 2.05 2.10 0.5816 0.5823 0.0822 -0.0000 -0.002617 -3.086378 
0.233 1.98 2.09 0.5888 0.5841 0.0852 -0.0000 0.000000 -3.086408 
0.238 2.04 2.03 0.5851 0.5898 0.0880 -0.0000 0.000000 -3.086410 
0.243 2.09 2.09 0.5822 0.5859 0.0909 -0.0000 0.000000 -3.086401 
0.248 2.34 2.13 0.5620 0.5836 0.0937 -0.0000 0.000000 -3.086380 
0.253 2.05 2.08 0.5879 0.5889 0.0968 -0.0000 -0.002617 -3.086349 
0.258 2.10 2.08 0.5845 0.5897 0.0998 -0.0000 0.000000 -3.086339 
0.263 2.11 2.06 0.5847 0.5921 0.1026 -0.0000 0.000000 -3.086351 
0.268 2.13 2.10 0.5841 0.5892 0.1055 -0.0000 0.000000 -3.086396 
0.273 2.11 2.18 0.5860 0.5837 0.1085 -0.0000 -0.002617 -3.086428 
0.278 2.12 2.11 0.5858 0.5905 0.1116 -0.0000 0.000000 -3.086422 
0.283 2.08 2.11 0.5898 0.5906 0.1144 -0.0000 0.000000 -3.086476 
0.288 2.40 2.05 0.5643 0.5962 0.1174 -0.0000 -0.002617 -3.086455 
0.293 2.04 2.06 0.5952 0.5962 0.1205 -0.0000 0.000000 -3.086453 
0.298 2.10 2.08 0.5906 0.5946 0.1233 -0.0000 0.000000 -3.086449 
0.303 2.11 2.12 0.5901 0.5914 0.1264 -0.0001 -0.002617 -3.086465 
0.308 2.09 2.16 0.5926 0.5893 0.1294 -0.0001 0.000000 -3.086458 
0.313 2.08 2.10 0.5938 0.5949 0.1323 -0.0001 0.000000 -3.086429 
0.318 2.04 2.09 0.5983 0.5959 0.1351 -0.0001 0.000000 -3.086393 
0.323 2.01 2.05 0.6003 0.5995 0.1383 -0.0001 0.000000 -3.086392 
0.328 2.13 2.09 0.5907 0.5959 0.1412 -0.0001 0.000000 -3.086395 
0.333 2.05 2.14 0.5982 0.5923 0.1440 -0.0001 0.000000 -3.086403 
0.338 2.06 2.19 0.5976 0.5889 0.1473 -0.0001 0.000000 -3.086421 
0.343 2.03 2.10 0.6004 0.5966 0.1501 -0.0001 0.000000 -3.086442 
0.348 2.09 2.05 0.5951 0.6007 0.1529 -0.0001 0.000000 -3.086449 
0.353 2.07 2.09 0.5977 0.5977 0.1562 -0.0001 0.000000 -3.086422 
0.358 2.12 2.12 0.5936 0.5952 0.1590 -0.0001 0.000000 -3.086435 
0.363 2.12 2.18 0.5938 0.5909 0.1619 -0.0001 0.000000 -3.086455 
0.368 2.09 2.15 0.5970 0.5934 0.1651 -0.0001 0.000000 -3.086476 
0.373 2.04 2.11 0.6013 0.5971 0.1680 -0.0001 0.000000 -3.086494 
0.378 2.08 2.07 0.5976 0.6008 0.1710 -0.0001 -0.002617 -3.086504 
0.383 2.11 2.10 0.5961 0.5985 0.1740 -0.0001 0.000000 -3.086460 
0.388 2.13 2.10 0.5942 0.5986 0.1769 -0.0001 0.000000 -3.086421 
0.393 2.13 2.15 0.5948 0.5943 0.1799 -0.0001 -0.002617 -3.086377 
0.398 2.10 2.14 0.5975 0.5955 0.1830 -0.0001 0.000000 -3.086351 
0.403 2.03 2.08 0.6035 0.6000 0.1858 -0.0001 0.000000 -3.086345 
0.408 2.02 2.04 0.6043 0.6037 0.1888 -0.0001 -0.002617 -3.086381 
0.413 2.13 2.06 0.5953 0.6018 0.1919 -0.0001 0.000000 -3.086331 
0.418 2.13 2.15 0.5958 0.5951 0.1947 -0.0001 0.000000 -3.086337 
0.423 2.09 2.10 0.5989 0.5990 0.1980 -0.0001 0.000000 -3.086338 
0.428 2.15 2.15 0.5943 0.5952 0.2008 -0.0001 0.000000 -3.086336 
0.433 2.08 2.12 0.6003 0.5981 0.2039 -0.0001 -0.002617 -3.086457 
0.438 2.07 2.09 0.6013 0.6005 0.2069 -0.0001 0.000000 -3.086472 
0.443 2.10 2.01 0.5991 0.6068 0.2097 -0.0001 0.000000 -3.086485 
0.448 2.14 2.08 0.5957 0.6008 0.2130 -0.0001 0.000000 -3.086509 
0.453 2.14 2.10 0.5958 0.5992 0.2158 -0.0001 0.000000 -3.086491 
0.458 2.10 2.18 0.5992 0.5929 0.2187 -0.0001 0.000000 -3.086496 
0.463 2.11 2.15 0.5981 0.5952 0.2219 -0.0001 0.000000 -3.086492 
0.468 2.01 2.13 0.6063 0.5972 0.2247 -0.0001 0.000000 -3.086482 
0.473 2.08 2.05 0.6006 0.6040 0.2276 -0.0001 0.000000 -3.086501 
0.478 2.09 2.04 0.5998 0.6045 0.2308 -0.0001 0.000000 -3.086448 
0.483 2.12 2.12 0.5976 0.5976 0.2337 -0.0001 0.000000 -3.086446 
0.488 2.12 2.11 0.5980 0.5989 0.2369 -0.0001 0.000000 -3.086445 
0.493 2.13 2.13 0.5972 0.5969 0.2398 -0.0001 0.000000 -3.086422 
0.498 2.04 2.10 0.6050 0.5994 0.2426 -0.0001 0.000000 -3.086470 
0.503 2.04 2.09 0.6049 0.6007 0.2458 -0.0001 0.000000 -3.086471 
0.508 2.10 2.01 0.5999 0.6075 0.2487 -0.0001 0.000000 -3.086489 
0.513 2.14 2.07 0.5964 0.6024 0.2519 -0.0001 0.000000 -3.086474 
0.518 2.12 2.08 0.5984 0.6008 0.2548 -0.0001 0.000000 -3.086463 
0.523 2.10 2.16 0.5997 0.5946 0.2576 -0.0001 0.000000 -3.086473 
0.528 2.13 2.14 0.5970 0.5962 0.2609 -0.0001 0.000000 -3.086484 
0.533 2.01 2.08 0.6076 0.6007 0.2637 -0.0001 0.000000 -3.086476 
0.538 2.08 2.07 0.6011 0.6018 0.2665 -0.0001 0.000000 -3.086469 
0.543 2.09 2.04 0.6007 0.6043 0.2698 -0.0001 0.000000 -3.086447 
0.548 2.11 2.12 0.5988 0.5983 0.2726 -0.0001 0.000000 -3.086422 
0.553 2.11 2.09 0.5991 0.6006 0.2759 -0.0001 0.000000 -3.086403 
0.558 2.12 2.15 0.5978 0.5950 0.2787 -0.0001 0.000000 -3.086407 
0.563 2.05 2.12 0.6037 0.5981 0.2815 -0.0001 0.000000 -3.086448 
0.568 2.06 2.11 0.6030 0.5990 0.2848 -0.0001 0.000000 -3.086466 
0.573 2.09 2.02 0.6005 0.6068 0.2876 -0.0001 0.000000 -3.086462 
0.578 2.11 2.05 0.5987 0.6037 0.2909 -0.0001 0.000000 -3.086466 
0.583 2.14 2.10 0.5961 0.6001 0.2937 -0.0001 0.000000 -3.086448 
0.588 2.09 2.15 0.6005 0.5956 0.2966 -0.0001 0.000000 -3.086439 
0.593 2.10 2.14 0.5997 0.5964 0.2998 -0.0001 0.000000 -3.086459 
0.598 2.02 2.09 0.6065 0.6003 0.3026 -0.0001 0.000000 -3.086467 
0.603 2.03 2.05 0.6051 0.6037 0.3057 -0.0001 -0.002617 -3.086468 
0.608 2.11 2.03 0.5993 0.6056 0.3087 -0.0001 0.000000 -3.086417 
0.613 2.11 2.10 0.5991 0.5994 0.3116 -0.0001 0.000000 -3.086402 
0.618 2.10 2.08 0.5995 0.6015 0.3148 -0.0001 0.000000 -3.086392 
0.623 2.09 2.14 0.6004 0.5963 0.3176 -0.0001 0.000000 -3.086381 
0.628 2.09 2.11 0.6005 0.5990 0.3207 -0.0001 -0.002617 -3.086382 
0.633 2.06 2.10 0.6028 0.5996 0.3237 -0.0001 0.000000 -3.086391 
0.638 2.09 2.06 0.6008 0.6028 0.3266 -0.0001 0.000000 -3.086415 
0.643 2.11 2.08 0.5986 0.6020 0.3298 -0.0001 0.000000 -3.086426 
0.648 2.15 2.08 0.5959 0.6010 0.3327 -0.0001 0.000000 -3.086433 
0.653 -4.94 -5.11 0.5824 0.5961 0.3355 -0.0001 0.000000 -3.086445 
0.658 -3.43 -3.76 0.4190 0.4448 0.3383 -0.0001 0.000000 -3.086493 
0.663 -1.38 -1.83 0.2251 0.2604 0.3396 -0.0001 0.000000 -3.086431 
0.668 -0.47 -0.79 0.1386 0.1594 0.3402 -0.0001 0.002617 -3.086343 
0.673 -0.10 -0.31 0.0998 0.1110 0.3406 -0.0001 0.002617 -3.086393 
0.678 0.31 0.04 0.0604 0.0762 0.3410 -0.0001 0.002617 -3.086460 
0.683 0.30 0.29 0.0569 0.0502 0.3410 -0.0001 0.002617 -3.086483 
0.688 0.41 0.44 0.0448 0.0349 0.3414 -0.0001 0.002617 -3.086237 
0.693 0.37 0.41 0.0448 0.0349 0.3414 -0.0001 0.002617 -3.086223 
0.698 0.51 0.38 0.0303 0.0349 0.3414 -0.0001 0.002617 -3.086230 
0.703 0.59 0.47 0.0221 0.0256 0.3416 -0.0001 0.005235 -3.086244 
