% Freja (4)
%  1    time 0.000 sec
%  2  3 Motor voltage [V] left, right: 6.00 6.00
%  4  5 Motor current left, right [A]: 0.146 0.146
%  6  7 Wheel velocity [m/s] left, right: 0.0000 -0.0000
0.000 6.00 6.00 -0.002 -0.002 0.0000 -0.0000 
0.001 6.00 6.00 0.178 0.049 0.0000 -0.0000 
0.002 6.00 6.00 0.773 0.581 0.0000 -0.0000 
0.003 6.00 6.00 1.117 0.995 0.0000 -0.0000 
0.004 6.00 6.00 1.340 1.270 0.0000 -0.0000 
0.005 6.00 6.00 1.505 1.375 0.0000 0.0000 
0.006 6.00 6.00 1.568 1.432 0.0000 0.0000 
0.007 5.73 6.00 1.517 1.445 0.2666 0.0000 
0.008 5.69 6.00 1.549 1.435 0.3117 0.0000 
0.009 5.67 5.70 1.620 1.394 0.3258 0.2970 
0.010 5.63 5.66 1.487 1.413 0.3725 0.3448 
0.011 5.59 5.61 1.437 1.319 0.4091 0.3870 
0.012 5.55 5.60 1.432 1.304 0.4444 0.3992 
0.013 5.52 5.52 1.379 1.284 0.4833 0.4810 
0.014 5.46 5.48 1.331 1.028 0.5383 0.5240 
0.015 5.42 5.50 1.298 0.962 0.5792 0.4987 
0.016 5.37 5.42 1.349 0.952 0.6267 0.5763 
0.017 5.40 5.38 1.089 1.013 0.6032 0.6195 
0.018 5.31 5.34 1.023 1.043 0.6898 0.6585 
0.019 5.31 5.35 1.008 0.971 0.6890 0.6537 
0.020 5.30 5.34 1.015 0.917 0.6989 0.6613 
0.021 5.25 5.34 0.965 0.808 0.7449 0.6604 
0.022 5.24 5.25 1.140 0.788 0.7627 0.7449 
0.023 5.20 5.25 0.906 0.784 0.7993 0.7514 
0.024 5.21 5.23 0.958 0.726 0.7918 0.7718 
0.025 5.16 5.16 0.860 0.674 0.8362 0.8393 
0.026 5.18 5.17 0.737 0.709 0.8159 0.8326 
0.027 5.12 5.19 0.690 0.742 0.8809 0.8113 
0.028 5.12 5.16 0.655 0.720 0.8821 0.8360 
0.029 5.08 5.11 0.660 0.691 0.9212 0.8894 
0.030 5.00 5.15 0.661 0.679 0.9956 0.8532 
0.031 5.03 5.08 0.620 0.683 0.9669 0.9240 
0.032 5.05 5.04 0.673 0.568 0.9528 0.9605 
0.033 5.02 5.04 0.597 0.583 0.9768 0.9617 
0.034 4.92 5.01 0.586 0.602 1.0740 0.9859 
0.035 4.99 5.05 0.819 0.594 1.0117 0.9461 
0.036 4.98 4.99 0.634 0.546 1.0156 1.0143 
0.037 4.96 4.96 0.544 0.515 1.0358 1.0419 
0.038 4.92 4.95 0.546 0.485 1.0747 1.0469 
0.039 4.96 4.94 0.649 0.511 1.0445 1.0601 
0.040 4.92 4.95 0.489 0.490 1.0773 1.0493 
0.041 4.89 4.89 0.522 0.517 1.1132 1.1128 
0.042 4.89 4.96 0.475 0.442 1.1041 1.0359 
0.043 4.86 4.91 0.451 0.385 1.1383 1.0866 
0.044 4.86 4.91 0.455 0.375 1.1443 1.0934 
0.045 4.89 4.87 0.494 0.384 1.1074 1.1256 
0.046 4.88 4.89 0.384 0.396 1.1180 1.1061 
0.047 4.83 4.89 0.372 0.422 1.1711 1.1061 
0.048 4.77 4.86 0.412 0.403 1.2327 1.1368 
0.049 4.81 4.86 0.393 0.377 1.1888 1.1444 
0.050 4.85 4.86 0.409 0.355 1.1523 1.1431 
0.051 4.83 4.82 0.352 0.357 1.1688 1.1777 
0.052 4.76 4.81 0.307 0.354 1.2351 1.1851 
0.053 4.80 4.81 0.394 0.334 1.1969 1.1850 
0.054 4.77 4.83 0.341 0.313 1.2287 1.1670 
0.055 4.74 4.79 0.545 0.298 1.2570 1.2110 
0.056 4.79 4.78 0.292 0.313 1.2072 1.2228 
0.057 4.81 4.79 0.230 0.322 1.1923 1.2072 
0.058 4.75 4.78 0.223 0.343 1.2456 1.2245 
0.059 4.73 4.76 0.434 0.301 1.2668 1.2382 
0.060 4.74 4.80 0.268 0.240 1.2634 1.1957 
0.061 4.79 4.70 0.186 0.251 1.2138 1.3049 
0.062 4.78 4.80 0.169 0.253 1.2199 1.1994 
0.063 4.73 4.77 0.290 0.294 1.2728 1.2291 
0.064 4.66 4.73 0.276 0.295 1.3421 1.2736 
0.065 4.72 4.75 0.190 0.264 1.2800 1.2467 
0.066 4.76 4.70 0.165 0.239 1.2381 1.2973 
0.067 4.73 4.78 0.136 0.249 1.2665 1.2191 
0.068 4.72 4.73 0.133 0.291 1.2825 1.2690 
0.069 4.70 4.70 0.112 0.274 1.3014 1.2972 
0.070 4.71 4.69 0.083 0.231 1.2850 1.3101 
0.071 4.74 4.75 0.154 0.217 1.2574 1.2536 
0.072 4.69 4.76 0.135 0.205 1.3103 1.2342 
0.073 4.66 4.64 0.121 0.217 1.3383 1.3541 
0.074 4.62 4.75 0.210 0.216 1.3794 1.2505 
0.075 4.70 4.70 0.219 0.183 1.3026 1.3010 
0.076 4.74 4.69 0.227 0.177 1.2563 1.3103 
0.077 4.66 4.74 0.180 0.192 1.3432 1.2632 
0.078 4.66 4.71 0.213 0.265 1.3387 1.2916 
0.079 4.59 4.66 0.208 0.226 1.4111 1.3446 
0.080 4.66 4.68 0.181 0.199 1.3404 1.3175 
0.081 4.69 4.64 0.200 0.192 1.3106 1.3626 
0.082 4.59 4.72 0.146 0.199 1.4122 1.2754 
0.083 4.67 4.68 0.187 0.219 1.3343 1.3210 
0.084 4.65 4.68 0.225 0.209 1.3531 1.3217 
0.085 4.63 4.65 0.219 0.159 1.3708 1.3478 
0.086 4.67 4.62 0.167 0.144 1.3253 1.3832 
0.087 4.69 4.72 0.137 0.167 1.3065 1.2774 
0.088 4.65 4.65 0.205 0.194 1.3482 1.3451 
0.089 4.61 4.64 0.181 0.178 1.3897 1.3554 
0.090 4.62 4.69 0.158 0.141 1.3758 1.3058 
0.091 4.60 4.63 0.230 0.153 1.3952 1.3737 
0.092 4.67 4.66 0.076 0.151 1.3273 1.3398 
0.093 4.66 4.68 0.135 0.186 1.3367 1.3226 
0.094 4.63 4.71 0.156 0.176 1.3724 1.2904 
0.095 4.69 4.62 0.209 0.167 1.3139 1.3756 
0.096 4.67 4.62 0.174 0.186 1.3276 1.3756 
0.097 4.65 4.63 0.158 0.167 1.3478 1.3732 
0.098 4.65 4.62 0.143 0.180 1.3487 1.3752 
0.099 4.66 4.60 0.122 0.141 1.3376 1.3974 
0.100 4.68 4.66 0.120 0.123 1.3163 1.3360 
0.101 4.63 4.61 0.095 0.140 1.3716 1.3903 
0.102 4.61 4.57 0.078 0.141 1.3878 1.4307 
0.103 4.57 4.68 0.171 0.115 1.4347 1.3215 
0.104 4.65 4.67 0.147 0.068 1.3533 1.3329 
0.105 4.70 4.55 0.137 0.112 1.3048 1.4509 
0.106 4.67 4.67 0.097 0.106 1.3326 1.3270 
0.107 4.61 4.65 0.129 0.152 1.3862 1.3464 
0.108 4.58 4.63 0.143 0.170 1.4224 1.3719 
0.109 4.70 4.60 0.161 0.141 1.2970 1.3997 
0.110 4.65 4.60 0.172 0.158 1.3502 1.3990 
0.111 4.59 4.58 0.074 0.129 1.4139 1.4188 
0.112 4.63 4.61 0.125 0.134 1.3673 1.3888 
0.113 4.64 4.65 0.112 0.103 1.3569 1.3538 
0.114 4.59 4.65 0.104 0.110 1.4062 1.3475 
0.115 4.62 4.60 0.218 0.112 1.3839 1.4021 
0.116 4.58 4.56 0.104 0.126 1.4163 1.4415 
0.117 4.62 4.66 0.134 0.133 1.3843 1.3374 
0.118 4.63 4.61 0.128 0.084 1.3696 1.3854 
0.119 4.68 4.54 0.090 0.100 1.3205 1.4637 
0.120 4.59 4.66 0.145 0.108 1.4092 1.3361 
0.121 4.60 4.64 0.074 0.140 1.4012 1.3542 
0.122 4.53 4.62 0.092 0.154 1.4732 1.3834 
0.123 4.69 4.62 0.055 0.112 1.3104 1.3826 
0.124 4.64 4.59 0.069 0.111 1.3623 1.4100 
0.125 4.55 4.57 0.040 0.118 1.4448 1.4259 
0.126 4.62 4.59 0.103 0.125 1.3785 1.4073 
0.127 4.60 4.63 0.045 0.116 1.4008 1.3672 
0.128 4.58 4.64 0.056 0.106 1.4158 1.3596 
0.129 4.60 4.58 0.098 0.123 1.3989 1.4150 
0.130 4.58 4.54 0.066 0.112 1.4221 1.4595 
0.131 4.61 4.65 0.131 0.122 1.3930 1.3466 
0.132 4.63 4.64 0.091 0.082 1.3690 1.3599 
0.133 4.67 4.52 0.107 0.106 1.3286 1.4788 
0.134 4.58 4.61 0.067 0.114 1.4179 1.3910 
0.135 4.59 4.63 0.057 0.139 1.4097 1.3705 
0.136 4.52 4.60 0.082 0.137 1.4821 1.3959 
0.137 4.68 4.58 0.091 0.103 1.3183 1.4219 
0.138 4.63 4.58 0.147 0.122 1.3665 1.4209 
0.139 4.56 4.58 0.120 0.099 1.4438 1.4195 
0.140 4.63 4.59 0.138 0.135 1.3704 1.4110 
0.141 4.60 4.56 0.123 0.102 1.3989 1.4363 
0.142 4.59 4.63 0.184 0.108 1.4136 1.3652 
0.143 4.60 4.66 0.119 0.116 1.3970 1.3350 
0.144 4.58 4.53 0.087 0.117 1.4238 1.4684 
0.145 4.61 4.58 0.131 0.124 1.3912 1.4228 
0.146 4.63 4.63 0.111 0.072 1.3678 1.3648 
0.147 4.67 4.57 0.120 0.080 1.3286 1.4333 
0.148 4.58 4.61 0.113 0.100 1.4172 1.3940 
0.149 4.58 4.55 0.071 0.148 1.4142 1.4471 
0.150 4.52 4.66 0.102 0.127 1.4818 1.3420 
0.151 4.68 4.62 0.088 0.105 1.3159 1.3800 
0.152 4.63 4.58 0.116 0.090 1.3698 1.4205 
0.153 4.54 4.61 0.056 0.113 1.4613 1.3911 
0.154 4.62 4.57 0.112 0.130 1.3829 1.4336 
0.155 4.60 4.56 0.078 0.082 1.4022 1.4359 
0.156 4.57 4.54 0.048 0.106 1.4251 1.4641 
0.157 4.59 4.65 0.036 0.108 1.4045 1.3476 
0.158 4.57 4.58 0.029 0.107 1.4304 1.4157 
0.159 4.60 4.58 0.082 0.090 1.3978 1.4232 
0.160 4.62 4.59 0.036 0.076 1.3819 1.4066 
0.161 4.67 4.57 0.021 0.088 1.3343 1.4342 
0.162 4.58 4.63 -0.003 0.102 1.4223 1.3663 
0.163 4.58 4.55 0.034 0.137 1.4146 1.4521 
0.164 4.52 4.59 0.112 0.106 1.4805 1.4040 
0.165 4.67 4.61 0.082 0.107 1.3272 1.3862 
0.166 4.62 4.64 0.069 0.111 1.3760 1.3555 
0.167 4.56 4.60 0.093 0.122 1.4351 1.4038 
0.168 4.61 4.58 0.119 0.122 1.3881 1.4227 
0.169 4.62 4.57 0.133 0.082 1.3760 1.4274 
0.170 4.57 4.57 0.211 0.080 1.4283 1.4345 
0.171 4.59 4.59 0.128 0.088 1.4081 1.4104 
0.172 4.57 4.58 0.082 0.103 1.4331 1.4217 
0.173 4.60 4.58 0.112 0.069 1.3971 1.4147 
0.174 4.62 4.58 0.092 0.064 1.3741 1.4168 
0.175 4.67 4.53 0.106 0.085 1.3341 1.4674 
0.176 4.64 4.61 0.145 0.084 1.3599 1.3880 
0.177 4.58 4.56 0.121 0.164 1.4141 1.4422 
0.178 4.55 4.57 0.188 0.118 1.4497 1.4336 
0.179 4.68 4.54 0.115 0.097 1.3218 1.4578 
0.180 4.63 4.55 0.040 0.104 1.3732 1.4510 
0.181 4.56 4.65 0.037 0.099 1.4387 1.3510 
0.182 4.61 4.61 0.083 0.102 1.3885 1.3867 
0.183 4.62 4.57 0.055 0.086 1.3805 1.4293 
0.184 4.57 4.57 0.053 0.089 1.4283 1.4326 
0.185 4.59 4.59 0.090 0.097 1.4057 1.4121 
0.186 4.56 4.64 0.045 0.101 1.4396 1.3624 
0.187 4.53 4.59 0.093 0.068 1.4678 1.4135 
0.188 4.61 4.50 0.104 0.037 1.3887 1.4943 
0.189 4.66 4.64 0.105 0.084 1.3384 1.3626 
0.190 4.63 4.62 0.071 0.097 1.3647 1.3836 
0.191 4.58 4.59 0.094 0.129 1.4169 1.4075 
0.192 4.55 4.56 0.120 0.093 1.4515 1.4387 
0.193 4.67 4.57 0.130 0.104 1.3254 1.4338 
0.194 4.62 4.56 0.101 0.067 1.3751 1.4354 
0.195 4.56 4.57 0.153 0.108 1.4424 1.4258 
0.196 4.60 4.56 0.172 0.085 1.3958 1.4431 
0.197 4.62 4.62 0.159 0.103 1.3826 1.3790 
0.198 4.64 4.65 0.138 0.084 1.3639 1.3515 
0.199 4.58 4.52 0.124 0.097 1.4179 1.4804 
0.200 4.57 4.57 0.151 0.104 1.4295 1.4307 
0.201 4.53 4.62 0.154 0.070 1.4746 1.3750 
0.202 4.62 4.55 0.079 0.072 1.3827 1.4463 
0.203 4.63 4.59 0.104 0.091 1.3687 1.4080 
0.204 4.63 4.54 0.074 0.115 1.3681 1.4567 
0.205 4.61 4.65 0.128 0.076 1.3924 1.3510 
0.206 4.55 4.61 0.160 0.083 1.4507 1.3939 
0.207 4.63 4.57 0.102 0.086 1.3690 1.4290 
0.208 4.62 4.59 0.082 0.102 1.3838 1.4128 
0.209 4.60 4.56 0.088 0.107 1.3981 1.4379 
0.210 4.60 4.56 0.080 0.083 1.3979 1.4357 
0.211 4.60 4.53 0.034 0.085 1.3959 1.4739 
0.212 4.64 4.58 0.066 0.073 1.3619 1.4172 
0.213 4.63 4.58 0.020 0.101 1.3641 1.4236 
0.214 4.57 4.58 0.006 0.076 1.4329 1.4217 
0.215 4.55 4.58 0.034 0.083 1.4538 1.4174 
0.216 4.56 4.52 0.074 0.078 1.4373 1.4795 
0.217 4.63 4.62 0.051 0.057 1.3723 1.3783 
0.218 4.62 4.55 0.027 0.087 1.3785 1.4479 
0.219 4.60 4.58 0.113 0.056 1.3978 1.4158 
0.220 4.56 4.54 0.106 0.076 1.4367 1.4623 
0.221 4.63 4.63 0.111 0.079 1.3717 1.3645 
0.222 4.60 4.65 0.070 0.093 1.3987 1.3526 
0.223 4.60 4.57 0.082 0.114 1.3989 1.4300 
0.224 4.58 4.57 0.045 0.077 1.4199 1.4338 
0.225 4.60 4.56 0.035 0.107 1.3963 1.4408 
0.226 4.62 4.59 0.010 0.086 1.3833 1.4129 
0.227 4.63 4.57 0.048 0.111 1.3644 1.4250 
0.228 4.59 4.58 0.035 0.083 1.4099 1.4169 
0.229 4.55 4.58 0.047 0.083 1.4492 1.4229 
0.230 4.58 4.63 0.072 0.080 1.4189 1.3672 
0.231 4.55 4.61 0.109 0.089 1.4531 1.3933 
0.232 4.62 4.59 0.038 0.123 1.3837 1.4103 
0.233 4.60 4.56 0.052 0.106 1.4011 1.4392 
0.234 4.56 4.56 0.003 0.105 1.4370 1.4386 
0.235 4.63 4.54 0.064 0.077 1.3658 1.4563 
0.236 4.60 4.57 0.055 0.098 1.4008 1.4283 
0.237 4.59 4.61 0.040 0.096 1.4060 1.3896 
0.238 4.58 4.62 0.050 0.110 1.4217 1.3809 
0.239 4.56 4.56 0.081 0.124 1.4355 1.4374 
0.240 4.62 4.52 0.080 0.109 1.3751 1.4790 
0.241 4.62 4.63 0.050 0.118 1.3761 1.3654 
0.242 4.60 4.62 0.049 0.083 1.3975 1.3763 
0.243 4.62 4.51 0.048 0.104 1.3770 1.4860 
0.244 4.58 4.59 0.047 0.072 1.4146 1.4087 
0.245 4.56 4.61 0.037 0.101 1.4435 1.3866 
0.246 4.57 4.65 0.041 0.114 1.4266 1.3516 
0.247 4.61 4.56 0.055 0.115 1.3924 1.4365 
0.248 4.58 4.57 0.033 0.105 1.4140 1.4339 
0.249 4.64 4.56 0.072 0.093 1.3624 1.4385 
0.250 4.52 4.56 0.008 0.126 1.4808 1.4409 
0.251 4.60 4.55 0.072 0.084 1.3982 1.4525 
0.252 4.59 4.53 0.065 0.102 1.4131 1.4705 
0.253 4.56 4.64 0.089 0.084 1.4435 1.3558 
0.254 4.62 4.58 0.075 0.093 1.3791 1.4243 
0.255 4.62 4.58 0.013 0.091 1.3820 1.4236 
0.256 4.59 4.58 0.040 0.059 1.4041 1.4192 
0.257 4.61 4.52 0.043 0.078 1.3859 1.4763 
0.258 4.58 4.62 0.062 0.097 1.4236 1.3794 
0.259 4.56 4.55 0.048 0.126 1.4355 1.4504 
0.260 4.57 4.58 0.025 0.117 1.4333 1.4171 
0.261 4.50 4.54 0.080 0.096 1.4991 1.4648 
0.262 4.58 4.63 0.040 0.081 1.4219 1.3690 
0.263 4.62 4.64 0.093 0.089 1.3816 1.3557 
0.264 4.51 4.57 0.032 0.104 1.4875 1.4347 
0.265 4.61 4.56 0.065 0.118 1.3948 1.4362 
0.266 4.58 4.56 0.048 0.109 1.4186 1.4428 
0.267 4.57 4.59 0.070 0.095 1.4330 1.4139 
0.268 4.58 4.57 0.070 0.091 1.4155 1.4280 
0.269 4.62 4.59 0.002 0.069 1.3823 1.4110 
0.270 4.59 4.58 0.025 0.078 1.4079 1.4248 
0.271 4.61 4.64 0.015 0.100 1.3851 1.3624 
0.272 4.66 4.61 0.097 0.110 1.3422 1.3940 
0.273 4.57 4.59 0.010 0.127 1.4329 1.4103 
0.274 4.57 4.56 0.034 0.107 1.4270 1.4406 
0.275 4.50 4.56 0.097 0.102 1.4980 1.4361 
0.276 4.67 4.54 0.061 0.088 1.3262 1.4568 
0.277 4.62 4.57 0.062 0.112 1.3815 1.4287 
0.278 4.55 4.61 0.006 0.099 1.4440 1.3914 
0.279 4.61 4.62 0.063 0.089 1.3863 1.3846 
0.280 4.63 4.56 0.039 0.100 1.3732 1.4382 
0.281 4.58 4.52 0.053 0.081 1.4209 1.4785 
0.282 4.60 4.63 0.059 0.104 1.4013 1.3648 
0.283 4.57 4.62 0.036 0.065 1.4281 1.3740 
0.284 4.60 4.50 0.115 0.091 1.3975 1.4940 
0.285 4.62 4.59 0.061 0.103 1.3830 1.4063 
0.286 4.67 4.62 0.064 0.077 1.3335 1.3840 
0.287 4.65 4.65 0.059 0.107 1.3515 1.3483 
0.288 4.58 4.57 0.051 0.101 1.4151 1.4342 
0.289 4.56 4.57 0.094 0.081 1.4395 1.4286 
0.290 4.68 4.56 0.119 0.046 1.3229 1.4369 
0.291 4.62 4.56 0.028 0.081 1.3740 1.4376 
0.292 4.56 4.55 0.004 0.090 1.4374 1.4503 
0.293 4.61 4.53 0.101 0.106 1.3883 1.4683 
0.294 4.62 4.64 0.116 0.088 1.3789 1.3542 
0.295 4.57 4.58 0.099 0.101 1.4300 1.4226 
0.296 4.58 4.57 0.105 0.105 1.4185 1.4327 
0.297 4.56 4.58 0.097 0.082 1.4355 1.4153 
0.298 4.53 4.55 0.117 0.104 1.4719 1.4461 
0.299 4.61 4.62 0.085 0.072 1.3909 1.3816 
0.300 4.66 4.53 0.118 0.111 1.3411 1.4667 
0.301 4.63 4.58 0.105 0.110 1.3683 1.4159 
0.302 4.58 4.60 0.142 0.091 1.4217 1.3989 
0.303 4.54 4.64 0.117 0.094 1.4582 1.3575 
0.304 4.67 4.58 0.114 0.095 1.3284 1.4156 
0.305 4.62 4.57 0.127 0.095 1.3824 1.4307 
0.306 4.55 4.56 0.079 0.087 1.4467 1.4375 
0.307 4.60 4.56 0.128 0.104 1.3986 1.4426 
0.308 4.61 4.58 0.055 0.099 1.3869 1.4170 
0.309 4.64 4.57 0.014 0.111 1.3556 1.4320 
0.310 4.58 4.57 0.017 0.103 1.4198 1.4256 
0.311 4.58 4.57 0.045 0.088 1.4236 1.4251 
0.312 4.52 4.57 0.087 0.086 1.4791 1.4330 
0.313 4.57 4.60 0.085 0.093 1.4333 1.3966 
0.314 4.63 4.57 0.079 0.126 1.3710 1.4274 
0.315 4.64 4.56 0.016 0.111 1.3621 1.4420 
0.316 4.60 4.56 0.048 0.087 1.3962 1.4354 
0.317 4.57 4.54 0.059 0.076 1.4308 1.4605 
0.318 4.63 4.57 0.078 0.087 1.3709 1.4305 
0.319 4.62 4.61 0.091 0.100 1.3832 1.3918 
0.320 4.60 4.57 0.092 0.080 1.4003 1.4334 
0.321 4.60 4.56 0.150 0.108 1.3992 1.4395 
0.322 4.60 4.52 0.127 0.068 1.3986 1.4835 
0.323 4.64 4.63 0.154 0.091 1.3632 1.3691 
0.324 4.63 4.62 0.120 0.060 1.3658 1.3806 
0.325 4.56 4.50 0.125 0.081 1.4354 1.5021 
0.326 4.55 4.59 0.114 0.098 1.4498 1.4097 
0.327 4.56 4.60 0.101 0.107 1.4350 1.3951 
0.328 4.55 4.64 0.092 0.105 1.4515 1.3552 
0.329 4.61 4.56 0.032 0.045 1.3860 1.4395 
0.330 4.60 4.57 0.067 0.078 1.4000 1.4342 
0.331 4.56 4.56 0.059 0.077 1.4359 1.4378 
0.332 4.63 4.55 0.064 0.112 1.3724 1.4448 
0.333 4.60 4.55 0.091 0.058 1.3977 1.4491 
0.334 4.60 4.53 0.143 0.082 1.3988 1.4680 
0.335 4.58 4.65 0.096 0.084 1.4166 1.3505 
0.336 4.61 4.58 0.035 0.081 1.3917 1.4161 
0.337 4.63 4.57 0.063 0.075 1.3697 1.4308 
0.338 4.64 4.59 0.015 0.068 1.3601 1.4129 
0.339 4.60 4.55 0.002 0.101 1.4025 1.4443 
0.340 4.56 4.62 0.013 0.075 1.4438 1.3753 
0.341 4.58 4.54 0.056 0.107 1.4201 1.4621 
0.342 4.55 4.59 0.061 0.103 1.4473 1.4055 
0.343 4.62 4.61 0.119 0.100 1.3806 1.3931 
0.344 4.60 4.64 0.135 0.113 1.3959 1.3601 
0.345 4.56 4.59 0.050 0.110 1.4351 1.4132 
0.346 4.64 4.57 0.067 0.114 1.3619 1.4296 
0.347 4.60 4.56 0.048 0.092 1.3969 1.4356 
0.348 4.60 4.55 0.009 0.120 1.4025 1.4465 
0.349 4.58 4.58 0.043 0.049 1.4226 1.4163 
0.350 4.55 4.58 0.039 0.078 1.4519 1.4210 
0.351 4.62 4.58 0.067 0.071 1.3819 1.4247 
0.352 4.62 4.57 0.011 0.085 1.3821 1.4255 
0.353 4.59 4.52 0.037 0.066 1.4049 1.4758 
0.354 4.62 4.60 0.053 0.083 1.3849 1.3972 
0.355 4.58 4.55 0.059 0.110 1.4217 1.4512 
0.356 4.56 4.56 0.055 0.099 1.4358 1.4411 
0.357 4.57 4.53 0.013 0.108 1.4312 1.4658 
0.358 4.60 4.54 0.117 0.084 1.3977 1.4600 
0.359 4.58 4.64 0.097 0.079 1.4172 1.3568 
0.360 4.64 4.61 0.078 0.079 1.3562 1.3931 
0.361 4.51 4.56 0.009 0.080 1.4874 1.4366 
0.362 4.59 4.56 0.125 0.100 1.4046 1.4406 
0.363 4.58 4.52 0.067 0.111 1.4201 1.4767 
0.364 4.55 4.63 0.076 0.106 1.4483 1.3711 
0.365 4.58 4.58 0.078 0.072 1.4160 1.4183 
0.366 4.61 4.50 0.051 0.089 1.3857 1.5031 
0.367 4.59 4.58 0.070 0.076 1.4077 1.4142 
0.368 4.61 4.61 0.024 0.109 1.3860 1.3912 
0.369 4.66 4.64 0.048 0.101 1.3425 1.3564 
0.370 4.57 4.55 0.003 0.103 1.4263 1.4446 
0.371 4.57 4.56 0.030 0.114 1.4333 1.4366 
0.372 4.50 4.56 0.075 0.093 1.4977 1.4414 
0.373 4.58 4.55 0.101 0.112 1.4181 1.4501 
0.374 4.62 4.54 0.082 0.095 1.3820 1.4573 
0.375 4.51 4.52 0.006 0.099 1.4861 1.4767 
0.376 4.61 4.64 0.071 0.106 1.3945 1.3594 
0.377 4.58 4.57 0.166 0.084 1.4192 1.4261 
0.378 4.57 4.57 0.116 0.067 1.4332 1.4347 
0.379 4.58 4.58 0.093 0.077 1.4146 1.4144 
0.380 4.56 4.55 0.032 0.093 1.4355 1.4483 
0.381 4.59 4.62 0.112 0.091 1.4093 1.3800 
0.382 4.61 4.54 0.075 0.118 1.3924 1.4644 
0.383 4.66 4.58 0.121 0.108 1.3427 1.4149 
0.384 4.66 4.60 0.091 0.110 1.3408 1.3952 
0.385 4.58 4.63 0.082 0.101 1.4240 1.3652 
0.386 4.54 4.59 0.091 0.107 1.4598 1.4136 
0.387 4.67 4.56 0.097 0.110 1.3295 1.4374 
0.388 4.62 4.56 0.115 0.079 1.3829 1.4356 
0.389 4.55 4.56 0.056 0.116 1.4469 1.4412 
0.390 4.60 4.59 0.105 0.117 1.3955 1.4138 
0.391 4.61 4.57 0.105 0.100 1.3858 1.4277 
0.392 4.56 4.58 0.116 0.053 1.4358 1.4218 
0.393 4.58 4.58 0.068 0.072 1.4200 1.4189 
0.394 4.55 4.52 0.002 0.082 1.4442 1.4758 
0.395 4.52 4.60 0.073 0.096 1.4798 1.3951 
0.396 4.61 4.55 0.064 0.109 1.3902 1.4479 
0.397 4.64 4.56 0.033 0.102 1.3622 1.4389 
0.398 4.64 4.54 -0.004 0.077 1.3619 1.4624 
0.399 4.59 4.54 0.023 0.084 1.4138 1.4571 
0.400 4.55 4.64 0.050 0.099 1.4503 1.3542 
0.401 4.68 4.61 0.058 0.076 1.3225 1.3892 
0.402 4.62 4.57 0.081 0.077 1.3755 1.4328 
0.403 4.56 4.57 0.067 0.112 1.4394 1.4338 
0.404 4.61 4.58 0.136 0.102 1.3947 1.4154 
0.405 4.62 4.63 0.112 0.082 1.3816 1.3676 
0.406 4.64 4.58 0.149 0.064 1.3582 1.4199 
0.407 4.59 4.50 0.086 0.087 1.4137 1.4996 
0.408 4.57 4.59 0.082 0.091 1.4263 1.4098 
0.409 4.53 4.61 0.062 0.096 1.4716 1.3889 
0.410 4.61 4.59 0.096 0.093 1.3894 1.4121 
0.411 4.63 4.56 0.078 0.091 1.3671 1.4394 
0.412 4.63 4.56 0.017 0.117 1.3663 1.4377 
0.413 4.60 4.56 0.051 0.091 1.3962 1.4391 
0.414 4.54 4.58 0.057 0.110 1.4567 1.4219 
0.415 4.63 4.55 0.078 0.080 1.3695 1.4535 
0.416 4.62 4.53 0.036 0.061 1.3806 1.4718 
0.417 4.60 4.64 0.019 0.075 1.3991 1.3553 
0.418 4.60 4.57 0.089 0.097 1.3991 1.4251 
0.419 4.60 4.56 0.085 0.061 1.3968 1.4351 
0.420 4.64 4.58 0.164 0.067 1.3619 1.4172 
0.421 4.63 4.55 0.156 0.077 1.3686 1.4494 
0.422 4.57 4.62 0.110 0.098 1.4317 1.3796 
0.423 4.55 4.53 0.147 0.114 1.4484 1.4662 
0.424 4.57 4.58 0.142 0.053 1.4336 1.4174 
0.425 4.63 4.60 0.082 0.088 1.3733 1.3972 
0.426 4.61 4.64 0.024 0.086 1.3866 1.3633 
0.427 4.60 4.58 0.025 0.108 1.3974 1.4162 
0.428 4.56 4.57 0.044 0.110 1.4393 1.4349 
0.429 4.63 4.56 0.100 0.085 1.3725 1.4382 
0.430 4.60 4.56 0.059 0.099 1.4012 1.4428 
0.431 4.60 4.58 0.058 0.092 1.4008 1.4176 
0.432 4.57 4.56 0.070 0.101 1.4288 1.4360 
0.433 4.60 4.58 0.020 0.060 1.4035 1.4192 
0.434 4.61 4.58 0.124 0.082 1.3863 1.4249 
0.435 4.63 4.53 0.037 0.110 1.3668 1.4749 
0.436 4.59 4.61 0.056 0.112 1.4112 1.3949 
0.437 4.55 4.55 0.028 0.117 1.4509 1.4502 
0.438 4.57 4.56 0.091 0.080 1.4272 1.4407 
0.439 4.54 4.54 0.082 0.085 1.4563 1.4637 
0.440 4.56 4.54 0.060 0.075 1.4379 1.4570 
0.441 4.60 4.64 0.095 0.102 1.4019 1.3548 
0.442 4.58 4.61 0.055 0.109 1.4209 1.3854 
0.443 4.63 4.57 0.127 0.078 1.3668 1.4343 
0.444 4.60 4.56 0.039 0.098 1.3999 1.4364 
0.445 4.59 4.58 0.085 0.099 1.4098 1.4146 
0.446 4.58 4.64 0.090 0.114 1.4179 1.3628 
0.447 4.55 4.58 0.045 0.063 1.4538 1.4194 
0.448 4.62 4.50 0.078 0.103 1.3841 1.4982 
0.449 4.62 4.63 -0.006 0.103 1.3809 1.3664 
0.450 4.59 4.61 0.050 0.111 1.4089 1.3906 
0.451 4.61 4.59 0.100 0.108 1.3874 1.4127 
0.452 4.58 4.56 0.080 0.087 1.4210 1.4422 
0.453 4.58 4.56 0.060 0.099 1.4248 1.4392 
0.454 4.57 4.56 0.118 0.089 1.4294 1.4372 
0.455 4.51 4.57 0.101 0.101 1.4933 1.4283 
0.456 4.58 4.55 0.059 0.083 1.4148 1.4538 
0.457 4.62 4.53 0.062 0.088 1.3760 1.4736 
0.458 4.52 4.64 0.027 0.076 1.4826 1.3584 
0.459 4.60 4.58 0.112 0.095 1.3997 1.4245 
0.460 4.58 4.56 0.077 0.103 1.4162 1.4358 
0.461 4.56 4.58 0.103 0.082 1.4435 1.4184 
0.462 4.59 4.55 0.065 0.114 1.4092 1.4491 
0.463 4.62 4.62 0.101 0.083 1.3808 1.3809 
0.464 4.60 4.53 0.125 0.114 1.4031 1.4681 
0.465 4.61 4.58 0.127 0.099 1.3851 1.4188 
0.466 4.66 4.60 0.206 0.080 1.3394 1.3995 
0.467 4.57 4.63 0.139 0.076 1.4319 1.3673 
0.468 4.57 4.58 0.082 0.090 1.4300 1.4172 
0.469 4.51 4.56 0.109 0.103 1.4939 1.4375 
0.470 4.60 4.56 0.081 0.077 1.4024 1.4392 
0.471 4.62 4.55 0.162 0.097 1.3814 1.4459 
0.472 4.51 4.58 0.074 0.100 1.4854 1.4206 
0.473 4.61 4.56 0.095 0.104 1.3943 1.4365 
0.474 4.58 4.57 0.090 0.085 1.4188 1.4283 
0.475 4.57 4.57 0.103 0.060 1.4332 1.4312 
0.476 4.58 4.52 0.108 0.082 1.4149 1.4776 
0.477 4.56 4.60 0.106 0.099 1.4403 1.4006 
0.478 4.59 4.55 0.174 0.122 1.4133 1.4523 
0.479 4.60 4.55 0.070 0.093 1.3986 1.4441 
0.480 4.66 4.53 0.112 0.082 1.3446 1.4671 
0.481 4.63 4.54 0.094 0.087 1.3713 1.4603 
0.482 4.57 4.64 0.179 0.074 1.4267 1.3579 
0.483 4.54 4.61 0.133 0.078 1.4611 1.3854 
0.484 4.67 4.56 0.059 0.073 1.3322 1.4387 
0.485 4.62 4.56 0.123 0.100 1.3794 1.4407 
0.486 4.55 4.51 0.115 0.094 1.4489 1.4885 
0.487 4.61 4.63 0.133 0.101 1.3930 1.3712 
0.488 4.61 4.62 0.096 0.054 1.3918 1.3818 
0.489 4.56 4.50 0.101 0.068 1.4354 1.5029 
0.490 4.58 4.59 0.105 0.082 1.4228 1.4101 
0.491 4.55 4.61 0.078 0.103 1.4447 1.3909 
0.492 4.52 4.65 0.101 0.110 1.4832 1.3530 
0.493 4.60 4.56 0.029 0.090 1.3972 1.4397 
0.494 4.62 4.57 0.095 0.095 1.3752 1.4341 
0.495 4.63 4.56 0.085 0.103 1.3740 1.4391 
0.496 4.60 4.56 0.117 0.117 1.3997 1.4436 
0.497 4.54 4.54 0.154 0.057 1.4632 1.4552 
0.498 4.63 4.53 0.064 0.083 1.3737 1.4743 
0.499 4.61 4.64 0.089 0.129 1.3883 1.3587 
0.500 4.61 4.57 0.082 0.103 1.3944 1.4277 
0.501 6.59 6.56 0.119 0.110 1.4055 1.4369 
0.502 6.60 6.58 0.196 0.099 1.4013 1.4202 
0.503 6.62 6.54 0.375 0.250 1.3756 1.4580 
0.504 6.61 6.60 0.424 0.308 1.3904 1.4030 
0.505 6.53 6.51 0.537 0.458 1.4721 1.4896 
0.506 6.50 6.53 0.510 0.398 1.5043 1.4683 
0.507 6.50 6.47 0.585 0.431 1.4984 1.5306 
0.508 6.53 6.51 0.533 0.459 1.4712 1.4876 
0.509 6.49 6.57 0.531 0.435 1.5116 1.4301 
0.510 6.46 6.51 0.539 0.365 1.5426 1.4849 
0.511 6.48 6.51 0.534 0.453 1.5190 1.4840 
0.512 6.50 6.53 0.512 0.433 1.5004 1.4665 
0.513 6.43 6.42 0.457 0.483 1.5702 1.5819 
0.514 6.45 6.46 0.448 0.440 1.5464 1.5396 
0.515 6.46 6.43 0.455 0.409 1.5426 1.5681 
0.516 6.48 6.39 0.449 0.384 1.5220 1.6109 
0.517 6.46 6.44 0.444 0.388 1.5369 1.5606 
0.518 6.41 6.42 0.443 0.407 1.5939 1.5830 
0.519 6.42 6.40 0.422 0.407 1.5781 1.6020 
0.520 6.46 6.38 0.425 0.371 1.5431 1.6187 
0.521 6.42 6.39 0.352 0.394 1.5744 1.6088 
0.522 6.38 6.38 0.381 0.383 1.6167 1.6244 
0.523 6.32 6.36 0.378 0.347 1.6761 1.6441 
0.524 6.39 6.34 0.371 0.348 1.6137 1.6541 
0.525 6.32 6.33 0.307 0.374 1.6845 1.6652 
0.526 6.34 6.36 0.364 0.329 1.6623 1.6408 
0.527 6.35 6.35 0.366 0.306 1.6509 1.6490 
0.528 6.38 6.39 0.325 0.273 1.6231 1.6063 
0.529 6.37 6.36 0.290 0.338 1.6295 1.6399 
0.530 6.32 6.38 0.352 0.338 1.6762 1.6171 
0.531 6.31 6.28 0.348 0.319 1.6939 1.7172 
0.532 6.32 6.30 0.286 0.303 1.6849 1.6982 
0.533 6.31 6.32 0.324 0.304 1.6930 1.6771 
0.534 6.24 6.27 0.324 0.297 1.7606 1.7268 
0.535 6.37 6.25 0.301 0.269 1.6343 1.7464 
0.536 6.30 6.30 0.281 0.264 1.6993 1.7010 
0.537 6.26 6.33 0.258 0.167 1.7372 1.6672 
0.538 6.25 6.30 0.268 0.215 1.7515 1.7028 
0.539 6.32 6.21 0.350 0.247 1.6842 1.7853 
0.540 6.29 6.29 0.284 0.290 1.7123 1.7057 
0.541 6.24 6.25 0.244 0.276 1.7568 1.7501 
0.542 6.24 6.26 0.254 0.284 1.7634 1.7343 
0.543 6.29 6.27 0.310 0.246 1.7040 1.7313 
0.544 6.26 6.23 0.268 0.249 1.7410 1.7680 
0.545 6.17 6.21 0.221 0.240 1.8326 1.7930 
0.546 6.30 6.19 0.231 0.219 1.7018 1.8123 
0.547 6.24 6.25 0.249 0.206 1.7574 1.7462 
0.548 6.20 6.25 0.244 0.235 1.7952 1.7485 
0.549 6.19 6.22 0.219 0.176 1.8067 1.7761 
0.550 6.23 6.17 0.211 0.186 1.7693 1.8341 
0.551 6.22 6.25 0.233 0.247 1.7742 1.7478 
0.552 6.19 6.30 0.298 0.227 1.8091 1.6980 
0.553 6.19 6.23 0.276 0.251 1.8085 1.7703 
0.554 6.17 6.18 0.173 0.207 1.8334 1.8222 
0.555 6.17 6.19 0.183 0.216 1.8276 1.8089 
0.556 6.13 6.17 0.208 0.200 1.8674 1.8278 
0.557 6.20 6.16 0.185 0.215 1.7977 1.8413 
0.558 6.14 6.15 0.150 0.195 1.8561 1.8535 
0.559 6.19 6.18 0.164 0.195 1.8128 1.8212 
0.560 6.19 6.18 0.139 0.179 1.8101 1.8164 
0.561 6.20 6.20 0.166 0.162 1.8025 1.8031 
0.562 6.16 6.16 0.160 0.212 1.8370 1.8424 
0.563 6.13 6.18 0.210 0.206 1.8729 1.8198 
0.564 6.15 6.15 0.211 0.165 1.8479 1.8494 
0.565 6.15 6.15 0.189 0.180 1.8485 1.8485 
0.566 6.17 6.15 0.200 0.206 1.8261 1.8458 
0.567 6.13 6.15 0.196 0.165 1.8704 1.8539 
0.568 6.19 6.19 0.159 0.161 1.8069 1.8077 
0.569 6.13 6.14 0.172 0.176 1.8653 1.8582 
0.570 6.15 6.15 0.199 0.191 1.8533 1.8476 
0.571 6.13 6.12 0.198 0.126 1.8695 1.8783 
0.572 6.15 6.17 0.192 0.175 1.8463 1.8266 
0.573 6.13 6.15 0.189 0.210 1.8648 1.8490 
0.574 6.15 6.15 0.184 0.173 1.8494 1.8467 
0.575 6.18 6.17 0.216 0.155 1.8148 1.8252 
0.576 6.17 6.14 0.169 0.159 1.8313 1.8568 
0.577 6.09 6.12 0.187 0.155 1.9129 1.8775 
0.578 6.18 6.11 0.152 0.126 1.8209 1.8861 
0.579 6.16 6.11 0.163 0.135 1.8385 1.8945 
0.580 6.14 6.14 0.181 0.172 1.8627 1.8619 
0.581 6.15 6.15 0.201 0.127 1.8496 1.8535 
0.582 6.16 6.15 0.150 0.128 1.8430 1.8454 
0.583 6.16 6.11 0.105 0.157 1.8390 1.8861 
0.584 6.09 6.13 0.125 0.155 1.9116 1.8733 
0.585 6.11 6.11 0.141 0.152 1.8854 1.8877 
0.586 6.12 6.13 0.135 0.117 1.8821 1.8691 
0.587 6.12 6.12 0.080 0.117 1.8758 1.8758 
0.588 6.10 6.15 0.097 0.114 1.9017 1.8528 
0.589 6.17 6.13 0.123 0.121 1.8344 1.8693 
0.590 6.11 6.11 0.073 0.140 1.8950 1.8851 
0.591 6.12 6.15 0.153 0.141 1.8812 1.8460 
0.592 6.11 6.08 0.119 0.173 1.8896 1.9151 
0.593 6.12 6.15 0.117 0.148 1.8752 1.8505 
0.594 6.13 6.17 0.204 0.164 1.8729 1.8297 
0.595 6.13 6.14 0.154 0.136 1.8726 1.8601 
0.596 6.16 6.10 0.138 0.142 1.8413 1.9000 
0.597 6.12 6.11 0.133 0.115 1.8821 1.8896 
0.598 6.07 6.10 0.118 0.103 1.9310 1.8974 
0.599 6.16 6.10 0.097 0.100 1.8437 1.9018 
0.600 6.14 6.11 0.079 0.116 1.8552 1.8897 
0.601 6.13 6.12 0.082 0.132 1.8681 1.8825 
0.602 6.13 6.07 0.070 0.121 1.8640 1.9332 
0.603 6.14 6.14 0.067 0.094 1.8545 1.8598 
0.604 6.12 6.09 0.039 0.141 1.8831 1.9048 
0.605 6.08 6.11 0.110 0.155 1.9174 1.8931 
0.606 6.10 6.14 0.088 0.123 1.8965 1.8560 
0.607 6.14 6.15 0.064 0.133 1.8551 1.8471 
0.608 6.13 6.09 0.077 0.129 1.8706 1.9109 
0.609 6.09 6.09 0.058 0.133 1.9041 1.9131 
0.610 6.15 6.11 0.066 0.121 1.8523 1.8889 
0.611 6.11 6.11 0.071 0.138 1.8859 1.8907 
0.612 6.11 6.12 0.105 0.106 1.8927 1.8841 
0.613 6.14 6.13 0.087 0.118 1.8557 1.8709 
0.614 6.15 6.09 0.044 0.127 1.8489 1.9116 
0.615 6.12 6.10 0.078 0.155 1.8838 1.8998 
0.616 6.12 6.09 0.038 0.144 1.8802 1.9116 
0.617 6.10 6.11 0.047 0.140 1.9034 1.8931 
0.618 6.11 6.12 0.059 0.094 1.8886 1.8763 
0.619 6.07 6.12 0.075 0.119 1.9307 1.8748 
0.620 6.16 6.11 0.099 0.110 1.8376 1.8947 
0.621 6.09 6.13 0.017 0.136 1.9048 1.8682 
0.622 6.12 6.13 0.096 0.108 1.8766 1.8708 
0.623 6.09 6.06 0.085 0.116 1.9096 1.9437 
0.624 6.11 6.13 0.075 0.151 1.8891 1.8673 
0.625 6.10 6.11 0.093 0.156 1.8982 1.8905 
0.626 6.12 6.07 0.103 0.136 1.8831 1.9295 
0.627 6.15 6.08 0.078 0.110 1.8454 1.9162 
0.628 6.14 6.09 0.018 0.104 1.8620 1.9067 
0.629 6.06 6.09 0.061 0.113 1.9436 1.9132 
0.630 6.15 6.13 0.112 0.107 1.8493 1.8649 
0.631 6.13 6.09 0.071 0.015 1.8680 1.9126 
0.632 6.12 6.10 0.075 0.112 1.8780 1.8984 
0.633 6.12 6.07 0.076 0.111 1.8749 1.9270 
0.634 6.13 6.13 0.074 0.118 1.8648 1.8672 
0.635 6.10 6.15 0.063 0.097 1.9017 1.8533 
0.636 6.06 6.12 0.111 0.114 1.9364 1.8829 
0.637 6.09 6.08 0.108 0.114 1.9079 1.9195 
0.638 6.14 6.09 0.055 0.145 1.8626 1.9116 
0.639 6.12 6.08 0.062 0.114 1.8761 1.9176 
0.640 6.09 6.08 0.033 0.107 1.9082 1.9205 
0.641 6.15 6.09 0.084 0.104 1.8521 1.9126 
0.642 6.11 6.10 0.057 0.095 1.8935 1.9018 
0.643 6.10 6.05 0.138 0.101 1.8985 1.9519 
0.644 6.09 6.12 0.124 0.065 1.9094 1.8794 
0.645 6.14 6.10 0.104 0.133 1.8555 1.8980 
0.646 6.11 6.09 0.157 0.131 1.8879 1.9085 
0.647 6.12 6.13 0.149 0.116 1.8847 1.8711 
0.648 6.09 6.10 0.154 0.122 1.9076 1.9009 
0.649 6.10 6.08 0.120 0.105 1.9010 1.9233 
0.650 6.06 6.07 0.091 0.126 1.9361 1.9282 
0.651 6.15 6.06 0.117 0.097 1.8513 1.9376 
0.652 6.08 6.10 0.092 0.094 1.9169 1.8996 
0.653 6.12 6.11 0.164 0.086 1.8846 1.8939 
0.654 6.08 6.10 0.148 0.087 1.9195 1.9006 
0.655 6.10 6.08 0.138 0.136 1.8974 1.9212 
0.656 6.09 6.09 0.140 0.121 1.9059 1.9076 
0.657 6.11 6.08 0.137 0.112 1.8891 1.9156 
0.658 6.14 6.14 0.132 0.103 1.8591 1.8594 
0.659 6.13 6.12 0.070 0.103 1.8688 1.8843 
0.660 6.05 6.06 0.145 0.111 1.9491 1.9402 
0.661 6.13 6.11 0.140 0.131 1.8669 1.8928 
0.662 6.13 6.09 0.131 0.129 1.8717 1.9053 
0.663 6.11 6.11 0.155 0.106 1.8859 1.8924 
0.664 6.12 6.12 0.149 0.108 1.8766 1.8844 
0.665 6.12 6.08 0.158 0.118 1.8741 1.9187 
0.666 6.09 6.10 0.166 0.110 1.9085 1.8974 
0.667 6.06 6.08 0.150 0.051 1.9354 1.9248 
0.668 6.09 6.09 0.132 0.122 1.9135 1.9067 
0.669 6.13 6.09 0.067 0.126 1.8699 1.9136 
0.670 6.11 6.11 0.120 0.090 1.8864 1.8862 
0.671 6.08 6.09 0.127 0.104 1.9168 1.9051 
0.672 6.13 6.12 0.128 0.125 1.8656 1.8782 
0.673 6.10 6.12 0.103 0.099 1.9004 1.8810 
0.674 6.09 6.04 0.111 0.110 1.9050 1.9573 
0.675 6.13 6.12 0.113 0.092 1.8677 1.8774 
0.676 6.14 6.10 0.107 0.120 1.8619 1.8994 
0.677 6.10 6.06 0.172 0.116 1.8967 1.9384 
0.678 6.08 6.07 0.116 0.083 1.9183 1.9280 
0.679 6.09 6.08 0.087 0.068 1.9084 1.9146 
0.680 6.09 6.08 0.054 0.088 1.9064 1.9202 
0.681 6.07 6.12 0.041 0.103 1.9293 1.8743 
0.682 6.14 6.08 0.090 0.083 1.8611 1.9218 
0.683 6.08 6.12 0.039 0.082 1.9197 1.8809 
0.684 6.09 6.06 0.063 0.098 1.9054 1.9379 
0.685 6.08 6.11 0.078 0.112 1.9175 1.8852 
0.686 6.10 6.14 0.076 0.065 1.9005 1.8572 
0.687 6.10 6.11 0.203 0.087 1.8961 1.8904 
0.688 6.11 6.07 0.103 0.107 1.8920 1.9316 
0.689 6.14 6.08 0.087 0.103 1.8616 1.9185 
0.690 6.09 6.13 0.065 0.089 1.9059 1.8730 
0.691 6.06 6.07 0.120 0.099 1.9433 1.9291 
0.692 6.13 6.08 0.108 0.102 1.8702 1.9163 
0.693 6.07 6.09 0.041 0.110 1.9277 1.9126 
0.694 6.11 6.09 0.090 0.100 1.8886 1.9067 
0.695 6.11 6.11 0.068 0.097 1.8855 1.8854 
0.696 6.10 6.09 0.066 0.115 1.8978 1.9057 
0.697 6.09 6.11 0.055 0.099 1.9104 1.8930 
0.698 6.06 6.12 0.105 0.104 1.9362 1.8791 
0.699 6.14 6.09 0.070 0.107 1.8560 1.9110 
0.700 6.13 6.08 0.049 0.101 1.8712 1.9234 
0.701 6.11 6.06 0.128 0.089 1.8873 1.9356 
0.702 6.14 6.05 0.109 0.093 1.8583 1.9457 
0.703 6.12 6.09 0.074 0.102 1.8771 1.9106 
0.704 6.10 6.04 0.066 0.086 1.9010 1.9643 
0.705 6.11 6.09 0.120 0.076 1.8870 1.9137 
0.706 6.13 6.07 0.099 0.103 1.8702 1.9324 
0.707 6.13 6.08 0.068 0.097 1.8734 1.9185 
0.708 6.05 6.12 0.063 0.094 1.9491 1.8798 
0.709 6.08 6.13 0.111 0.144 1.9153 1.8690 
0.710 6.08 6.07 0.094 0.119 1.9171 1.9349 
0.711 6.11 6.06 0.070 0.120 1.8901 1.9376 
0.712 6.08 6.05 0.073 0.087 1.9236 1.9483 
0.713 6.13 6.09 0.089 0.129 1.8658 1.9124 
0.714 6.09 6.09 0.063 0.095 1.9042 1.9078 
0.715 6.09 6.08 0.094 0.114 1.9083 1.9143 
0.716 6.08 6.07 0.108 0.122 1.9220 1.9346 
0.717 6.13 6.08 0.098 0.122 1.8653 1.9201 
0.718 6.10 6.08 0.131 0.094 1.8992 1.9249 
0.719 6.11 6.13 0.139 0.122 1.8942 1.8670 
0.720 6.08 6.11 0.158 0.106 1.9168 1.8897 
0.721 6.09 6.06 0.128 0.096 1.9084 1.9430 
0.722 6.05 6.09 0.154 0.083 1.9444 1.9042 
0.723 6.15 6.12 0.161 0.110 1.8526 1.8773 
0.724 6.08 6.11 0.124 0.064 1.9192 1.8944 
0.725 6.11 6.11 0.145 0.103 1.8864 1.8863 
0.726 6.08 6.07 0.164 0.118 1.9184 1.9299 
0.727 6.11 6.10 0.200 0.099 1.8903 1.8979 
0.728 6.09 6.07 0.102 0.122 1.9082 1.9266 
0.729 6.11 6.09 0.116 0.094 1.8922 1.9071 
0.730 6.14 6.08 0.111 0.109 1.8617 1.9151 
0.731 6.13 6.11 0.058 0.111 1.8716 1.8880 
0.732 6.05 6.09 0.093 0.096 1.9524 1.9058 
0.733 6.13 6.12 0.102 0.090 1.8682 1.8807 
0.734 6.12 6.12 0.076 0.095 1.8753 1.8810 
0.735 6.11 6.04 0.088 0.099 1.8874 1.9571 
0.736 6.12 6.12 0.077 0.113 1.8809 1.8798 
0.737 6.12 6.10 0.122 0.141 1.8760 1.9015 
0.738 6.09 6.06 0.099 0.133 1.9096 1.9413 
0.739 6.06 6.08 0.133 0.097 1.9374 1.9218 
0.740 6.08 6.08 0.082 0.077 1.9147 1.9193 
0.741 6.13 6.07 0.078 0.083 1.8711 1.9255 
0.742 6.11 6.12 0.125 0.172 1.8885 1.8772 
0.743 6.08 6.07 0.126 0.136 1.9198 1.9270 
0.744 6.14 6.11 0.118 0.114 1.8628 1.8853 
0.745 6.10 6.05 0.123 0.063 1.9020 1.9443 
0.746 6.09 6.11 0.143 0.098 1.9096 1.8884 
0.747 6.13 6.13 0.149 0.105 1.8727 1.8660 
0.748 6.13 6.05 0.111 0.100 1.8718 1.9444 
0.749 6.10 6.06 0.120 0.117 1.8994 1.9384 
0.750 6.08 6.07 0.089 0.118 1.9198 1.9258 
0.751 6.08 6.07 0.095 0.110 1.9160 1.9268 
0.752 6.09 6.07 0.096 0.113 1.9108 1.9347 
0.753 6.07 6.08 0.066 0.109 1.9338 1.9222 
0.754 6.13 6.08 0.106 0.094 1.8649 1.9162 
0.755 6.07 6.05 0.054 0.127 1.9267 1.9450 
0.756 6.09 6.11 0.096 0.113 1.9099 1.8906 
0.757 6.08 6.09 0.114 0.137 1.9222 1.9106 
0.758 6.09 6.10 0.097 0.114 1.9054 1.8956 
0.759 6.10 6.07 0.106 0.098 1.8977 1.9350 
0.760 6.11 6.09 0.109 0.103 1.8926 1.9122 
0.761 6.13 6.07 0.093 0.076 1.8651 1.9272 
0.762 6.09 6.07 0.053 0.111 1.9115 1.9251 
0.763 6.05 6.10 0.086 0.102 1.9502 1.9008 
0.764 6.13 6.09 0.093 0.099 1.8740 1.9046 
0.765 6.07 6.04 0.086 0.094 1.9331 1.9577 
0.766 6.11 6.12 0.125 0.110 1.8928 1.8828 
0.767 6.08 6.07 0.100 0.137 1.9248 1.9275 
0.768 6.10 6.09 0.109 0.103 1.8988 1.9077 
0.769 6.09 6.12 0.097 0.106 1.9103 1.8765 
0.770 6.10 6.09 0.112 0.105 1.8956 1.9061 
0.771 6.14 6.07 0.139 0.095 1.8571 1.9295 
0.772 6.13 6.06 0.057 0.048 1.8735 1.9354 
0.773 6.04 6.06 0.101 0.076 1.9544 1.9414 
0.774 6.14 6.09 0.128 0.087 1.8595 1.9102 
0.775 6.12 6.09 0.085 -0.032 1.8788 1.9053 
0.776 6.11 6.09 0.099 0.065 1.8898 1.9049 
0.777 6.11 6.07 0.093 0.127 1.8857 1.9291 
0.778 6.12 6.08 0.091 0.115 1.8778 1.9177 
0.779 6.09 6.08 0.052 0.107 1.9113 1.9224 
0.780 6.05 6.13 0.093 0.107 1.9461 1.8686 
0.781 6.08 6.11 0.109 0.099 1.9169 1.8935 
0.782 6.12 6.05 0.122 0.110 1.8743 1.9502 
0.783 6.11 6.09 0.092 0.109 1.8896 1.9058 
0.784 6.08 6.08 0.097 0.123 1.9222 1.9146 
0.785 6.13 6.10 0.125 0.095 1.8707 1.9012 
0.786 6.09 6.11 0.103 0.070 1.9045 1.8948 
0.787 6.09 6.07 0.127 0.119 1.9112 1.9299 
0.788 6.13 6.08 0.112 0.112 1.8730 1.9245 
0.789 6.13 6.07 0.051 0.113 1.8665 1.9329 
0.790 6.11 6.08 0.109 0.094 1.8943 1.9184 
0.791 6.08 6.11 0.114 0.080 1.9219 1.8922 
0.792 6.08 6.05 0.102 0.020 1.9181 1.9536 
0.793 6.09 6.08 0.097 0.099 1.9081 1.9147 
0.794 6.08 6.11 0.089 0.109 1.9239 1.8874 
0.795 6.14 6.10 0.102 0.087 1.8568 1.9040 
0.796 6.07 6.10 0.059 0.097 1.9260 1.8967 
0.797 6.10 6.12 0.097 0.115 1.9018 1.8850 
0.798 6.07 6.09 0.097 0.115 1.9256 1.9075 
0.799 6.10 6.06 0.084 0.116 1.9022 1.9361 
0.800 6.10 6.07 0.082 0.107 1.8956 1.9343 
0.801 6.11 6.08 0.072 0.109 1.8934 1.9221 
0.802 6.14 6.11 0.137 0.144 1.8622 1.8890 
0.803 6.09 6.09 0.098 0.072 1.9067 1.9074 
0.804 6.05 6.07 0.118 0.113 1.9532 1.9346 
0.805 6.13 6.11 0.110 0.084 1.8708 1.8889 
0.806 6.07 6.04 0.049 0.070 1.9333 1.9604 
0.807 6.11 6.12 0.073 0.119 1.8900 1.8813 
0.808 6.11 6.13 0.090 0.118 1.8864 1.8665 
0.809 6.10 6.06 0.096 0.118 1.8987 1.9420 
0.810 6.09 6.07 0.069 0.116 1.9107 1.9302 
0.811 6.06 6.07 0.091 0.118 1.9368 1.9259 
0.812 6.14 6.07 0.097 0.091 1.8561 1.9257 
0.813 6.13 6.12 0.035 0.110 1.8729 1.8782 
0.814 6.11 6.07 0.078 0.135 1.8889 1.9279 
0.815 6.14 6.08 0.093 0.108 1.8613 1.9158 
0.816 6.13 6.06 0.124 0.066 1.8693 1.9425 
0.817 6.10 6.11 0.152 0.091 1.9027 1.8896 
0.818 6.12 6.13 0.166 0.124 1.8849 1.8683 
0.819 6.12 6.10 0.158 0.123 1.8788 1.8973 
0.820 6.13 6.06 0.125 0.112 1.8726 1.9384 
0.821 6.05 6.07 0.139 0.121 1.9466 1.9261 
0.822 6.09 6.07 0.140 0.095 1.9111 1.9284 
0.823 6.09 6.07 0.098 0.099 1.9095 1.9341 
0.824 6.12 6.08 0.112 0.127 1.8827 1.9239 
0.825 6.08 6.08 0.101 0.034 1.9186 1.9187 
0.826 6.14 6.05 0.110 0.075 1.8631 1.9465 
0.827 6.10 6.11 0.033 0.076 1.8986 1.8900 
0.828 6.09 6.09 0.131 0.124 1.9073 1.9107 
0.829 6.08 6.10 0.119 0.039 1.9175 1.8976 
0.830 6.14 6.12 0.068 0.085 1.8588 1.8821 
0.831 6.11 6.08 0.101 0.097 1.8950 1.9150 
0.832 6.11 6.07 0.129 0.099 1.8911 1.9295 
0.833 6.08 6.07 0.191 0.031 1.9159 1.9326 
0.834 6.09 6.05 0.117 0.090 1.9070 1.9469 
0.835 6.05 6.09 0.093 0.093 1.9446 1.9108 
0.836 6.14 6.04 0.097 0.076 1.8557 1.9638 
0.837 6.08 6.12 0.071 0.062 1.9228 1.8823 
0.838 6.11 6.07 0.116 0.108 1.8902 1.9331 
0.839 6.08 6.08 0.131 0.098 1.9234 1.9179 
0.840 6.10 6.12 0.108 0.103 1.9030 1.8796 
0.841 6.08 6.13 0.109 0.091 1.9141 1.8673 
0.842 6.11 6.07 0.232 0.092 1.8949 1.9326 
0.843 6.14 6.06 0.165 0.095 1.8556 1.9372 
0.844 6.13 6.05 0.105 0.147 1.8723 1.9458 
0.845 6.04 6.09 0.184 0.142 1.9552 1.9117 
0.846 6.14 6.09 0.150 0.092 1.8621 1.9050 
0.847 6.12 6.09 0.144 0.099 1.8784 1.9115 
0.848 6.11 6.07 0.168 0.131 1.8914 1.9310 
0.849 6.11 6.08 0.111 0.115 1.8874 1.9177 
0.850 6.12 6.08 0.131 0.095 1.8768 1.9239 
0.851 6.09 6.13 0.068 0.009 1.9111 1.8672 
0.852 6.06 6.11 0.110 0.081 1.9371 1.8922 
0.853 6.08 6.05 0.070 0.110 1.9166 1.9479 
0.854 6.13 6.09 0.067 0.095 1.8727 1.9083 
0.855 6.11 6.09 0.128 0.123 1.8851 1.9132 
0.856 6.08 6.10 0.100 0.033 1.9224 1.8998 
0.857 6.13 6.11 0.098 0.072 1.8699 1.8928 
0.858 6.10 6.07 0.082 0.093 1.9008 1.9322 
0.859 6.09 6.10 0.112 0.118 1.9099 1.9014 
0.860 6.13 6.07 0.083 0.102 1.8723 1.9292 
0.861 6.13 6.09 0.082 0.062 1.8721 1.9119 
0.862 6.10 6.11 0.133 0.090 1.8989 1.8919 
0.863 6.08 6.11 0.130 0.087 1.9219 1.8897 
0.864 6.08 6.09 0.112 0.114 1.9175 1.9097 
0.865 6.09 6.12 0.112 0.128 1.9100 1.8795 
0.866 6.06 6.10 0.090 0.099 1.9353 1.9005 
0.867 6.13 6.04 0.138 0.101 1.8683 1.9592 
0.868 6.07 6.12 0.051 0.012 1.9269 1.8798 
0.869 6.09 6.10 0.109 0.086 1.9100 1.9023 
0.870 6.08 6.10 0.093 0.095 1.9218 1.9001 
0.871 6.10 6.07 0.086 0.091 1.9031 1.9296 
0.872 6.10 6.08 0.097 0.109 1.8982 1.9197 
0.873 6.11 6.11 0.109 0.067 1.8928 1.8904 
0.874 6.14 6.12 0.104 0.095 1.8627 1.8789 
0.875 6.09 6.07 0.048 0.129 1.9111 1.9296 
0.876 6.05 6.12 0.076 0.121 1.9470 1.8828 
0.877 6.13 6.04 0.124 0.100 1.8737 1.9621 
0.878 6.06 6.11 0.052 0.042 1.9358 1.8901 
0.879 6.11 6.13 0.111 0.103 1.8932 1.8673 
0.880 6.07 6.06 0.094 0.090 1.9252 1.9434 
0.881 6.10 6.07 0.111 0.101 1.9002 1.9292 
0.882 6.09 6.08 0.081 0.095 1.9134 1.9238 
0.883 6.16 6.07 0.109 0.089 1.8399 1.9271 
0.884 6.15 6.12 0.158 0.099 1.8496 1.8785 
0.885 6.14 6.07 0.169 0.070 1.8603 1.9290 
0.886 6.05 6.08 0.159 0.074 1.9511 1.9159 
0.887 6.14 6.05 0.117 0.087 1.8580 1.9459 
0.888 6.12 6.12 0.078 0.092 1.8751 1.8826 
0.889 6.10 6.09 0.110 0.123 1.8987 1.9126 
0.890 6.12 6.10 0.112 0.104 1.8821 1.9006 
0.891 6.12 6.06 0.145 0.098 1.8741 1.9413 
0.892 6.13 6.08 0.128 0.106 1.8683 1.9245 
0.893 6.05 6.07 0.203 0.106 1.9443 1.9299 
0.894 6.09 6.06 0.154 0.033 1.9140 1.9355 
0.895 6.09 6.08 0.093 0.091 1.9125 1.9231 
0.896 6.12 6.08 0.106 0.096 1.8848 1.9149 
0.897 6.08 6.03 0.106 0.100 1.9202 1.9659 
0.898 6.13 6.11 0.124 0.076 1.8640 1.8898 
0.899 6.10 6.09 0.032 0.017 1.9014 1.9103 
0.900 6.09 6.08 0.192 0.065 1.9084 1.9201 
0.901 6.10 6.12 0.152 0.093 1.8958 1.8825 
0.902 6.13 6.08 0.097 0.072 1.8656 1.9148 
0.903 6.10 6.07 0.092 0.114 1.9001 1.9306 
0.904 6.08 6.06 0.097 0.095 1.9213 1.9406 
0.905 6.08 6.05 0.115 0.059 1.9186 1.9496 
0.906 6.09 6.08 0.103 0.092 1.9116 1.9161 
0.907 6.07 6.03 0.092 -0.010 1.9266 1.9682 
0.908 6.14 6.08 0.129 0.045 1.8634 1.9159 
0.909 6.07 6.06 0.077 0.141 1.9278 1.9356 
0.910 6.09 6.08 0.121 0.129 1.9107 1.9185 
0.911 6.07 6.12 0.101 0.111 1.9267 1.8850 
0.912 6.09 6.13 0.088 0.107 1.9062 1.8724 
0.913 6.10 6.06 0.109 0.103 1.8988 1.9374 
0.914 6.10 6.07 0.113 0.106 1.8975 1.9342 
0.915 6.13 6.05 0.094 0.086 1.8658 1.9508 
0.916 6.09 6.08 0.039 0.144 1.9103 1.9174 
0.917 6.04 6.09 0.084 0.103 1.9586 1.9100 
0.918 6.12 6.08 0.097 0.085 1.8745 1.9150 
0.919 6.06 6.06 0.054 0.122 1.9362 1.9357 
0.920 6.11 6.08 0.092 0.110 1.8928 1.9213 
0.921 6.11 6.07 0.090 0.107 1.8890 1.9253 
0.922 6.10 6.13 0.077 0.088 1.9004 1.8672 
0.923 6.09 6.11 0.070 0.105 1.9130 1.8941 
0.924 6.06 6.05 0.095 0.108 1.9374 1.9495 
0.925 6.14 6.09 0.109 0.103 1.8595 1.9092 
0.926 6.13 6.09 0.040 0.114 1.8735 1.9123 
0.927 6.11 6.10 0.070 0.093 1.8925 1.8981 
0.928 6.14 6.11 0.070 0.092 1.8587 1.8864 
0.929 6.13 6.07 0.073 0.114 1.8717 1.9325 
0.930 6.09 6.10 0.052 0.107 1.9064 1.9018 
0.931 6.11 6.07 0.058 0.104 1.8883 1.9307 
0.932 6.12 6.09 0.049 0.095 1.8752 1.9126 
0.933 6.13 6.11 0.035 0.097 1.8646 1.8906 
0.934 6.07 6.11 0.180 0.097 1.9313 1.8925 
0.935 6.09 6.09 0.123 0.065 1.9078 1.9088 
0.936 6.10 6.11 0.096 0.107 1.9029 1.8864 
0.937 6.12 6.11 0.106 0.100 1.8764 1.8866 
0.938 6.08 6.04 0.082 0.106 1.9209 1.9603 
0.939 6.14 6.12 0.057 0.101 1.8552 1.8812 
0.940 6.11 6.09 0.074 0.115 1.8893 1.9040 
0.941 6.10 6.06 0.143 0.076 1.8983 1.9431 
0.942 6.09 6.07 0.105 0.032 1.9113 1.9288 
0.943 6.14 6.08 0.093 0.112 1.8564 1.9211 
0.944 6.11 6.11 0.139 0.111 1.8911 1.8873 
0.945 6.11 6.12 0.112 0.099 1.8887 1.8772 
0.946 6.08 6.07 0.128 0.115 1.9147 1.9298 
0.947 6.09 6.11 0.087 0.086 1.9086 1.8853 
0.948 6.05 6.04 0.130 0.102 1.9494 1.9569 
0.949 6.14 6.11 0.101 0.038 1.8598 1.8880 
0.950 6.07 6.13 0.063 0.103 1.9340 1.8656 
0.951 6.11 6.06 0.143 0.095 1.8937 1.9411 
0.952 6.07 6.06 0.078 0.017 1.9275 1.9363 
0.953 6.10 6.08 0.077 0.081 1.9015 1.9222 
0.954 6.09 6.08 0.158 0.078 1.9137 1.9208 
0.955 6.10 6.12 0.109 0.021 1.8970 1.8763 
0.956 6.14 6.08 0.096 0.103 1.8590 1.9198 
0.957 6.13 6.08 0.037 0.109 1.8700 1.9142 
0.958 6.04 6.05 0.065 0.103 1.9584 1.9444 
0.959 6.14 6.11 0.086 0.083 1.8630 1.8884 
0.960 6.12 6.09 0.072 0.114 1.8809 1.9060 
0.961 6.11 6.11 0.088 0.117 1.8886 1.8947 
0.962 6.11 6.06 0.171 0.104 1.8875 1.9376 
0.963 6.12 6.08 0.105 0.103 1.8766 1.9142 
0.964 6.09 6.07 0.027 0.092 1.9114 1.9271 
0.965 6.09 6.07 0.093 0.118 1.9133 1.9315 
0.966 6.09 6.08 0.077 0.077 1.9067 1.9209 
0.967 6.14 6.09 0.070 0.092 1.8596 1.9103 
0.968 6.12 6.04 0.062 0.095 1.8744 1.9632 
0.969 6.09 6.11 0.057 0.076 1.9076 1.8873 
0.970 6.14 6.09 0.112 0.106 1.8570 1.9087 
0.971 6.11 6.08 0.083 0.094 1.8916 1.9183 
0.972 6.10 6.12 0.070 0.104 1.8972 1.8798 
0.973 6.14 6.08 0.089 0.011 1.8585 1.9167 
0.974 6.14 6.06 0.057 0.077 1.8562 1.9353 
0.975 6.11 6.06 0.101 0.110 1.8912 1.9380 
0.976 6.09 6.05 0.095 0.065 1.9134 1.9514 
0.977 6.08 6.09 0.087 0.078 1.9165 1.9131 
0.978 6.09 6.09 0.082 0.089 1.9105 1.9083 
0.979 6.07 6.09 0.086 0.084 1.9324 1.9139 
0.980 6.14 6.06 0.139 0.160 1.8569 1.9351 
0.981 6.07 6.08 0.047 0.086 1.9259 1.9213 
0.982 6.09 6.07 0.110 0.109 1.9086 1.9274 
0.983 6.08 6.13 0.123 0.103 1.9243 1.8718 
0.984 6.09 6.07 0.098 0.095 1.9055 1.9319 
0.985 6.10 6.06 0.090 0.108 1.8961 1.9403 
0.986 6.10 6.09 0.083 0.110 1.8964 1.9117 
0.987 6.13 6.08 0.086 0.110 1.8656 1.9193 
0.988 6.09 6.09 0.059 -0.019 1.9092 1.9085 
0.989 6.04 6.08 0.099 0.065 1.9583 1.9170 
0.990 6.13 6.06 0.097 0.101 1.8735 1.9373 
0.991 6.06 6.08 0.064 0.090 1.9359 1.9236 
0.992 6.11 6.07 0.069 0.099 1.8927 1.9298 
0.993 6.11 6.08 0.093 0.091 1.8899 1.9165 
0.994 6.11 6.10 0.130 0.094 1.8943 1.8987 
0.995 6.09 6.05 0.124 0.126 1.9127 1.9537 
0.996 6.06 6.09 0.106 0.126 1.9413 1.9133 
0.997 6.14 6.11 0.124 0.118 1.8574 1.8884 
0.998 6.13 6.09 0.107 0.087 1.8731 1.9049 
0.999 6.11 6.10 0.128 0.101 1.8930 1.8981 
1.000 6.13 6.06 0.139 0.107 1.8640 1.9377 
1.001 6.13 6.09 0.128 0.114 1.8723 1.9070 
1.002 6.09 6.07 0.074 0.124 1.9061 1.9345 
1.003 -1.88 -1.91 0.090 0.104 1.8800 1.9131 
1.004 -1.88 -1.90 -0.160 -0.006 1.8772 1.8956 
1.005 -1.85 -1.86 -0.904 -0.637 1.8484 1.8621 
1.006 -1.87 -1.84 -1.210 -1.136 1.8685 1.8383 
1.007 -1.79 -1.81 -1.474 -1.579 1.7926 1.8064 
1.008 -1.70 -1.72 -1.388 -1.609 1.7021 1.7230 
1.009 -1.64 -1.69 -1.574 -1.538 1.6409 1.6950 
1.010 -1.63 -1.59 -1.461 -1.528 1.6307 1.5927 
1.011 -1.43 -1.59 -1.574 -1.527 1.4283 1.5873 
1.012 -1.46 -1.53 -1.335 -1.535 1.4550 1.5289 
1.013 -1.46 -1.54 -1.458 -1.479 1.4597 1.5385 
1.014 -1.39 -1.40 -1.285 -1.416 1.3889 1.4001 
1.015 -1.34 -1.33 -1.078 -1.533 1.3408 1.3337 
1.016 -1.32 -1.37 -1.266 -1.375 1.3240 1.3712 
1.017 -1.27 -1.33 -1.058 -1.452 1.2665 1.3337 
1.018 -1.18 -1.29 -1.289 -1.246 1.1832 1.2948 
1.019 -1.16 -1.22 -1.163 -1.279 1.1583 1.2245 
1.020 -1.13 -1.19 -0.845 -1.397 1.1333 1.1868 
1.021 -1.07 -1.10 -1.123 -1.219 1.0670 1.1048 
1.022 -0.98 -1.11 -1.071 -1.200 0.9836 1.1114 
1.023 -1.03 -1.07 -0.816 -1.139 1.0291 1.0742 
1.024 -0.94 -1.06 -1.045 -1.043 0.9412 1.0653 
1.025 -0.93 -1.00 -0.963 -1.088 0.9291 0.9962 
1.026 -0.89 -0.96 -0.872 -1.152 0.8903 0.9583 
1.027 -0.89 -0.97 -0.922 -0.991 0.8881 0.9663 
1.028 -0.80 -0.80 -0.832 -0.989 0.7988 0.7995 
1.029 -0.77 -0.85 -0.865 -1.017 0.7718 0.8549 
1.030 -0.73 -0.79 -0.747 -0.883 0.7345 0.7885 
1.031 -0.70 -0.79 -0.843 -0.848 0.7002 0.7875 
1.032 -0.78 -0.70 -0.833 -0.900 0.7770 0.6994 
1.033 -0.60 -0.80 -0.731 -0.947 0.6054 0.7969 
1.034 -0.62 -0.70 -0.629 -0.876 0.6199 0.7057 
1.035 -0.59 -0.71 -0.611 -0.788 0.5889 0.7082 
1.036 -0.58 -0.68 -0.474 -0.809 0.5805 0.6764 
1.037 -0.56 -0.59 -0.624 -0.829 0.5570 0.5926 
1.038 -0.51 -0.64 -0.659 -0.901 0.5105 0.6440 
1.039 -0.52 -0.60 -0.606 -0.668 0.5204 0.5999 
1.040 -0.48 -0.54 -0.525 -0.658 0.4832 0.5357 
1.041 -0.44 -0.53 -0.459 -0.883 0.4376 0.5337 
1.042 -0.44 -0.53 -0.473 -0.979 0.4438 0.5284 
1.043 -0.42 -0.45 -0.489 -1.013 0.4248 0.4517 
1.044 -0.40 -0.50 -0.506 -0.995 0.4009 0.4961 
1.045 -0.35 -0.47 -0.513 -0.974 0.3512 0.4663 
1.046 -0.34 -0.44 -0.485 -0.864 0.3455 0.4428 
1.047 -0.34 -0.42 -0.440 -0.791 0.3425 0.4195 
1.048 -0.34 -0.41 -0.361 -0.771 0.3425 0.4117 
1.049 -0.31 -0.36 -0.298 -0.720 0.3120 0.3650 
1.050 -0.29 -0.41 -0.297 -0.658 0.2917 0.4055 
1.051 -0.29 -0.36 -0.289 -0.728 0.2915 0.3589 
1.052 -0.27 -0.34 -0.286 -0.634 0.2685 0.3363 
