% Freja (4)
%  1    time 0.000 sec
%  2  3 Motor voltage [V] left, right: 0.00 0.00
%  4  5 Wheel velocity [m/s] left, right: -0.0000 -0.0000
% 6 7 Turnrate [r/s]: 0.0000, steer angle [rad]: 0.0000
%  8  9 10 11 Pose x,y,h,tilt [m,m,rad,rad]: 0 0 0 3.07458
0.000 0.00 0.00 -0.0000 -0.0000 0.0000 0.0000 0.0000 0.0000 0.000000 3.074580 
0.004 0.00 0.00 -0.0000 -0.0000 0.0000 0.0000 0.0000 0.0000 0.000000 3.074580 
0.008 0.00 0.00 -0.0000 -0.0000 0.0000 0.0000 0.0000 0.0000 0.000000 3.074575 
0.012 0.00 0.00 -0.0000 -0.0000 0.0000 0.0000 0.0000 0.0000 0.000000 3.074588 
0.016 0.00 0.00 -0.0000 -0.0000 0.0000 0.0000 0.0000 0.0000 0.000000 3.074594 
0.020 0.00 0.00 -0.0000 -0.0000 0.0000 0.0000 0.0000 0.0000 0.000000 3.074596 
0.024 0.00 0.00 -0.0000 -0.0000 0.0000 0.0000 0.0000 0.0000 0.000000 3.074620 
0.028 0.00 0.00 -0.0000 -0.0000 0.0000 0.0000 0.0000 0.0000 0.000000 3.074626 
0.032 0.00 0.00 -0.0000 -0.0000 0.0000 0.0000 0.0000 0.0000 0.000000 3.074630 
0.036 0.00 0.00 -0.0000 -0.0000 0.0000 0.0000 0.0000 0.0000 0.000000 3.074621 
0.040 0.00 0.00 -0.0000 -0.0000 0.0000 0.0000 0.0000 0.0000 0.000000 3.074621 
0.044 0.00 0.00 -0.0000 -0.0000 0.0000 0.0000 0.0000 0.0000 0.000000 3.074627 
0.048 0.00 0.00 -0.0000 -0.0000 0.0000 0.0000 0.0000 0.0000 0.000000 3.074639 
0.052 0.00 0.00 -0.0000 -0.0000 0.0000 0.0000 0.0000 0.0000 0.000000 3.074636 
0.056 0.00 0.00 -0.0000 -0.0000 0.0000 0.0000 0.0000 0.0000 0.000000 3.074636 
0.060 0.00 0.00 -0.0000 -0.0000 0.0000 0.0000 0.0000 0.0000 0.000000 3.074647 
0.064 0.00 0.00 -0.0000 -0.0000 0.0000 0.0000 0.0000 0.0000 0.000000 3.074649 
0.068 0.00 0.00 -0.0000 -0.0000 0.0000 0.0000 0.0000 0.0000 0.000000 3.074653 
0.072 0.00 0.00 -0.0000 -0.0000 0.0000 0.0000 0.0000 0.0000 0.000000 3.074650 
0.076 0.00 0.00 -0.0000 -0.0000 0.0000 0.0000 0.0000 0.0000 0.000000 3.074634 
0.080 0.00 0.00 -0.0000 -0.0000 0.0000 0.0000 0.0000 0.0000 0.000000 3.074636 
0.084 0.00 0.00 -0.0000 -0.0000 0.0000 0.0000 0.0000 0.0000 0.000000 3.074644 
0.088 0.00 0.00 -0.0000 -0.0000 0.0000 0.0000 0.0000 0.0000 0.000000 3.074634 
0.092 0.00 0.00 -0.0000 -0.0000 0.0000 0.0000 0.0000 0.0000 0.000000 3.074632 
0.096 0.00 0.00 -0.0000 -0.0000 0.0000 0.0000 0.0000 0.0000 0.000000 3.074628 
0.100 0.00 0.00 -0.0000 -0.0000 0.0000 0.0000 0.0000 0.0000 0.000000 3.074616 
0.104 0.00 0.00 -0.0000 -0.0000 0.0000 0.0000 0.0000 0.0000 0.000000 3.074600 
0.108 0.00 0.00 -0.0000 -0.0000 0.0000 0.0000 0.0000 0.0000 0.000000 3.074594 
0.112 0.00 0.00 -0.0000 -0.0000 0.0000 0.0000 0.0000 0.0000 0.000000 3.074595 
0.116 0.00 0.00 -0.0000 -0.0000 0.0000 0.0000 0.0000 0.0000 0.000000 3.074586 
0.120 0.00 0.00 -0.0000 -0.0000 0.0000 0.0000 0.0000 0.0000 0.000000 3.074596 
0.124 0.00 0.00 -0.0000 -0.0000 0.0000 0.0000 0.0000 0.0000 0.000000 3.074594 
0.128 0.00 0.00 -0.0000 -0.0000 0.0000 0.0000 0.0000 0.0000 0.000000 3.074602 
0.132 0.00 0.00 -0.0000 -0.0000 0.0000 0.0000 0.0000 0.0000 0.000000 3.074605 
0.136 0.00 0.00 -0.0000 -0.0000 0.0000 0.0000 0.0000 0.0000 0.000000 3.074606 
0.140 0.00 0.00 -0.0000 -0.0000 0.0000 0.0000 0.0000 0.0000 0.000000 3.074607 
0.144 0.00 0.00 -0.0000 -0.0000 0.0000 0.0000 0.0000 0.0000 0.000000 3.074615 
0.148 0.00 0.00 -0.0000 -0.0000 0.0000 0.0000 0.0000 0.0000 0.000000 3.074613 
0.152 0.00 0.00 -0.0000 -0.0000 0.0000 0.0000 0.0000 0.0000 0.000000 3.074594 
0.156 0.00 0.00 -0.0000 -0.0000 0.0000 0.0000 0.0000 0.0000 0.000000 3.074583 
0.160 0.00 0.00 -0.0000 -0.0000 0.0000 0.0000 0.0000 0.0000 0.000000 3.074565 
0.164 0.00 0.00 -0.0000 -0.0000 0.0000 0.0000 0.0000 0.0000 0.000000 3.074537 
0.168 0.00 0.00 -0.0000 -0.0000 0.0000 0.0000 0.0000 0.0000 0.000000 3.074534 
0.172 0.00 0.00 -0.0000 -0.0000 0.0000 0.0000 0.0000 0.0000 0.000000 3.074521 
0.176 0.00 0.00 -0.0000 -0.0000 0.0000 0.0000 0.0000 0.0000 0.000000 3.074524 
0.180 0.00 0.00 -0.0000 -0.0000 0.0000 0.0000 0.0000 0.0000 0.000000 3.074515 
0.184 0.00 0.00 -0.0000 -0.0000 0.0000 0.0000 0.0000 0.0000 0.000000 3.074516 
0.188 0.00 0.00 -0.0000 -0.0000 0.0000 0.0000 0.0000 0.0000 0.000000 3.074539 
0.192 0.00 0.00 -0.0000 -0.0000 0.0000 0.0000 0.0000 0.0000 0.000000 3.074538 
0.196 0.00 0.00 -0.0000 -0.0000 0.0000 0.0000 0.0000 0.0000 0.000000 3.074560 
0.200 0.00 0.00 -0.0000 -0.0000 0.0000 0.0000 0.0000 0.0000 0.000000 3.074570 
0.204 0.00 0.00 -0.0000 -0.0000 0.0000 0.0000 0.0000 0.0000 0.000000 3.074578 
0.208 0.00 0.00 -0.0000 -0.0000 0.0000 0.0000 0.0000 0.0000 0.000000 3.074576 
0.212 0.00 0.00 -0.0000 -0.0000 0.0000 0.0000 0.0000 0.0000 0.000000 3.074570 
0.216 0.00 0.00 -0.0000 -0.0000 0.0000 0.0000 0.0000 0.0000 0.000000 3.074569 
0.220 0.00 0.00 -0.0000 -0.0000 0.0000 0.0000 0.0000 0.0000 0.000000 3.074575 
0.224 0.00 0.00 -0.0000 -0.0000 0.0000 0.0000 0.0000 0.0000 0.000000 3.074585 
0.228 0.00 0.00 -0.0000 -0.0000 0.0000 0.0000 0.0000 0.0000 0.000000 3.074565 
0.232 0.00 0.00 -0.0000 -0.0000 0.0000 0.0000 0.0000 0.0000 0.000000 3.074554 
0.236 0.00 0.00 -0.0000 -0.0000 0.0000 0.0000 0.0000 0.0000 0.000000 3.074556 
0.240 0.00 0.00 -0.0000 -0.0000 0.0000 0.0000 0.0000 0.0000 0.000000 3.074565 
0.244 0.00 0.00 -0.0000 -0.0000 0.0000 0.0000 0.0000 0.0000 0.000000 3.074562 
0.248 0.00 0.00 -0.0000 -0.0000 0.0000 0.0000 0.0000 0.0000 0.000000 3.074564 
0.252 0.00 0.00 -0.0000 -0.0000 0.0000 0.0000 0.0000 0.0000 0.000000 3.074578 
0.256 0.00 0.00 -0.0000 -0.0000 0.0000 0.0000 0.0000 0.0000 0.000000 3.074593 
0.260 0.00 0.00 -0.0000 -0.0000 0.0000 0.0000 0.0000 0.0000 0.000000 3.074594 
0.264 0.00 0.00 -0.0000 -0.0000 0.0000 0.0000 0.0000 0.0000 0.000000 3.074599 
0.268 0.00 0.00 -0.0000 -0.0000 0.0000 0.0000 0.0000 0.0000 0.000000 3.074604 
0.272 0.00 0.00 -0.0000 -0.0000 0.0000 0.0000 0.0000 0.0000 0.000000 3.074603 
0.276 0.00 0.00 -0.0000 -0.0000 0.0000 0.0000 0.0000 0.0000 0.000000 3.074594 
0.280 0.00 0.00 -0.0000 -0.0000 0.0000 0.0000 0.0000 0.0000 0.000000 3.074594 
0.284 0.00 0.00 -0.0000 -0.0000 0.0000 0.0000 0.0000 0.0000 0.000000 3.074583 
0.288 0.00 0.00 -0.0000 -0.0000 0.0000 0.0000 0.0000 0.0000 0.000000 3.074582 
0.292 0.00 0.00 -0.0000 -0.0000 0.0000 0.0000 0.0000 0.0000 0.000000 3.074577 
0.296 0.00 0.00 -0.0000 -0.0000 0.0000 0.0000 0.0000 0.0000 0.000000 3.074544 
0.300 0.00 0.00 -0.0000 -0.0000 0.0000 0.0000 0.0000 0.0000 0.000000 3.074538 
0.304 0.00 0.00 -0.0000 -0.0000 0.0000 0.0000 0.0000 0.0000 0.000000 3.074519 
0.308 0.00 0.00 -0.0000 -0.0000 0.0000 0.0000 0.0000 0.0000 0.000000 3.074511 
0.312 0.00 0.00 -0.0000 -0.0000 0.0000 0.0000 0.0000 0.0000 0.000000 3.074492 
0.316 0.00 0.00 -0.0000 -0.0000 0.0000 0.0000 0.0000 0.0000 0.000000 3.074479 
0.320 0.00 0.00 -0.0000 -0.0000 0.0000 0.0000 0.0000 0.0000 0.000000 3.074476 
0.324 0.00 0.00 -0.0000 -0.0000 0.0000 0.0000 0.0000 0.0000 0.000000 3.074484 
0.328 0.00 0.00 -0.0000 -0.0000 0.0000 0.0000 0.0000 0.0000 0.000000 3.074481 
0.332 0.00 0.00 -0.0000 -0.0000 0.0000 0.0000 0.0000 0.0000 0.000000 3.074489 
0.336 0.00 0.00 -0.0000 -0.0000 0.0000 0.0000 0.0000 0.0000 0.000000 3.074492 
0.340 0.00 0.00 -0.0000 -0.0000 0.0000 0.0000 0.0000 0.0000 0.000000 3.074492 
0.344 0.00 0.00 -0.0000 -0.0000 0.0000 0.0000 0.0000 0.0000 0.000000 3.074498 
0.348 0.00 0.00 -0.0000 -0.0000 0.0000 0.0000 0.0000 0.0000 0.000000 3.074505 
0.352 0.00 0.00 -0.0000 -0.0000 0.0000 0.0000 0.0000 0.0000 0.000000 3.074523 
0.356 0.00 0.00 -0.0000 -0.0000 0.0000 0.0000 0.0000 0.0000 0.000000 3.074545 
0.360 0.00 0.00 -0.0000 -0.0000 0.0000 0.0000 0.0000 0.0000 0.000000 3.074560 
0.364 0.00 0.00 -0.0000 -0.0000 0.0000 0.0000 0.0000 0.0000 0.000000 3.074568 
0.368 0.00 0.00 -0.0000 -0.0000 0.0000 0.0000 0.0000 0.0000 0.000000 3.074573 
0.372 0.00 0.00 -0.0000 -0.0000 0.0000 0.0000 0.0000 0.0000 0.000000 3.074582 
0.376 0.00 0.00 -0.0000 -0.0000 0.0000 0.0000 0.0000 0.0000 0.000000 3.074585 
0.380 0.00 0.00 -0.0000 -0.0000 0.0000 0.0000 0.0000 0.0000 0.000000 3.074573 
0.384 0.00 0.00 -0.0000 -0.0000 0.0000 0.0000 0.0000 0.0000 0.000000 3.074579 
0.388 0.00 0.00 -0.0000 -0.0000 0.0000 0.0000 0.0000 0.0000 0.000000 3.074582 
0.392 0.00 0.00 -0.0000 -0.0000 0.0000 0.0000 0.0000 0.0000 0.000000 3.074596 
0.396 0.00 0.00 -0.0000 -0.0000 0.0000 0.0000 0.0000 0.0000 0.000000 3.074598 
0.400 0.00 0.00 -0.0000 -0.0000 0.0000 0.0000 0.0000 0.0000 0.000000 3.074595 
0.404 0.00 0.00 -0.0000 -0.0000 0.0000 0.0000 0.0000 0.0000 0.000000 3.074587 
0.408 0.00 0.00 -0.0000 -0.0000 0.0000 0.0000 0.0000 0.0000 0.000000 3.074577 
0.412 0.00 0.00 -0.0000 -0.0000 0.0000 0.0000 0.0000 0.0000 0.000000 3.074575 
0.416 0.00 0.00 -0.0000 -0.0000 0.0000 0.0000 0.0000 0.0000 0.000000 3.074574 
0.420 0.00 0.00 -0.0000 -0.0000 0.0000 0.0000 0.0000 0.0000 0.000000 3.074557 
0.424 0.00 0.00 -0.0000 -0.0000 0.0000 0.0000 0.0000 0.0000 0.000000 3.074548 
0.428 0.00 0.00 -0.0000 -0.0000 0.0000 0.0000 0.0000 0.0000 0.000000 3.074546 
0.432 0.00 0.00 -0.0000 -0.0000 0.0000 0.0000 0.0000 0.0000 0.000000 3.074540 
0.436 0.00 0.00 -0.0000 -0.0000 0.0000 0.0000 0.0000 0.0000 0.000000 3.074524 
0.440 0.00 0.00 -0.0000 -0.0000 0.0000 0.0000 0.0000 0.0000 0.000000 3.074534 
0.444 0.00 0.00 -0.0000 -0.0000 0.0000 0.0000 0.0000 0.0000 0.000000 3.074529 
0.448 0.00 0.00 -0.0000 -0.0000 0.0000 0.0000 0.0000 0.0000 0.000000 3.074516 
0.452 0.00 0.00 -0.0000 -0.0000 0.0000 0.0000 0.0000 0.0000 0.000000 3.074519 
0.456 0.00 0.00 -0.0000 -0.0000 0.0000 0.0000 0.0000 0.0000 0.000000 3.074525 
0.460 0.00 0.00 -0.0000 -0.0000 0.0000 0.0000 0.0000 0.0000 0.000000 3.074523 
0.464 0.00 0.00 -0.0000 -0.0000 0.0000 0.0000 0.0000 0.0000 0.000000 3.074520 
0.468 0.00 0.00 -0.0000 -0.0000 0.0000 0.0000 0.0000 0.0000 0.000000 3.074521 
0.472 0.00 0.00 -0.0000 -0.0000 0.0000 0.0000 0.0000 0.0000 0.000000 3.074503 
0.476 0.00 0.00 -0.0000 -0.0000 0.0000 0.0000 0.0000 0.0000 0.000000 3.074497 
0.480 0.00 0.00 -0.0000 -0.0000 0.0000 0.0000 0.0000 0.0000 0.000000 3.074484 
0.484 0.00 0.00 -0.0000 -0.0000 0.0000 0.0000 0.0000 0.0000 0.000000 3.074487 
0.488 0.00 0.00 -0.0000 -0.0000 0.0000 0.0000 0.0000 0.0000 0.000000 3.074496 
0.492 0.00 0.00 -0.0000 -0.0000 0.0000 0.0000 0.0000 0.0000 0.000000 3.074529 
0.496 0.00 0.00 -0.0000 -0.0000 0.0000 0.0000 0.0000 0.0000 0.000000 3.074558 
0.500 0.00 0.00 -0.0000 -0.0000 0.0000 0.0000 0.0000 0.0000 0.000000 3.074567 
0.504 0.00 0.00 -0.0000 -0.0000 0.0000 0.0000 0.0000 0.0000 0.000000 3.074582 
0.508 0.00 0.00 -0.0000 -0.0000 0.0000 0.0000 0.0000 0.0000 0.000000 3.074601 
0.512 0.00 0.00 -0.0000 -0.0000 0.0000 0.0000 0.0000 0.0000 0.000000 3.074601 
0.516 0.00 0.00 -0.0000 -0.0000 0.0000 0.0000 0.0000 0.0000 0.000000 3.074602 
0.520 0.00 0.00 -0.0000 -0.0000 0.0000 0.0000 0.0000 0.0000 0.000000 3.074606 
0.524 0.00 0.00 -0.0000 -0.0000 0.0000 0.0000 0.0000 0.0000 0.000000 3.074601 
0.528 0.00 0.00 -0.0000 -0.0000 0.0000 0.0000 0.0000 0.0000 0.000000 3.074603 
0.532 0.00 0.00 -0.0000 -0.0000 0.0000 0.0000 0.0000 0.0000 0.000000 3.074601 
0.536 0.00 0.00 -0.0000 -0.0000 0.0000 0.0000 0.0000 0.0000 0.000000 3.074604 
0.540 0.00 0.00 -0.0000 -0.0000 0.0000 0.0000 0.0000 0.0000 0.000000 3.074596 
0.544 0.00 0.00 -0.0000 -0.0000 0.0000 0.0000 0.0000 0.0000 0.000000 3.074598 
0.548 0.00 0.00 -0.0000 -0.0000 0.0000 0.0000 0.0000 0.0000 0.000000 3.074596 
0.552 0.00 0.00 -0.0000 -0.0000 0.0000 0.0000 0.0000 0.0000 0.000000 3.074608 
0.556 0.00 0.00 -0.0000 -0.0000 0.0000 0.0000 0.0000 0.0000 0.000000 3.074607 
0.560 0.00 0.00 -0.0000 -0.0000 0.0000 0.0000 0.0000 0.0000 0.000000 3.074607 
0.564 0.00 0.00 -0.0000 -0.0000 0.0000 0.0000 0.0000 0.0000 0.000000 3.074605 
0.568 0.00 0.00 -0.0000 -0.0000 0.0000 0.0000 0.0000 0.0000 0.000000 3.074604 
0.572 0.00 0.00 -0.0000 -0.0000 0.0000 0.0000 0.0000 0.0000 0.000000 3.074587 
0.576 0.00 0.00 -0.0000 -0.0000 0.0000 0.0000 0.0000 0.0000 0.000000 3.074587 
0.580 0.00 0.00 -0.0000 -0.0000 0.0000 0.0000 0.0000 0.0000 0.000000 3.074582 
0.584 0.00 0.00 -0.0000 -0.0000 0.0000 0.0000 0.0000 0.0000 0.000000 3.074569 
0.588 0.00 0.00 -0.0000 -0.0000 0.0000 0.0000 0.0000 0.0000 0.000000 3.074554 
0.592 0.00 0.00 -0.0000 -0.0000 0.0000 0.0000 0.0000 0.0000 0.000000 3.074559 
0.596 0.00 0.00 -0.0000 -0.0000 0.0000 0.0000 0.0000 0.0000 0.000000 3.074568 
0.600 0.00 0.00 -0.0000 -0.0000 0.0000 0.0000 0.0000 0.0000 0.000000 3.074561 
0.604 0.00 0.00 -0.0000 -0.0000 0.0000 0.0000 0.0000 0.0000 0.000000 3.074551 
0.608 0.00 0.00 -0.0000 -0.0000 0.0000 0.0000 0.0000 0.0000 0.000000 3.074543 
0.612 0.00 0.00 -0.0000 -0.0000 0.0000 0.0000 0.0000 0.0000 0.000000 3.074525 
0.616 0.00 0.00 -0.0000 -0.0000 0.0000 0.0000 0.0000 0.0000 0.000000 3.074526 
0.620 0.00 0.00 -0.0000 -0.0000 0.0000 0.0000 0.0000 0.0000 0.000000 3.074522 
0.624 0.00 0.00 -0.0000 -0.0000 0.0000 0.0000 0.0000 0.0000 0.000000 3.074520 
0.628 0.00 0.00 -0.0000 -0.0000 0.0000 0.0000 0.0000 0.0000 0.000000 3.074521 
0.632 0.00 0.00 -0.0000 -0.0000 0.0000 0.0000 0.0000 0.0000 0.000000 3.074510 
0.636 0.00 0.00 -0.0000 -0.0000 0.0000 0.0000 0.0000 0.0000 0.000000 3.074495 
0.640 0.00 0.00 -0.0000 -0.0000 0.0000 0.0000 0.0000 0.0000 0.000000 3.074491 
0.644 0.00 0.00 -0.0000 -0.0000 0.0000 0.0000 0.0000 0.0000 0.000000 3.074496 
0.648 0.00 0.00 -0.0000 -0.0000 0.0000 0.0000 0.0000 0.0000 0.000000 3.074494 
0.652 0.00 0.00 -0.0000 -0.0000 0.0000 0.0000 0.0000 0.0000 0.000000 3.074494 
0.656 0.00 0.00 -0.0000 -0.0000 0.0000 0.0000 0.0000 0.0000 0.000000 3.074489 
0.660 0.00 0.00 -0.0000 -0.0000 0.0000 0.0000 0.0000 0.0000 0.000000 3.074491 
0.664 0.00 0.00 -0.0000 -0.0000 0.0000 0.0000 0.0000 0.0000 0.000000 3.074494 
0.668 0.00 0.00 -0.0000 -0.0000 0.0000 0.0000 0.0000 0.0000 0.000000 3.074502 
0.672 0.00 0.00 -0.0000 -0.0000 0.0000 0.0000 0.0000 0.0000 0.000000 3.074529 
0.676 0.00 0.00 -0.0000 -0.0000 0.0000 0.0000 0.0000 0.0000 0.000000 3.074526 
0.680 0.00 0.00 -0.0000 -0.0000 0.0000 0.0000 0.0000 0.0000 0.000000 3.074536 
0.684 0.00 0.00 -0.0000 -0.0000 0.0000 0.0000 0.0000 0.0000 0.000000 3.074532 
0.688 0.00 0.00 -0.0000 -0.0000 0.0000 0.0000 0.0000 0.0000 0.000000 3.074533 
0.692 0.00 0.00 -0.0000 -0.0000 0.0000 0.0000 0.0000 0.0000 0.000000 3.074532 
0.696 0.00 0.00 -0.0000 -0.0000 0.0000 0.0000 0.0000 0.0000 0.000000 3.074550 
0.700 1.20 1.20 -0.0000 -0.0000 0.0000 0.0000 0.0000 0.0000 0.000000 3.074568 
0.704 1.20 1.20 -0.0000 -0.0000 0.0000 0.0000 0.0000 0.0000 0.000000 3.074582 
0.708 1.20 1.20 -0.0000 0.0000 0.0000 0.0000 0.0002 0.0000 0.002617 3.074583 
0.712 1.20 1.20 0.0000 0.0000 0.0000 0.0000 0.0004 0.0000 0.000000 3.074590 
0.716 1.20 1.20 0.0721 0.0000 -0.4651 0.0000 0.0008 0.0000 0.000000 3.074606 
0.720 1.20 1.20 0.0998 0.0958 -0.0259 0.0000 0.0012 0.0000 0.000000 3.074602 
0.724 1.20 1.20 0.1213 0.1022 -0.1229 0.0000 0.0016 0.0000 0.000000 3.074624 
0.728 1.20 1.20 0.1370 0.1504 0.0859 0.0000 0.0022 0.0000 0.002617 3.074571 
0.732 1.20 1.20 0.1696 0.1569 -0.0819 0.0000 0.0028 0.0000 0.000000 3.074586 
0.736 1.20 1.20 0.1960 0.1820 -0.0902 0.0000 0.0037 0.0000 0.000000 3.074600 
0.740 1.20 1.20 0.2044 0.2057 0.0084 0.0000 0.0045 0.0000 0.000000 3.074589 
0.744 1.20 1.20 0.2187 0.2160 -0.0174 0.0000 0.0053 0.0000 0.000000 3.074582 
0.748 1.20 1.20 0.2312 0.2202 -0.0706 0.0000 0.0061 0.0000 0.000000 3.074565 
0.752 1.20 1.20 0.2341 0.2324 -0.0105 0.0000 0.0071 0.0000 -0.002617 3.074548 
0.756 1.20 1.20 0.2625 0.2303 -0.2078 0.0000 0.0081 0.0000 0.000000 3.074558 
0.760 1.20 1.20 0.2587 0.2433 -0.0997 0.0000 0.0091 0.0000 -0.002617 3.074576 
0.764 1.20 1.20 0.2697 0.2628 -0.0444 0.0000 0.0101 0.0000 0.000000 3.074573 
0.768 1.20 1.20 0.2979 0.2793 -0.1204 0.0000 0.0112 -0.0000 -0.002617 3.074565 
0.772 1.20 1.20 0.2783 0.2639 -0.0931 0.0000 0.0124 -0.0000 -0.002617 3.074569 
0.776 1.20 1.20 0.2823 0.2699 -0.0801 0.0000 0.0136 -0.0000 -0.002617 3.074576 
0.780 1.20 1.20 0.3044 0.2863 -0.1165 0.0000 0.0144 -0.0000 -0.002617 3.074582 
0.784 1.20 1.20 0.2881 0.2619 -0.1691 0.0000 0.0156 -0.0000 -0.002617 3.074605 
0.788 1.20 1.20 0.3236 0.2920 -0.2036 0.0000 0.0168 -0.0000 -0.002617 3.074581 
0.792 1.20 1.20 0.2979 0.2634 -0.2225 0.0000 0.0181 -0.0000 -0.002617 3.074575 
0.796 1.20 1.20 0.3160 0.3012 -0.0952 0.0000 0.0193 -0.0000 -0.002617 3.074576 
0.800 1.20 1.20 0.3044 0.2945 -0.0641 0.0000 0.0205 -0.0000 -0.002617 3.074576 
0.804 1.20 1.20 0.2969 0.2714 -0.1643 0.0000 0.0215 -0.0000 -0.005235 3.074570 
0.808 1.20 1.20 0.3066 0.2913 -0.0986 0.0000 0.0227 -0.0000 -0.005235 3.074557 
0.812 1.20 1.20 0.3115 0.2949 -0.1073 0.0000 0.0239 -0.0000 -0.005235 3.074529 
0.816 1.20 1.20 0.3046 0.3226 0.1162 0.0000 0.0252 -0.0001 -0.005235 3.074519 
0.820 1.20 1.20 0.2975 0.2841 -0.0871 0.0000 0.0264 -0.0001 -0.005235 3.074525 
0.824 1.20 1.20 0.3079 0.3333 0.1640 0.0000 0.0276 -0.0001 -0.005235 3.074534 
0.828 1.20 1.20 0.3327 0.3069 -0.1664 0.0000 0.0288 -0.0001 -0.005235 3.074532 
0.832 1.20 1.20 0.3066 0.3160 0.0606 0.0000 0.0300 -0.0001 -0.005235 3.074535 
0.836 1.20 1.20 0.2988 0.3149 0.1038 0.0000 0.0314 -0.0001 -0.002617 3.074550 
0.840 1.20 1.20 0.3151 0.3046 -0.0681 0.0000 0.0327 -0.0001 -0.002617 3.074572 
0.844 1.20 1.20 0.3210 0.3266 0.0360 0.0000 0.0339 -0.0001 -0.002617 3.074609 
0.848 1.20 1.20 0.2970 0.2932 -0.0245 0.0000 0.0351 -0.0001 -0.002617 3.074652 
0.852 1.20 1.20 0.3138 0.3217 0.0510 0.0000 0.0365 -0.0001 -0.005235 3.074661 
0.856 1.20 1.20 0.3259 0.2879 -0.2454 0.0000 0.0377 -0.0001 -0.005235 3.074673 
0.860 1.20 1.20 0.3172 0.3276 0.0672 0.0000 0.0389 -0.0001 -0.005235 3.074667 
0.864 1.20 1.20 0.3347 0.3204 -0.0927 0.0000 0.0402 -0.0001 -0.005235 3.074674 
0.868 1.20 1.20 0.3112 0.3241 0.0833 0.0000 0.0416 -0.0001 -0.002617 3.074660 
0.872 1.20 1.20 0.3165 0.3288 0.0797 0.0000 0.0428 -0.0001 -0.002617 3.074636 
0.876 1.20 1.20 0.3168 0.2972 -0.1265 0.0000 0.0440 -0.0001 -0.002617 3.074594 
0.880 1.20 1.20 0.3335 0.3281 -0.0348 0.0000 0.0452 -0.0001 -0.002617 3.074549 
0.884 1.20 1.20 0.3144 0.3279 0.0870 0.0000 0.0465 -0.0001 -0.002617 3.074532 
0.888 1.20 1.20 0.3029 0.3165 0.0880 0.0000 0.0477 -0.0001 -0.002617 3.074522 
0.892 1.20 1.20 0.2850 0.3313 0.2985 0.0000 0.0493 -0.0002 -0.002617 3.074504 
0.896 1.20 1.20 0.3164 0.2954 -0.1356 0.0000 0.0505 -0.0002 -0.002617 3.074510 
0.900 1.20 1.20 0.2981 0.3454 0.3049 0.0000 0.0517 -0.0002 -0.002617 3.074506 
0.904 1.20 1.20 0.3154 0.2917 -0.1526 0.0000 0.0529 -0.0002 -0.002617 3.074514 
0.908 1.20 1.20 0.3483 0.3219 -0.1706 0.0000 0.0542 -0.0002 -0.002617 3.074543 
0.912 1.20 1.20 0.3227 0.3263 0.0231 0.0000 0.0554 -0.0002 -0.002617 3.074556 
0.916 1.20 1.20 0.2939 0.2917 -0.0141 0.0000 0.0568 -0.0002 0.000000 3.074595 
0.920 1.20 1.20 0.3319 0.3311 -0.0052 0.0000 0.0582 -0.0002 -0.002617 3.074619 
0.924 1.20 1.20 0.3172 0.3236 0.0412 0.0000 0.0594 -0.0002 -0.002617 3.074629 
0.928 1.20 1.20 0.3074 0.3434 0.2320 0.0000 0.0606 -0.0002 -0.002617 3.074624 
0.932 1.20 1.20 0.3250 0.3090 -0.1027 0.0000 0.0619 -0.0002 -0.002617 3.074617 
0.936 1.20 1.20 0.3238 0.2992 -0.1585 0.0000 0.0633 -0.0002 0.000000 3.074621 
0.940 1.20 1.20 0.3150 0.3293 0.0926 0.0000 0.0645 -0.0002 0.000000 3.074600 
0.944 1.20 1.20 0.3054 0.3295 0.1556 0.0000 0.0657 -0.0002 0.000000 3.074582 
0.948 1.20 1.20 0.3199 0.3178 -0.0132 0.0000 0.0669 -0.0002 0.000000 3.074555 
0.952 1.20 1.20 0.3247 0.3091 -0.1008 0.0000 0.0684 -0.0002 -0.002617 3.074526 
0.956 1.20 1.20 0.3514 0.3253 -0.1685 0.0000 0.0696 -0.0002 -0.002617 3.074510 
0.960 1.20 1.20 0.3161 0.3473 0.2012 0.0000 0.0710 -0.0002 0.000000 3.074509 
0.964 1.20 1.20 0.3127 0.2934 -0.1245 0.0000 0.0722 -0.0002 0.000000 3.074508 
0.968 1.20 1.20 0.3197 0.3253 0.0362 0.0000 0.0734 -0.0002 0.000000 3.074513 
0.972 1.20 1.20 0.2783 0.3280 0.3207 0.0000 0.0746 -0.0002 0.000000 3.074543 
0.976 1.20 1.20 0.3120 0.3544 0.2731 0.0000 0.0759 -0.0002 0.000000 3.074568 
0.980 1.20 1.20 0.3201 0.3327 0.0809 0.0000 0.0775 -0.0002 0.000000 3.074606 
0.984 1.20 1.20 0.2997 0.3249 0.1627 0.0000 0.0787 -0.0002 0.000000 3.074626 
0.988 1.20 1.20 0.3235 0.3446 0.1363 0.0000 0.0799 -0.0002 0.000000 3.074635 
0.992 1.20 1.20 0.3345 0.3098 -0.1590 0.0000 0.0811 -0.0002 0.000000 3.074635 
0.996 1.20 1.20 0.3231 0.3542 0.2008 0.0000 0.0824 -0.0002 0.000000 3.074636 
1.000 1.20 1.20 0.3191 0.3300 0.0698 0.0000 0.0840 -0.0002 0.000000 3.074628 
1.004 1.20 1.20 0.3083 0.3284 0.1294 0.0000 0.0852 -0.0002 0.000000 3.074597 
1.008 1.20 1.20 0.3215 0.3151 -0.0414 0.0000 0.0864 -0.0002 0.000000 3.074546 
1.012 1.20 1.20 0.3438 0.3068 -0.2388 0.0000 0.0876 -0.0002 0.000000 3.074509 
1.016 1.20 1.20 0.3189 0.3462 0.1757 0.0000 0.0888 -0.0002 0.000000 3.074485 
1.020 1.20 1.20 0.3107 0.3162 0.0355 0.0000 0.0901 -0.0002 0.000000 3.074461 
1.024 1.20 1.20 0.3153 0.2950 -0.1309 0.0000 0.0917 -0.0002 0.000000 3.074445 
1.028 1.20 1.20 0.3218 0.3271 0.0339 0.0000 0.0929 -0.0002 0.000000 3.074435 
1.032 1.20 1.20 0.2797 0.3253 0.2940 0.0000 0.0941 -0.0002 0.000000 3.074446 
1.036 1.20 1.20 0.3217 0.3517 0.1930 0.0000 0.0953 -0.0002 0.000000 3.074466 
1.040 1.20 1.20 0.3365 0.3013 -0.2273 0.0000 0.0966 -0.0002 0.000000 3.074503 
1.044 1.20 1.20 0.3285 0.3230 -0.0355 0.0000 0.0980 -0.0002 0.002617 3.074517 
1.048 1.20 1.20 0.3245 0.3427 0.1175 0.0000 0.0994 -0.0002 0.000000 3.074559 
1.052 1.20 1.20 0.3359 0.3094 -0.1707 0.0000 0.1006 -0.0002 0.000000 3.074562 
1.056 1.20 1.20 0.3249 0.3543 0.1898 0.0000 0.1018 -0.0002 0.000000 3.074568 
1.060 1.20 1.20 0.3027 0.3174 0.0947 0.0000 0.1030 -0.0002 0.000000 3.074564 
1.064 1.20 1.20 0.3286 0.3291 0.0034 0.0000 0.1043 -0.0002 0.000000 3.074558 
1.068 1.20 1.20 0.3242 0.3189 -0.0344 0.0000 0.1059 -0.0002 0.000000 3.074548 
1.072 1.20 1.20 0.3472 0.3096 -0.2425 0.0000 0.1071 -0.0002 0.000000 3.074529 
1.076 1.20 1.20 0.3203 0.3499 0.1912 0.0000 0.1083 -0.0002 0.000000 3.074514 
1.080 1.20 1.20 0.3107 0.3187 0.0516 0.0000 0.1095 -0.0002 0.000000 3.074497 
1.084 1.20 1.20 0.3254 0.3233 -0.0138 0.0000 0.1108 -0.0002 0.000000 3.074476 
1.088 1.20 1.20 0.3317 0.3286 -0.0198 0.0000 0.1122 -0.0002 0.002617 3.074474 
1.092 1.20 1.20 0.2793 0.3287 0.3183 0.0000 0.1136 -0.0002 0.000000 3.074491 
1.096 1.20 1.20 0.3213 0.3549 0.2165 0.0000 0.1148 -0.0002 0.000000 3.074487 
1.100 1.20 1.20 0.3362 0.3034 -0.2111 0.0000 0.1160 -0.0002 0.000000 3.074487 
1.104 1.20 1.20 0.3291 0.3215 -0.0491 0.0000 0.1174 -0.0002 0.002617 3.074498 
1.108 1.20 1.20 0.3463 0.3452 -0.0068 0.0000 0.1187 -0.0002 0.002617 3.074518 
1.112 1.20 1.20 0.3354 0.3106 -0.1600 0.0000 0.1201 -0.0002 0.000000 3.074539 
1.116 1.20 1.20 0.3237 0.3548 0.2004 0.0000 0.1213 -0.0002 0.000000 3.074545 
1.120 1.20 1.20 0.3030 0.3179 0.0960 0.0000 0.1225 -0.0002 0.000000 3.074543 
1.124 1.20 1.20 0.3297 0.3295 -0.0014 0.0000 0.1237 -0.0002 0.000000 3.074553 
1.128 1.20 1.20 0.3428 0.3187 -0.1557 0.0000 0.1252 -0.0002 0.002617 3.074553 
1.132 1.20 1.20 0.3233 0.3092 -0.0909 0.0000 0.1266 -0.0002 0.000000 3.074543 
1.136 1.20 1.20 0.3241 0.3474 0.1502 0.0000 0.1278 -0.0002 0.000000 3.074544 
1.140 1.20 1.20 0.3150 0.3172 0.0141 0.0000 0.1290 -0.0002 0.000000 3.074538 
1.144 1.20 1.20 0.3296 0.3208 -0.0569 0.0000 0.1302 -0.0002 0.000000 3.074539 
1.148 1.20 1.20 0.3482 0.3272 -0.1356 0.0000 0.1316 -0.0002 0.002617 3.074527 
1.152 1.20 1.20 0.3096 0.3296 0.1288 0.0000 0.1329 -0.0002 0.002617 3.074535 
1.156 1.20 1.20 0.3246 0.3559 0.2020 0.0000 0.1343 -0.0002 0.000000 3.074539 
1.160 1.20 1.20 0.3391 0.3047 -0.2221 0.0000 0.1355 -0.0002 0.000000 3.074535 
1.164 1.20 1.20 0.3309 0.3215 -0.0607 0.0000 0.1369 -0.0002 0.002617 3.074525 
1.168 1.20 1.20 0.3486 0.3458 -0.0182 0.0000 0.1381 -0.0002 0.002617 3.074525 
1.172 1.20 1.20 0.3380 0.3119 -0.1682 0.0000 0.1396 -0.0002 0.000000 3.074524 
1.176 1.20 1.20 0.3259 0.3560 0.1944 0.0000 0.1408 -0.0002 0.000000 3.074517 
1.180 1.20 1.20 0.3047 0.3190 0.0923 0.0000 0.1420 -0.0002 0.000000 3.074498 
1.184 1.20 1.20 0.3312 0.3256 -0.0361 0.0000 0.1432 -0.0002 0.000000 3.074483 
1.188 1.20 1.20 0.3438 0.3199 -0.1540 0.0000 0.1446 -0.0002 0.002617 3.074463 
1.192 1.20 1.20 0.3497 0.3111 -0.2490 0.0000 0.1460 -0.0002 0.000000 3.074460 
1.196 1.20 1.20 0.3243 0.3514 0.1746 0.0000 0.1473 -0.0002 0.000000 3.074460 
1.200 1.20 1.20 0.3157 0.3193 0.0229 0.0000 0.1485 -0.0002 0.000000 3.074464 
1.204 1.20 1.20 0.3298 0.2964 -0.2154 0.0000 0.1499 -0.0002 0.002617 3.074469 
1.208 1.20 1.20 0.3258 0.3283 0.0156 0.0000 0.1513 -0.0002 0.000000 3.074476 
1.212 1.20 1.20 0.2826 0.3310 0.3122 0.0000 0.1525 -0.0002 0.000000 3.074490 
1.216 1.20 1.20 0.3246 0.3575 0.2117 0.0000 0.1538 -0.0002 0.000000 3.074489 
1.220 1.20 1.20 0.3392 0.3060 -0.2146 0.0000 0.1550 -0.0002 0.000000 3.074508 
1.224 1.20 1.20 0.3311 0.3273 -0.0242 0.0000 0.1564 -0.0002 0.002617 3.074505 
1.228 1.20 1.20 0.3269 0.3468 0.1280 0.0000 0.1578 -0.0002 0.000000 3.074507 
1.232 1.20 1.20 0.3379 0.3129 -0.1618 0.0000 0.1590 -0.0002 0.000000 3.074497 
1.236 1.20 1.20 0.3254 0.3566 0.2015 0.0000 0.1602 -0.0002 0.000000 3.074498 
1.240 1.20 1.20 0.3047 0.3326 0.1801 0.0000 0.1617 -0.0002 0.002617 3.074502 
1.244 1.20 1.20 0.3302 0.3322 0.0128 0.0000 0.1629 -0.0002 0.002617 3.074483 
1.248 1.20 1.20 0.3264 0.3214 -0.0328 0.0000 0.1643 -0.0002 0.000000 3.074461 
1.252 1.20 1.20 0.3481 0.3093 -0.2504 0.0000 0.1655 -0.0002 0.000000 3.074445 
1.256 1.20 1.20 0.3242 0.3433 0.1232 0.0000 0.1667 -0.0001 0.000000 3.074451 
1.260 1.20 1.20 0.3155 0.3525 0.2387 0.0000 0.1682 -0.0001 0.002617 3.074454 
1.264 1.20 1.20 0.3295 0.2973 -0.2078 0.0000 0.1694 -0.0001 0.002617 3.074462 
1.268 1.20 1.20 0.3256 0.3301 0.0294 0.0000 0.1708 -0.0001 0.000000 3.074479 
1.272 1.20 1.20 0.2824 0.3318 0.3191 0.0000 0.1720 -0.0001 0.000000 3.074493 
1.276 1.20 1.20 0.3243 0.2954 -0.1863 0.0000 0.1734 -0.0001 0.002617 3.074508 
1.280 1.20 1.20 0.3384 0.3358 -0.0168 0.0000 0.1746 -0.0001 0.002617 3.074525 
1.284 1.20 1.20 0.3308 0.3274 -0.0221 0.0000 0.1759 -0.0001 0.002617 3.074537 
1.288 1.20 1.20 0.3266 0.3470 0.1311 0.0000 0.1773 -0.0001 0.000000 3.074543 
1.292 1.20 1.20 0.3375 0.3126 -0.1602 0.0000 0.1785 -0.0001 0.000000 3.074535 
1.296 1.20 1.20 0.3258 0.3019 -0.1540 0.0000 0.1799 -0.0001 0.002617 3.074527 
1.300 1.20 1.20 0.3048 0.3330 0.1821 0.0000 0.1811 -0.0001 0.002617 3.074506 
1.304 1.20 1.20 0.3310 0.3331 0.0132 0.0000 0.1824 -0.0001 0.002617 3.074489 
1.308 1.20 1.20 0.3263 0.3216 -0.0303 0.0000 0.1838 -0.0001 0.000000 3.074471 
1.312 1.20 1.20 0.3494 0.3373 -0.0779 0.0000 0.1852 -0.0001 0.002617 3.074456 
1.316 1.20 1.20 0.3244 0.3005 -0.1545 0.0000 0.1864 -0.0001 0.002617 3.074453 
1.320 1.20 1.20 0.3155 0.3564 0.2634 0.0000 0.1876 -0.0001 0.002617 3.074453 
1.324 1.20 1.20 0.3298 0.3003 -0.1904 0.0000 0.1888 -0.0001 0.002617 3.074445 
1.328 1.20 1.20 0.3264 0.3062 -0.1299 0.0000 0.1905 -0.0001 0.002617 3.074473 
1.332 1.20 1.20 0.2829 0.3350 0.3365 0.0000 0.1917 -0.0001 0.002617 3.074489 
1.336 1.20 1.20 0.3253 0.2996 -0.1654 0.0000 0.1929 -0.0001 0.002617 3.074501 
1.340 1.20 1.20 0.3394 0.3384 -0.0064 0.0000 0.1941 -0.0001 0.002617 3.074517 
1.344 1.20 1.20 0.3022 0.3257 0.1515 0.0000 0.1957 -0.0001 0.002617 3.074539 
1.348 1.20 1.20 0.3244 0.3322 0.0507 0.0000 0.1970 -0.0001 0.002617 3.074555 
1.352 1.20 1.20 0.3353 0.3362 0.0060 0.0000 0.1982 -0.0001 0.002617 3.074542 
1.356 1.20 1.20 0.3247 0.3031 -0.1391 0.0000 0.1994 -0.0001 0.002617 3.074535 
1.360 1.20 1.20 0.3033 0.3278 0.1577 0.0000 0.2006 -0.0001 0.002617 3.074514 
1.364 1.20 1.20 0.3306 0.3512 0.1334 0.0000 0.2020 -0.0001 0.005235 3.074515 
1.368 1.20 1.20 0.3254 0.3226 -0.0177 0.0000 0.2034 -0.0001 0.002617 3.074483 
1.372 1.20 1.20 0.3487 0.3344 -0.0925 0.0000 0.2047 -0.0001 0.002617 3.074463 
1.376 1.20 1.20 0.3238 0.2981 -0.1663 0.0000 0.2059 -0.0001 0.002617 3.074450 
1.380 1.20 1.20 0.3151 0.3189 0.0246 0.0000 0.2073 -0.0001 0.005235 3.074443 
1.384 1.20 1.20 0.3191 0.3403 0.1368 0.0000 0.2087 -0.0001 0.002617 3.074435 
1.388 1.20 1.20 0.3256 0.3043 -0.1374 0.0000 0.2099 -0.0001 0.002617 3.074448 
1.392 1.20 1.20 0.2828 0.3333 0.3258 0.0000 0.2112 -0.0001 0.002617 3.074469 
1.396 1.20 1.20 0.3243 0.3308 0.0418 0.0000 0.2126 -0.0000 0.005235 3.074482 
1.400 2.40 2.40 0.3391 0.3231 -0.1037 0.0000 0.2138 -0.0000 0.005235 3.074507 
1.404 2.40 2.40 0.3201 0.3421 0.1417 0.0000 0.2152 -0.0000 0.002617 3.074542 
1.408 2.40 2.40 0.3846 0.3852 0.0037 0.0000 0.2166 -0.0000 0.005235 3.074559 
1.412 2.40 2.40 0.4280 0.4670 0.2516 0.0000 0.2183 -0.0000 0.005235 3.074574 
1.416 2.40 2.40 0.4266 0.4557 0.1880 0.0000 0.2201 -0.0000 0.002617 3.074559 
1.420 2.40 2.40 0.4848 0.4616 -0.1496 0.0000 0.2221 -0.0000 0.002617 3.074567 
1.424 2.40 2.40 0.5550 0.5151 -0.2574 0.0000 0.2241 -0.0000 0.002617 3.074548 
1.428 2.40 2.40 0.5416 0.5162 -0.1638 0.0000 0.2262 0.0000 0.002617 3.074510 
1.432 2.40 2.40 0.5387 0.5683 0.1906 0.0000 0.2282 0.0000 0.002617 3.074515 
1.436 2.40 2.40 0.5005 0.5733 0.4693 0.0000 0.2306 0.0000 0.002617 3.074473 
1.440 2.40 2.40 0.6170 0.6038 -0.0852 0.0000 0.2331 0.0000 0.002617 3.074445 
1.444 2.40 2.40 0.6471 0.5512 -0.6191 0.0000 0.2355 0.0000 0.002617 3.074448 
1.448 2.40 2.40 0.6116 0.5943 -0.1118 0.0000 0.2377 0.0000 0.000000 3.074475 
1.452 2.40 2.40 0.6579 0.6241 -0.2185 0.0000 0.2404 0.0000 0.002617 3.074459 
1.456 2.40 2.40 0.6186 0.6622 0.2812 0.0000 0.2428 0.0000 0.002617 3.074471 
1.460 2.40 2.40 0.7130 0.6470 -0.4260 0.0000 0.2452 0.0001 0.002617 3.074492 
1.464 2.40 2.40 0.6450 0.6793 0.2214 0.0000 0.2479 0.0001 0.000000 3.074538 
1.468 2.40 2.40 0.6615 0.6404 -0.1358 0.0000 0.2505 0.0001 0.002617 3.074505 
1.472 2.40 2.40 0.6955 0.6520 -0.2806 0.0000 0.2531 0.0001 0.000000 3.074525 
1.476 2.40 2.40 0.6479 0.6626 0.0949 0.0000 0.2558 0.0001 0.002617 3.074553 
1.480 2.40 2.40 0.6775 0.6612 -0.1048 0.0000 0.2586 0.0001 0.002617 3.074552 
1.484 2.40 2.40 0.6702 0.6504 -0.1272 0.0000 0.2611 0.0001 0.002617 3.074573 
1.488 2.40 2.40 0.6090 0.7386 0.8361 0.0000 0.2639 0.0001 0.002617 3.074511 
1.492 2.40 2.40 0.6874 0.6277 -0.3852 0.0000 0.2667 0.0001 0.002617 3.074497 
1.496 2.40 2.40 0.5992 0.6979 0.6371 0.0000 0.2696 0.0001 0.002617 3.074480 
1.500 2.40 2.40 0.7180 0.7260 0.0516 0.0000 0.2720 0.0001 0.002617 3.074464 
1.504 2.40 2.40 0.7002 0.7122 0.0777 0.0000 0.2748 0.0001 0.002617 3.074452 
1.508 2.40 2.40 0.7200 0.7389 0.1215 0.0000 0.2777 0.0001 0.002617 3.074423 
1.512 2.40 2.40 0.6934 0.6735 -0.1283 0.0000 0.2805 0.0001 0.002617 3.074417 
1.516 2.40 2.40 0.6274 0.7621 0.8685 0.0000 0.2834 0.0001 0.002617 3.074420 
1.520 2.40 2.40 0.7079 0.6448 -0.4070 0.0000 0.2862 0.0002 0.002617 3.074436 
1.524 2.40 2.40 0.6123 0.7148 0.6608 0.0000 0.2890 0.0002 0.002617 3.074459 
1.528 2.40 2.40 0.7027 0.6994 -0.0208 0.0000 0.2919 0.0002 0.002617 3.074472 
1.532 2.40 2.40 0.6789 0.7054 0.1711 0.0000 0.2947 0.0002 0.002617 3.074477 
1.536 2.40 2.40 0.7124 0.7017 -0.0690 0.0000 0.2976 0.0002 0.002617 3.074491 
1.540 2.40 2.40 0.7009 0.6971 -0.0244 0.0000 0.3002 0.0002 0.005235 3.074496 
1.544 2.40 2.40 0.6333 0.6543 0.1354 0.0000 0.3030 0.0002 0.005235 3.074516 
1.548 2.40 2.40 0.7107 0.7471 0.2349 0.0000 0.3059 0.0002 0.005235 3.074525 
1.552 2.40 2.40 0.6161 0.6950 0.5091 0.0000 0.3087 0.0003 0.005235 3.074528 
1.556 2.40 2.40 0.7080 0.7534 0.2928 0.0000 0.3116 0.0003 0.005235 3.074508 
1.560 2.40 2.40 0.6857 0.6878 0.0133 0.0000 0.3144 0.0003 0.005235 3.074485 
1.564 2.40 2.40 0.7124 0.6624 -0.3222 0.0000 0.3174 0.0003 0.007852 3.074481 
1.568 2.40 2.40 0.7549 0.7523 -0.0167 0.0000 0.3203 0.0003 0.007852 3.074479 
1.572 2.40 2.40 0.7084 0.7089 0.0032 0.0000 0.3231 0.0003 0.007852 3.074470 
1.576 2.40 2.40 0.6892 0.7267 0.2418 0.0000 0.3260 0.0004 0.007852 3.074469 
1.580 2.40 2.40 0.7135 0.6572 -0.3636 0.0000 0.3288 0.0004 0.007852 3.074466 
1.584 2.40 2.40 0.7431 0.7184 -0.1595 0.0000 0.3316 0.0004 0.007852 3.074483 
1.588 2.40 2.40 0.7089 0.7099 0.0066 0.0000 0.3345 0.0004 0.007852 3.074507 
1.592 2.40 2.40 0.6650 0.7260 0.3937 0.0000 0.3373 0.0004 0.007852 3.074522 
1.596 2.40 2.40 0.7167 0.7350 0.1181 0.0000 0.3404 0.0005 0.010469 3.074526 
1.600 2.40 2.40 0.7888 0.7061 -0.5330 0.0000 0.3432 0.0005 0.010469 3.074536 
1.604 2.40 2.40 0.7089 0.7740 0.4203 0.0000 0.3460 0.0005 0.010469 3.074559 
1.608 2.40 2.40 0.7723 0.6808 -0.5907 0.0000 0.3489 0.0005 0.010469 3.074543 
1.612 2.40 2.40 0.7190 0.7598 0.2632 0.0000 0.3517 0.0006 0.010469 3.074548 
1.616 2.40 2.40 0.7234 0.6724 -0.3285 0.0000 0.3548 0.0006 0.007852 3.074521 
1.620 2.40 2.40 0.7531 0.7723 0.1240 0.0000 0.3576 0.0006 0.007852 3.074481 
1.624 2.40 2.40 0.7130 0.7818 0.4437 0.0000 0.3606 0.0007 0.010469 3.074464 
1.628 2.40 2.40 0.6951 0.6626 -0.2099 0.0000 0.3635 0.0007 0.010469 3.074464 
1.632 2.40 2.40 0.7206 0.7340 0.0860 0.0000 0.3663 0.0007 0.010469 3.074443 
1.636 2.40 2.40 0.6658 0.7166 0.3276 0.0000 0.3692 0.0008 0.010469 3.074444 
1.640 2.40 2.40 0.7146 0.7211 0.0423 0.0000 0.3720 0.0008 0.010469 3.074428 
1.644 2.40 2.40 0.7125 0.7182 0.0368 0.0000 0.3750 0.0008 0.013086 3.074425 
1.648 2.40 2.40 0.7192 0.7214 0.0142 0.0000 0.3779 0.0009 0.013086 3.074417 
1.652 2.40 2.40 0.7684 0.7365 -0.2062 0.0000 0.3807 0.0009 0.013086 3.074434 
1.656 2.40 2.40 0.7112 0.7275 0.1054 0.0000 0.3836 0.0009 0.013086 3.074464 
1.660 2.40 2.40 0.7794 0.8038 0.1572 0.0000 0.3864 0.0010 0.013086 3.074466 
1.664 2.40 2.40 0.7161 0.7234 0.0469 0.0000 0.3892 0.0010 0.013086 3.074465 
1.668 2.40 2.40 0.7690 0.7377 -0.2020 0.0000 0.3921 0.0010 0.013086 3.074444 
1.672 2.40 2.40 0.7149 0.7258 0.0704 0.0000 0.3951 0.0011 0.015704 3.074431 
1.676 2.40 2.40 0.6749 0.6879 0.0835 0.0000 0.3980 0.0011 0.015704 3.074431 
1.680 2.40 2.40 0.7162 0.7924 0.4910 0.0000 0.4008 0.0012 0.015704 3.074427 
1.684 2.40 2.40 0.6730 0.6778 0.0309 0.0000 0.4036 0.0012 0.015704 3.074429 
1.688 2.40 2.40 0.7105 0.7299 0.1256 0.0000 0.4065 0.0013 0.015704 3.074404 
1.692 2.40 2.40 0.7405 0.6708 -0.4498 0.0000 0.4095 0.0013 0.018321 3.074412 
1.696 2.40 2.40 0.7161 0.6705 -0.2943 0.0000 0.4124 0.0014 0.018321 3.074425 
1.700 2.40 2.40 0.7332 0.7907 0.3712 0.0000 0.4152 0.0014 0.018321 3.074435 
1.704 2.40 2.40 0.7039 0.7189 0.0969 0.0000 0.4180 0.0014 0.018321 3.074422 
1.708 2.40 2.40 0.6397 0.7144 0.4822 0.0000 0.4209 0.0015 0.018321 3.074425 
1.712 2.40 2.40 0.7186 0.7397 0.1360 0.0000 0.4237 0.0015 0.018321 3.074440 
1.716 2.40 2.40 0.6217 0.7151 0.6021 0.0000 0.4268 0.0016 0.020938 3.074445 
1.720 2.40 2.40 0.7137 0.7150 0.0083 0.0000 0.4298 0.0017 0.018321 3.074435 
1.724 2.40 2.40 0.7112 0.7114 0.0013 0.0000 0.4326 0.0017 0.018321 3.074425 
1.728 2.40 2.40 0.7095 0.7078 -0.0108 0.0000 0.4353 0.0018 0.020938 3.074394 
1.732 2.40 2.40 0.7396 0.6619 -0.5010 0.0000 0.4381 0.0018 0.020938 3.074389 
1.736 2.40 2.40 0.7097 0.7602 0.3259 0.0000 0.4410 0.0019 0.020938 3.074374 
1.740 2.40 2.40 0.6836 0.7075 0.1541 0.0000 0.4440 0.0019 0.023556 3.074402 
1.744 2.40 2.40 0.7130 0.7274 0.0929 0.0000 0.4468 0.0020 0.023556 3.074409 
1.748 2.40 2.40 0.7422 0.7414 -0.0052 0.0000 0.4497 0.0021 0.023556 3.074399 
1.752 2.40 2.40 0.7100 0.6724 -0.2427 0.0000 0.4525 0.0021 0.023556 3.074378 
1.756 2.40 2.40 0.6675 0.7610 0.6034 0.0000 0.4554 0.0022 0.023556 3.074385 
1.760 2.40 2.40 0.7191 0.7159 -0.0206 0.0000 0.4584 0.0023 0.020938 3.074413 
1.764 2.40 2.40 0.7192 0.7236 0.0282 0.0000 0.4612 0.0023 0.020938 3.074435 
1.768 2.40 2.40 0.7743 0.7277 -0.3005 0.0000 0.4643 0.0024 0.023556 3.074457 
1.772 2.40 2.40 0.7138 0.6693 -0.2875 0.0000 0.4671 0.0025 0.023556 3.074455 
1.776 2.40 2.40 0.6599 0.8036 0.9269 0.0000 0.4700 0.0025 0.023556 3.074458 
1.780 2.40 2.40 0.7223 0.7344 0.0783 0.0000 0.4728 0.0026 0.023556 3.074451 
1.784 2.40 2.40 0.7455 0.7376 -0.0509 0.0000 0.4756 0.0027 0.023556 3.074474 
1.788 2.40 2.40 0.7076 0.7065 -0.0073 0.0000 0.4785 0.0027 0.023556 3.074430 
1.792 2.40 2.40 0.6888 0.7421 0.3441 0.0000 0.4815 0.0028 0.026173 3.074412 
1.796 2.40 2.40 0.7163 0.7485 0.2078 0.0000 0.4844 0.0029 0.026173 3.074387 
1.800 2.40 2.40 0.6620 0.7355 0.4743 0.0000 0.4872 0.0030 0.026173 3.074359 
1.804 2.40 2.40 0.7122 0.7677 0.3580 0.0000 0.4900 0.0030 0.026173 3.074365 
1.808 2.40 2.40 0.7107 0.6973 -0.0864 0.0000 0.4929 0.0031 0.026173 3.074362 
1.812 2.40 2.40 0.7181 0.7862 0.4394 0.0000 0.4957 0.0032 0.026173 3.074357 
1.816 2.40 2.40 0.7720 0.7621 -0.0638 0.0000 0.4988 0.0033 0.028790 3.074383 
1.820 2.40 2.40 0.7103 0.7088 -0.0097 0.0000 0.5016 0.0034 0.028790 3.074398 
1.824 2.40 2.40 0.7799 0.7923 0.0800 0.0000 0.5044 0.0035 0.028790 3.074438 
1.828 2.40 2.40 0.7187 0.6998 -0.1221 0.0000 0.5073 0.0035 0.028790 3.074456 
1.832 2.40 2.40 0.7750 0.7486 -0.1704 0.0000 0.5101 0.0036 0.028790 3.074482 
1.836 2.40 2.40 0.7170 0.7181 0.0073 0.0000 0.5129 0.0037 0.028790 3.074479 
1.840 2.40 2.40 0.6784 0.7152 0.2375 0.0000 0.5160 0.0038 0.031408 3.074474 
1.844 2.40 2.40 0.7197 0.7310 0.0727 0.0000 0.5188 0.0039 0.031408 3.074478 
1.848 2.40 2.40 0.6747 0.6546 -0.1297 0.0000 0.5217 0.0040 0.031408 3.074489 
1.852 2.40 2.40 0.7139 0.7247 0.0699 0.0000 0.5245 0.0040 0.031408 3.074487 
1.856 2.40 2.40 0.7449 0.7119 -0.2126 0.0000 0.5273 0.0041 0.031408 3.074466 
1.860 2.40 2.40 0.7164 0.7280 0.0746 0.0000 0.5306 0.0042 0.031408 3.074423 
1.864 2.40 2.40 0.7207 0.7336 0.0830 0.0000 0.5334 0.0043 0.031408 3.074381 
1.868 2.40 2.40 0.7631 0.7068 -0.3627 0.0000 0.5363 0.0044 0.031408 3.074369 
1.872 2.40 2.40 0.7129 0.7760 0.4074 0.0000 0.5391 0.0045 0.031408 3.074386 
1.876 2.40 2.40 0.6934 0.6835 -0.0634 0.0000 0.5419 0.0046 0.031408 3.074407 
1.880 2.40 2.40 0.7187 0.7732 0.3519 0.0000 0.5448 0.0047 0.031408 3.074409 
1.884 2.40 2.40 0.7472 0.7714 0.1560 0.0000 0.5478 0.0048 0.034025 3.074405 
1.888 2.40 2.40 0.7126 0.6997 -0.0828 0.0000 0.5507 0.0049 0.034025 3.074397 
1.892 2.40 2.40 0.6697 0.7891 0.7698 0.0000 0.5535 0.0050 0.034025 3.074409 
1.896 2.40 2.40 0.7206 0.6630 -0.3714 0.0000 0.5563 0.0051 0.034025 3.074444 
1.900 2.40 2.40 0.7938 0.7302 -0.4105 0.0000 0.5592 0.0052 0.034025 3.074462 
1.904 2.40 2.40 0.7109 0.7957 0.5475 0.0000 0.5622 0.0053 0.036642 3.074469 
1.908 2.40 2.40 0.7792 0.6990 -0.5173 0.0000 0.5651 0.0054 0.036642 3.074476 
1.912 2.40 2.40 0.7201 0.7471 0.1743 0.0000 0.5679 0.0055 0.036642 3.074443 
1.916 2.40 2.40 0.7439 0.7201 -0.1540 0.0000 0.5707 0.0056 0.036642 3.074434 
1.920 2.40 2.40 0.7075 0.7436 0.2330 0.0000 0.5736 0.0057 0.036642 3.074399 
1.924 2.40 2.40 0.6910 0.7319 0.2638 0.0000 0.5764 0.0058 0.036642 3.074385 
1.928 2.40 2.40 0.7188 0.6598 -0.3808 0.0000 0.5794 0.0059 0.039259 3.074366 
1.932 2.40 2.40 0.7733 0.7261 -0.3049 0.0000 0.5823 0.0060 0.039259 3.074369 
1.936 2.40 2.40 0.7137 0.7150 0.0085 0.0000 0.5851 0.0061 0.039259 3.074365 
1.940 2.40 2.40 0.6573 0.7280 0.4560 0.0000 0.5880 0.0062 0.039259 3.074353 
1.944 2.40 2.40 0.7221 0.6896 -0.2100 0.0000 0.5910 0.0064 0.036642 3.074344 
1.948 2.40 2.40 0.7297 0.7084 -0.1372 0.0000 0.5940 0.0065 0.039259 3.074360 
1.952 2.40 2.40 0.7682 0.7774 0.0594 0.0000 0.5969 0.0066 0.039259 3.074393 
1.956 2.40 2.40 0.7095 0.6845 -0.1614 0.0000 0.5997 0.0067 0.039259 3.074429 
1.960 2.40 2.40 0.7742 0.7737 -0.0029 0.0000 0.6025 0.0068 0.039259 3.074449 
1.964 2.40 2.40 0.7139 0.6771 -0.2370 0.0000 0.6054 0.0069 0.039259 3.074446 
1.968 2.40 2.40 0.7692 0.7011 -0.4393 0.0000 0.6084 0.0071 0.041877 3.074431 
1.972 2.40 2.40 0.7138 0.7894 0.4877 0.0000 0.6113 0.0072 0.041877 3.074435 
1.976 2.40 2.40 0.6779 0.6640 -0.0902 0.0000 0.6141 0.0073 0.041877 3.074438 
1.980 2.40 2.40 0.7131 0.7313 0.1177 0.0000 0.6169 0.0074 0.041877 3.074418 
1.984 2.40 2.40 0.6746 0.7118 0.2395 0.0000 0.6198 0.0075 0.041877 3.074415 
1.988 2.40 2.40 0.7114 0.7177 0.0401 0.0000 0.6226 0.0077 0.041877 3.074376 
1.992 2.40 2.40 0.7426 0.7460 0.0217 0.0000 0.6257 0.0078 0.044494 3.074352 
1.996 2.40 2.40 0.7210 0.7193 -0.0105 0.0000 0.6285 0.0079 0.044494 3.074347 
2.000 2.40 2.40 0.7389 0.7356 -0.0214 0.0000 0.6313 0.0081 0.044494 3.074327 
2.004 2.40 2.40 0.7100 0.7286 0.1200 0.0000 0.6342 0.0082 0.044494 3.074332 
2.008 2.40 2.40 0.6396 0.8073 1.0820 0.0000 0.6370 0.0083 0.044494 3.074353 
2.012 2.40 2.40 0.7116 0.7287 0.1103 0.0000 0.6400 0.0085 0.047111 3.074374 
2.016 2.40 2.40 0.6160 0.7166 0.6489 0.0000 0.6429 0.0086 0.047111 3.074391 
2.020 2.40 2.40 0.7076 0.7345 0.1731 0.0000 0.6457 0.0087 0.047111 3.074395 
2.024 2.40 2.40 0.6875 0.6911 0.0235 0.0000 0.6485 0.0089 0.047111 3.074389 
2.028 2.40 2.40 0.7177 0.7897 0.4648 0.0000 0.6514 0.0090 0.047111 3.074398 
2.032 2.40 2.40 0.7582 0.7755 0.1117 0.0000 0.6544 0.0091 0.049729 3.074408 
2.036 2.40 2.40 0.7100 0.6808 -0.1882 0.0000 0.6573 0.0093 0.049729 3.074426 
2.040 2.40 2.40 0.6894 0.7711 0.5272 0.0000 0.6601 0.0094 0.049729 3.074420 
2.044 2.40 2.40 0.7158 0.6751 -0.2630 0.0000 0.6629 0.0096 0.049729 3.074423 
2.048 2.40 2.40 0.7404 0.7881 0.3078 0.0000 0.6658 0.0097 0.049729 3.074402 
2.052 2.40 2.40 0.7103 0.7190 0.0561 0.0000 0.6686 0.0098 0.049729 3.074383 
2.056 2.40 2.40 0.6675 0.6634 -0.0269 0.0000 0.6716 0.0100 0.052346 3.074388 
2.060 2.40 2.40 0.7164 0.7343 0.1156 0.0000 0.6745 0.0101 0.052346 3.074376 
2.064 2.40 2.40 0.7929 0.7161 -0.4956 0.0000 0.6773 0.0103 0.052346 3.074404 
2.068 2.40 2.40 0.7103 0.7240 0.0879 0.0000 0.6802 0.0104 0.052346 3.074414 
2.072 2.40 2.40 0.7826 0.7171 -0.4224 0.0000 0.6830 0.0106 0.052346 3.074428 
2.076 2.40 2.40 0.7191 0.7218 0.0175 0.0000 0.6860 0.0107 0.054963 3.074427 
2.080 2.40 2.40 0.7438 0.7375 -0.0406 0.0000 0.6889 0.0109 0.054963 3.074437 
2.084 2.40 2.40 0.7083 0.7355 0.1750 0.0000 0.6917 0.0110 0.054963 3.074456 
2.088 2.40 2.40 0.6921 0.7973 0.6787 0.0000 0.6945 0.0112 0.054963 3.074487 
2.092 2.40 2.40 0.7182 0.7218 0.0234 0.0000 0.6974 0.0114 0.054963 3.074532 
2.096 2.40 2.40 0.7168 0.7360 0.1234 0.0000 0.7004 0.0115 0.052346 3.074494 
2.100 2.40 2.40 0.7048 0.7241 0.1242 0.0000 0.7034 0.0117 0.054963 3.074469 
2.104 0.00 0.00 0.6392 0.6573 0.1173 0.0000 0.7061 0.0118 0.057580 3.074484 
2.108 0.00 0.00 0.5993 0.6174 0.1168 0.0000 0.7087 0.0120 0.054963 3.074470 
2.112 0.00 0.00 0.4940 0.5545 0.3908 0.0000 0.7109 0.0121 0.057580 3.074476 
2.116 0.00 0.00 0.4604 0.4941 0.2176 0.0000 0.7130 0.0122 0.057580 3.074437 
2.120 0.00 0.00 0.3913 0.4370 0.2949 0.0000 0.7146 0.0123 0.057580 3.074456 
2.124 0.00 0.00 0.3179 0.4171 0.6406 0.0000 0.7160 0.0124 0.060198 3.074453 
2.128 0.00 0.00 0.3029 0.3118 0.0574 0.0000 0.7172 0.0125 0.060198 3.074437 
2.132 0.00 0.00 0.2333 0.2853 0.3357 0.0000 0.7184 0.0125 0.060198 3.074486 
2.136 0.00 0.00 0.2157 0.2505 0.2246 0.0000 0.7194 0.0126 0.062815 3.074496 
2.140 0.00 0.00 0.1949 0.2067 0.0758 0.0000 0.7203 0.0127 0.062815 3.074520 
2.144 0.00 0.00 0.1615 0.1856 0.1555 0.0000 0.7209 0.0127 0.065432 3.074540 
2.148 0.00 0.00 0.1236 0.1487 0.1620 0.0000 0.7217 0.0128 0.065432 3.074503 
