% Freja (4)
%  1    time 0.001 sec
%  2  3 Motor voltage [V] left, right: 0.00 0.00
%  4  5 Wheel velocity [m/s] left, right: 0.0000 0.0000
% 6 7 Turnrate [r/s]: 0.0000, steer angle [rad]: 0.0000
%  8  9 10 11 Pose x,y,h,tilt [m,m,rad,rad]: 0 0 0 3.07509
0.001 0.00 0.00 0.0000 0.0000 0.0000 0.0000 0.0000 0.0000 0.000000 3.075094 
0.005 0.00 0.00 0.0000 0.0000 0.0000 0.0000 0.0000 0.0000 0.000000 3.075091 
0.009 0.00 0.00 0.0000 0.0000 0.0000 0.0000 0.0000 0.0000 0.000000 3.075082 
0.013 0.00 0.00 0.0000 0.0000 0.0000 0.0000 0.0000 0.0000 0.000000 3.075086 
0.017 0.00 0.00 0.0000 0.0000 0.0000 0.0000 0.0000 0.0000 0.000000 3.075075 
0.021 0.00 0.00 0.0000 0.0000 0.0000 0.0000 0.0000 0.0000 0.000000 3.075076 
0.025 0.00 0.00 0.0000 0.0000 0.0000 0.0000 0.0000 0.0000 0.000000 3.075072 
0.029 0.00 0.00 0.0000 0.0000 0.0000 0.0000 0.0000 0.0000 0.000000 3.075056 
0.033 0.00 0.00 0.0000 0.0000 0.0000 0.0000 0.0000 0.0000 0.000000 3.075050 
0.037 0.00 0.00 0.0000 0.0000 0.0000 0.0000 0.0000 0.0000 0.000000 3.075040 
0.041 0.00 0.00 0.0000 0.0000 0.0000 0.0000 0.0000 0.0000 0.000000 3.075034 
0.045 0.00 0.00 0.0000 0.0000 0.0000 0.0000 0.0000 0.0000 0.000000 3.075044 
0.049 0.00 0.00 0.0000 0.0000 0.0000 0.0000 0.0000 0.0000 0.000000 3.075049 
0.053 0.00 0.00 0.0000 0.0000 0.0000 0.0000 0.0000 0.0000 0.000000 3.075056 
0.057 0.00 0.00 0.0000 0.0000 0.0000 0.0000 0.0000 0.0000 0.000000 3.075061 
0.061 0.00 0.00 0.0000 0.0000 0.0000 0.0000 0.0000 0.0000 0.000000 3.075070 
0.065 0.00 0.00 0.0000 0.0000 0.0000 0.0000 0.0000 0.0000 0.000000 3.075082 
0.069 0.00 0.00 0.0000 0.0000 0.0000 0.0000 0.0000 0.0000 0.000000 3.075102 
0.073 0.00 0.00 0.0000 0.0000 0.0000 0.0000 0.0000 0.0000 0.000000 3.075120 
0.077 0.00 0.00 0.0000 0.0000 0.0000 0.0000 0.0000 0.0000 0.000000 3.075150 
0.081 0.00 0.00 0.0000 0.0000 0.0000 0.0000 0.0000 0.0000 0.000000 3.075168 
0.085 0.00 0.00 0.0000 0.0000 0.0000 0.0000 0.0000 0.0000 0.000000 3.075191 
0.089 0.00 0.00 0.0000 0.0000 0.0000 0.0000 0.0000 0.0000 0.000000 3.075208 
0.093 0.00 0.00 0.0000 0.0000 0.0000 0.0000 0.0000 0.0000 0.000000 3.075233 
0.097 0.00 0.00 0.0000 0.0000 0.0000 0.0000 0.0000 0.0000 0.000000 3.075255 
0.101 0.00 0.00 0.0000 0.0000 0.0000 0.0000 0.0000 0.0000 0.000000 3.075276 
0.105 0.00 0.00 0.0000 0.0000 0.0000 0.0000 0.0000 0.0000 0.000000 3.075293 
0.109 0.00 0.00 0.0000 0.0000 0.0000 0.0000 0.0000 0.0000 0.000000 3.075295 
0.113 0.00 0.00 0.0000 0.0000 0.0000 0.0000 0.0000 0.0000 0.000000 3.075299 
0.117 0.00 0.00 0.0000 0.0000 0.0000 0.0000 0.0000 0.0000 0.000000 3.075299 
0.121 0.00 0.00 0.0000 0.0000 0.0000 0.0000 0.0000 0.0000 0.000000 3.075289 
0.125 0.00 0.00 0.0000 0.0000 0.0000 0.0000 0.0000 0.0000 0.000000 3.075270 
0.129 0.00 0.00 0.0000 0.0000 0.0000 0.0000 0.0000 0.0000 0.000000 3.075269 
0.133 0.00 0.00 0.0000 0.0000 0.0000 0.0000 0.0000 0.0000 0.000000 3.075248 
0.137 0.00 0.00 0.0000 0.0000 0.0000 0.0000 0.0000 0.0000 0.000000 3.075239 
0.141 0.00 0.00 0.0000 0.0000 0.0000 0.0000 0.0000 0.0000 0.000000 3.075242 
0.145 0.00 0.00 0.0000 0.0000 0.0000 0.0000 0.0000 0.0000 0.000000 3.075225 
0.149 0.00 0.00 0.0000 0.0000 0.0000 0.0000 0.0000 0.0000 0.000000 3.075200 
0.153 0.00 0.00 0.0000 0.0000 0.0000 0.0000 0.0000 0.0000 0.000000 3.075194 
0.157 0.00 0.00 0.0000 0.0000 0.0000 0.0000 0.0000 0.0000 0.000000 3.075174 
0.161 0.00 0.00 0.0000 0.0000 0.0000 0.0000 0.0000 0.0000 0.000000 3.075153 
0.165 0.00 0.00 0.0000 0.0000 0.0000 0.0000 0.0000 0.0000 0.000000 3.075130 
0.169 0.00 0.00 0.0000 0.0000 0.0000 0.0000 0.0000 0.0000 0.000000 3.075122 
0.173 0.00 0.00 0.0000 0.0000 0.0000 0.0000 0.0000 0.0000 0.000000 3.075106 
0.177 0.00 0.00 0.0000 0.0000 0.0000 0.0000 0.0000 0.0000 0.000000 3.075096 
0.181 0.00 0.00 0.0000 0.0000 0.0000 0.0000 0.0000 0.0000 0.000000 3.075085 
0.185 0.00 0.00 0.0000 0.0000 0.0000 0.0000 0.0000 0.0000 0.000000 3.075061 
0.189 0.00 0.00 0.0000 0.0000 0.0000 0.0000 0.0000 0.0000 0.000000 3.075057 
0.193 0.00 0.00 0.0000 0.0000 0.0000 0.0000 0.0000 0.0000 0.000000 3.075044 
0.197 0.00 0.00 0.0000 0.0000 0.0000 0.0000 0.0000 0.0000 0.000000 3.075031 
0.201 0.00 0.00 0.0000 0.0000 0.0000 0.0000 0.0000 0.0000 0.000000 3.075040 
0.205 0.00 0.00 0.0000 0.0000 0.0000 0.0000 0.0000 0.0000 0.000000 3.075022 
0.209 0.00 0.00 0.0000 0.0000 0.0000 0.0000 0.0000 0.0000 0.000000 3.075021 
0.213 0.00 0.00 0.0000 0.0000 0.0000 0.0000 0.0000 0.0000 0.000000 3.075022 
0.217 0.00 0.00 0.0000 0.0000 0.0000 0.0000 0.0000 0.0000 0.000000 3.075021 
0.221 0.00 0.00 0.0000 0.0000 0.0000 0.0000 0.0000 0.0000 0.000000 3.075017 
0.225 0.00 0.00 0.0000 0.0000 0.0000 0.0000 0.0000 0.0000 0.000000 3.075024 
0.229 0.00 0.00 0.0000 0.0000 0.0000 0.0000 0.0000 0.0000 0.000000 3.075029 
0.233 0.00 0.00 0.0000 0.0000 0.0000 0.0000 0.0000 0.0000 0.000000 3.075038 
0.237 0.00 0.00 0.0000 0.0000 0.0000 0.0000 0.0000 0.0000 0.000000 3.075063 
0.241 0.00 0.00 0.0000 0.0000 0.0000 0.0000 0.0000 0.0000 0.000000 3.075081 
0.245 0.00 0.00 0.0000 0.0000 0.0000 0.0000 0.0000 0.0000 0.000000 3.075085 
0.249 0.00 0.00 0.0000 0.0000 0.0000 0.0000 0.0000 0.0000 0.000000 3.075091 
0.253 0.00 0.00 0.0000 0.0000 0.0000 0.0000 0.0000 0.0000 0.000000 3.075099 
0.257 0.00 0.00 0.0000 0.0000 0.0000 0.0000 0.0000 0.0000 0.000000 3.075113 
0.261 0.00 0.00 0.0000 0.0000 0.0000 0.0000 0.0000 0.0000 0.000000 3.075123 
0.265 0.00 0.00 0.0000 0.0000 0.0000 0.0000 0.0000 0.0000 0.000000 3.075129 
0.269 0.00 0.00 0.0000 0.0000 0.0000 0.0000 0.0000 0.0000 0.000000 3.075127 
0.273 0.00 0.00 0.0000 0.0000 0.0000 0.0000 0.0000 0.0000 0.000000 3.075126 
0.277 0.00 0.00 0.0000 0.0000 0.0000 0.0000 0.0000 0.0000 0.000000 3.075130 
0.281 0.00 0.00 0.0000 0.0000 0.0000 0.0000 0.0000 0.0000 0.000000 3.075122 
0.285 0.00 0.00 0.0000 0.0000 0.0000 0.0000 0.0000 0.0000 0.000000 3.075111 
0.289 0.00 0.00 0.0000 0.0000 0.0000 0.0000 0.0000 0.0000 0.000000 3.075106 
0.293 0.00 0.00 0.0000 0.0000 0.0000 0.0000 0.0000 0.0000 0.000000 3.075096 
0.297 0.00 0.00 0.0000 0.0000 0.0000 0.0000 0.0000 0.0000 0.000000 3.075099 
0.301 0.00 0.00 0.0000 0.0000 0.0000 0.0000 0.0000 0.0000 0.000000 3.075094 
0.305 0.00 0.00 0.0000 0.0000 0.0000 0.0000 0.0000 0.0000 0.000000 3.075095 
0.309 0.00 0.00 0.0000 0.0000 0.0000 0.0000 0.0000 0.0000 0.000000 3.075087 
0.313 0.00 0.00 0.0000 0.0000 0.0000 0.0000 0.0000 0.0000 0.000000 3.075072 
0.317 0.00 0.00 0.0000 0.0000 0.0000 0.0000 0.0000 0.0000 0.000000 3.075064 
0.321 0.00 0.00 0.0000 0.0000 0.0000 0.0000 0.0000 0.0000 0.000000 3.075047 
0.325 0.00 0.00 0.0000 0.0000 0.0000 0.0000 0.0000 0.0000 0.000000 3.075041 
0.329 0.00 0.00 0.0000 0.0000 0.0000 0.0000 0.0000 0.0000 0.000000 3.075048 
0.333 0.00 0.00 0.0000 0.0000 0.0000 0.0000 0.0000 0.0000 0.000000 3.075036 
0.337 0.00 0.00 0.0000 0.0000 0.0000 0.0000 0.0000 0.0000 0.000000 3.075024 
0.341 0.00 0.00 0.0000 0.0000 0.0000 0.0000 0.0000 0.0000 0.000000 3.075016 
0.345 0.00 0.00 0.0000 0.0000 0.0000 0.0000 0.0000 0.0000 0.000000 3.074996 
0.349 0.00 0.00 0.0000 0.0000 0.0000 0.0000 0.0000 0.0000 0.000000 3.074987 
0.353 0.00 0.00 0.0000 0.0000 0.0000 0.0000 0.0000 0.0000 0.000000 3.074982 
0.357 0.00 0.00 0.0000 0.0000 0.0000 0.0000 0.0000 0.0000 0.000000 3.074974 
0.361 0.00 0.00 0.0000 0.0000 0.0000 0.0000 0.0000 0.0000 0.000000 3.074969 
0.365 0.00 0.00 0.0000 0.0000 0.0000 0.0000 0.0000 0.0000 0.000000 3.074955 
0.369 0.00 0.00 0.0000 0.0000 0.0000 0.0000 0.0000 0.0000 0.000000 3.074952 
0.373 0.00 0.00 0.0000 0.0000 0.0000 0.0000 0.0000 0.0000 0.000000 3.074950 
0.377 0.00 0.00 0.0000 0.0000 0.0000 0.0000 0.0000 0.0000 0.000000 3.074953 
0.381 0.00 0.00 0.0000 0.0000 0.0000 0.0000 0.0000 0.0000 0.000000 3.074961 
0.385 0.00 0.00 0.0000 0.0000 0.0000 0.0000 0.0000 0.0000 0.000000 3.074965 
0.389 0.00 0.00 0.0000 0.0000 0.0000 0.0000 0.0000 0.0000 0.000000 3.074976 
0.393 0.00 0.00 0.0000 0.0000 0.0000 0.0000 0.0000 0.0000 0.000000 3.074990 
0.397 0.00 0.00 0.0000 0.0000 0.0000 0.0000 0.0000 0.0000 0.000000 3.075007 
0.401 0.00 0.00 0.0000 0.0000 0.0000 0.0000 0.0000 0.0000 0.000000 3.075028 
0.405 0.00 0.00 0.0000 0.0000 0.0000 0.0000 0.0000 0.0000 0.000000 3.075039 
0.409 0.00 0.00 0.0000 0.0000 0.0000 0.0000 0.0000 0.0000 0.000000 3.075035 
0.413 0.00 0.00 0.0000 0.0000 0.0000 0.0000 0.0000 0.0000 0.000000 3.075052 
0.417 0.00 0.00 0.0000 0.0000 0.0000 0.0000 0.0000 0.0000 0.000000 3.075061 
0.421 0.00 0.00 0.0000 0.0000 0.0000 0.0000 0.0000 0.0000 0.000000 3.075078 
0.425 0.00 0.00 0.0000 0.0000 0.0000 0.0000 0.0000 0.0000 0.000000 3.075096 
0.429 0.00 0.00 0.0000 0.0000 0.0000 0.0000 0.0000 0.0000 0.000000 3.075098 
0.433 0.00 0.00 0.0000 0.0000 0.0000 0.0000 0.0000 0.0000 0.000000 3.075110 
0.437 0.00 0.00 0.0000 0.0000 0.0000 0.0000 0.0000 0.0000 0.000000 3.075109 
0.441 0.00 0.00 0.0000 0.0000 0.0000 0.0000 0.0000 0.0000 0.000000 3.075107 
0.445 0.00 0.00 0.0000 0.0000 0.0000 0.0000 0.0000 0.0000 0.000000 3.075102 
0.449 0.00 0.00 0.0000 0.0000 0.0000 0.0000 0.0000 0.0000 0.000000 3.075104 
0.453 0.00 0.00 0.0000 0.0000 0.0000 0.0000 0.0000 0.0000 0.000000 3.075100 
0.457 0.00 0.00 0.0000 0.0000 0.0000 0.0000 0.0000 0.0000 0.000000 3.075094 
0.461 0.00 0.00 0.0000 0.0000 0.0000 0.0000 0.0000 0.0000 0.000000 3.075091 
0.465 0.00 0.00 0.0000 0.0000 0.0000 0.0000 0.0000 0.0000 0.000000 3.075086 
0.469 0.00 0.00 0.0000 0.0000 0.0000 0.0000 0.0000 0.0000 0.000000 3.075078 
0.473 0.00 0.00 0.0000 0.0000 0.0000 0.0000 0.0000 0.0000 0.000000 3.075051 
0.477 0.00 0.00 0.0000 0.0000 0.0000 0.0000 0.0000 0.0000 0.000000 3.075045 
0.481 0.00 0.00 0.0000 0.0000 0.0000 0.0000 0.0000 0.0000 0.000000 3.075035 
0.485 0.00 0.00 0.0000 0.0000 0.0000 0.0000 0.0000 0.0000 0.000000 3.075025 
0.489 0.00 0.00 0.0000 0.0000 0.0000 0.0000 0.0000 0.0000 0.000000 3.075027 
0.493 0.00 0.00 0.0000 0.0000 0.0000 0.0000 0.0000 0.0000 0.000000 3.075008 
0.497 0.00 0.00 0.0000 0.0000 0.0000 0.0000 0.0000 0.0000 0.000000 3.074998 
0.501 0.00 0.00 0.0000 0.0000 0.0000 0.0000 0.0000 0.0000 0.000000 3.074991 
0.505 0.00 0.00 0.0000 0.0000 0.0000 0.0000 0.0000 0.0000 0.000000 3.074992 
0.509 0.00 0.00 0.0000 0.0000 0.0000 0.0000 0.0000 0.0000 0.000000 3.074992 
0.513 0.00 0.00 0.0000 0.0000 0.0000 0.0000 0.0000 0.0000 0.000000 3.074982 
0.517 0.00 0.00 0.0000 0.0000 0.0000 0.0000 0.0000 0.0000 0.000000 3.074973 
0.521 0.00 0.00 0.0000 0.0000 0.0000 0.0000 0.0000 0.0000 0.000000 3.074973 
0.525 0.00 0.00 0.0000 0.0000 0.0000 0.0000 0.0000 0.0000 0.000000 3.074980 
0.529 0.00 0.00 0.0000 0.0000 0.0000 0.0000 0.0000 0.0000 0.000000 3.074992 
0.533 0.00 0.00 0.0000 0.0000 0.0000 0.0000 0.0000 0.0000 0.000000 3.074997 
0.537 0.00 0.00 0.0000 0.0000 0.0000 0.0000 0.0000 0.0000 0.000000 3.075005 
0.541 0.00 0.00 0.0000 0.0000 0.0000 0.0000 0.0000 0.0000 0.000000 3.074999 
0.545 0.00 0.00 0.0000 0.0000 0.0000 0.0000 0.0000 0.0000 0.000000 3.075002 
0.549 0.00 0.00 0.0000 0.0000 0.0000 0.0000 0.0000 0.0000 0.000000 3.075010 
0.553 0.00 0.00 0.0000 0.0000 0.0000 0.0000 0.0000 0.0000 0.000000 3.075024 
0.557 0.00 0.00 0.0000 0.0000 0.0000 0.0000 0.0000 0.0000 0.000000 3.075042 
0.561 0.00 0.00 0.0000 0.0000 0.0000 0.0000 0.0000 0.0000 0.000000 3.075060 
0.565 0.00 0.00 0.0000 0.0000 0.0000 0.0000 0.0000 0.0000 0.000000 3.075077 
0.569 0.00 0.00 0.0000 0.0000 0.0000 0.0000 0.0000 0.0000 0.000000 3.075082 
0.573 0.00 0.00 0.0000 0.0000 0.0000 0.0000 0.0000 0.0000 0.000000 3.075090 
0.577 0.00 0.00 0.0000 0.0000 0.0000 0.0000 0.0000 0.0000 0.000000 3.075087 
0.581 0.00 0.00 0.0000 0.0000 0.0000 0.0000 0.0000 0.0000 0.000000 3.075093 
0.585 0.00 0.00 0.0000 0.0000 0.0000 0.0000 0.0000 0.0000 0.000000 3.075090 
0.589 0.00 0.00 0.0000 0.0000 0.0000 0.0000 0.0000 0.0000 0.000000 3.075095 
0.593 0.00 0.00 0.0000 0.0000 0.0000 0.0000 0.0000 0.0000 0.000000 3.075109 
0.597 0.00 0.00 0.0000 0.0000 0.0000 0.0000 0.0000 0.0000 0.000000 3.075115 
0.601 0.00 0.00 0.0000 0.0000 0.0000 0.0000 0.0000 0.0000 0.000000 3.075119 
0.605 0.00 0.00 0.0000 0.0000 0.0000 0.0000 0.0000 0.0000 0.000000 3.075109 
0.609 0.00 0.00 0.0000 0.0000 0.0000 0.0000 0.0000 0.0000 0.000000 3.075104 
0.613 0.00 0.00 0.0000 0.0000 0.0000 0.0000 0.0000 0.0000 0.000000 3.075100 
0.617 0.00 0.00 0.0000 0.0000 0.0000 0.0000 0.0000 0.0000 0.000000 3.075091 
0.621 0.00 0.00 0.0000 0.0000 0.0000 0.0000 0.0000 0.0000 0.000000 3.075084 
0.625 0.00 0.00 0.0000 0.0000 0.0000 0.0000 0.0000 0.0000 0.000000 3.075077 
0.629 0.00 0.00 0.0000 0.0000 0.0000 0.0000 0.0000 0.0000 0.000000 3.075066 
0.633 0.00 0.00 0.0000 0.0000 0.0000 0.0000 0.0000 0.0000 0.000000 3.075052 
0.637 0.00 0.00 0.0000 0.0000 0.0000 0.0000 0.0000 0.0000 0.000000 3.075037 
0.641 0.00 0.00 0.0000 0.0000 0.0000 0.0000 0.0000 0.0000 0.000000 3.075026 
0.645 0.00 0.00 0.0000 0.0000 0.0000 0.0000 0.0000 0.0000 0.000000 3.075034 
0.649 0.00 0.00 0.0000 0.0000 0.0000 0.0000 0.0000 0.0000 0.000000 3.075029 
0.653 0.00 0.00 0.0000 0.0000 0.0000 0.0000 0.0000 0.0000 0.000000 3.075027 
0.657 0.00 0.00 0.0000 0.0000 0.0000 0.0000 0.0000 0.0000 0.000000 3.075033 
0.661 0.00 0.00 0.0000 0.0000 0.0000 0.0000 0.0000 0.0000 0.000000 3.075046 
0.665 0.00 0.00 0.0000 0.0000 0.0000 0.0000 0.0000 0.0000 0.000000 3.075041 
0.669 0.00 0.00 0.0000 0.0000 0.0000 0.0000 0.0000 0.0000 0.000000 3.075043 
0.673 0.00 0.00 0.0000 0.0000 0.0000 0.0000 0.0000 0.0000 0.000000 3.075049 
0.677 0.00 0.00 0.0000 0.0000 0.0000 0.0000 0.0000 0.0000 0.000000 3.075054 
0.681 0.00 0.00 0.0000 0.0000 0.0000 0.0000 0.0000 0.0000 0.000000 3.075061 
0.685 0.00 0.00 0.0000 0.0000 0.0000 0.0000 0.0000 0.0000 0.000000 3.075058 
0.689 0.00 0.00 0.0000 0.0000 0.0000 0.0000 0.0000 0.0000 0.000000 3.075046 
0.693 0.00 0.00 0.0000 0.0000 0.0000 0.0000 0.0000 0.0000 0.000000 3.075036 
0.697 0.00 0.00 0.0000 0.0000 0.0000 0.0000 0.0000 0.0000 0.000000 3.075023 
0.701 4.65 4.65 0.0000 0.0000 0.0000 0.0000 0.0000 0.0000 0.000000 3.075023 
0.705 4.65 4.65 0.0000 0.0000 0.0000 0.0000 0.0002 -0.0000 -0.002617 3.075012 
0.709 1.68 2.01 0.2478 0.2196 -0.1818 0.0000 0.0010 -0.0000 -0.002617 3.075015 
0.713 1.31 0.54 0.2781 0.3426 0.4158 0.0000 0.0024 -0.0000 0.000000 3.075118 
0.717 1.05 0.78 0.3002 0.3226 0.1450 0.0000 0.0037 -0.0000 0.000000 3.075025 
0.721 0.85 1.05 0.3166 0.3002 -0.1063 0.0000 0.0049 -0.0000 0.000000 3.075001 
0.725 1.03 1.06 0.3019 0.2995 -0.0157 0.0000 0.0061 -0.0000 0.000000 3.074986 
0.729 1.08 1.06 0.2975 0.2989 0.0090 0.0000 0.0073 -0.0000 0.000000 3.075044 
0.733 1.06 1.09 0.2988 0.2965 -0.0147 0.0000 0.0085 -0.0000 0.000000 3.075058 
0.737 1.16 1.14 0.2911 0.2923 0.0081 0.0000 0.0097 -0.0000 0.000000 3.075018 
0.741 1.12 1.14 0.2944 0.2928 -0.0109 0.0000 0.0110 -0.0000 0.000000 3.075019 
0.745 1.07 1.11 0.2983 0.2953 -0.0198 0.0000 0.0120 -0.0000 -0.002617 3.075030 
0.749 1.14 1.16 0.2923 0.2906 -0.0109 0.0000 0.0130 -0.0000 0.000000 3.075028 
0.753 1.14 1.08 0.2929 0.2976 0.0303 0.0000 0.0142 -0.0000 0.000000 3.075043 
0.757 1.11 1.01 0.2947 0.3030 0.0531 0.0000 0.0154 -0.0000 0.000000 3.075035 
0.761 1.08 1.09 0.2971 0.2970 -0.0010 0.0000 0.0166 -0.0000 0.000000 3.075022 
0.765 1.04 1.13 0.3004 0.2931 -0.0471 0.0000 0.0178 -0.0000 0.000000 3.075012 
0.769 1.14 1.09 0.2921 0.2968 0.0298 0.0000 0.0191 -0.0000 0.000000 3.075013 
0.773 1.12 1.09 0.2937 0.2962 0.0163 0.0000 0.0203 -0.0000 0.000000 3.075036 
0.777 1.08 1.09 0.2973 0.2965 -0.0052 0.0000 0.0215 -0.0000 0.000000 3.075061 
0.781 1.14 1.21 0.2924 0.2868 -0.0364 0.0000 0.0227 -0.0000 0.000000 3.075055 
0.785 1.10 1.19 0.2954 0.2883 -0.0460 0.0000 0.0239 -0.0000 0.000000 3.075044 
0.789 1.04 1.07 0.3010 0.2978 -0.0206 0.0000 0.0247 -0.0000 0.000000 3.075014 
0.793 1.13 1.12 0.2935 0.2941 0.0042 0.0000 0.0260 -0.0000 0.000000 3.074997 
0.797 1.11 1.09 0.2950 0.2970 0.0127 0.0000 0.0272 -0.0000 0.000000 3.075003 
0.801 1.11 1.02 0.2946 0.3025 0.0511 0.0000 0.0284 -0.0000 0.000000 3.075005 
0.805 1.12 1.12 0.2941 0.2942 0.0004 0.0000 0.0296 -0.0000 0.000000 3.074999 
0.809 1.05 1.15 0.3002 0.2917 -0.0548 0.0000 0.0308 -0.0000 0.000000 3.074969 
0.813 1.15 1.10 0.2916 0.2959 0.0272 0.0000 0.0320 -0.0000 0.000000 3.074949 
0.817 1.12 1.07 0.2943 0.2980 0.0239 0.0000 0.0333 -0.0000 0.000000 3.074958 
0.821 1.04 1.07 0.3007 0.2980 -0.0173 0.0000 0.0345 -0.0000 0.000000 3.074977 
0.825 1.14 1.14 0.2928 0.2928 -0.0002 0.0000 0.0357 -0.0000 0.000000 3.074966 
0.829 1.11 1.17 0.2948 0.2901 -0.0303 0.0000 0.0369 -0.0000 0.000000 3.074953 
0.833 1.11 1.10 0.2953 0.2956 0.0024 0.0000 0.0381 -0.0000 0.000000 3.074934 
0.837 1.13 1.17 0.2930 0.2900 -0.0194 0.0000 0.0389 -0.0000 0.000000 3.074931 
0.841 1.12 1.11 0.2940 0.2951 0.0070 0.0000 0.0402 -0.0000 0.000000 3.074932 
0.845 1.17 1.03 0.2901 0.3016 0.0741 0.0000 0.0414 -0.0000 0.000000 3.074953 
0.849 1.11 1.10 0.2946 0.2959 0.0084 0.0000 0.0426 -0.0000 0.000000 3.074913 
0.853 1.03 1.12 0.3017 0.2939 -0.0504 0.0000 0.0438 -0.0000 0.000000 3.074904 
0.857 1.14 1.06 0.2923 0.2992 0.0445 0.0000 0.0450 -0.0000 0.000000 3.074894 
0.861 1.10 1.05 0.2955 0.2997 0.0277 0.0000 0.0462 -0.0000 0.000000 3.074908 
0.865 1.06 1.08 0.2990 0.2974 -0.0102 0.0000 0.0475 -0.0000 0.000000 3.074938 
0.869 1.15 1.14 0.2917 0.2924 0.0044 0.0000 0.0487 -0.0000 0.000000 3.074961 
0.873 1.11 1.13 0.2948 0.2931 -0.0112 0.0000 0.0499 -0.0000 0.000000 3.074959 
0.877 1.10 1.07 0.2959 0.2985 0.0164 0.0000 0.0511 -0.0000 0.000000 3.074949 
0.881 1.13 1.13 0.2933 0.2933 0.0004 0.0000 0.0521 -0.0000 0.002617 3.074964 
0.885 1.12 1.11 0.2941 0.2948 0.0044 0.0000 0.0531 -0.0000 0.000000 3.074991 
0.889 1.10 1.03 0.2955 0.3016 0.0399 0.0000 0.0544 -0.0000 0.000000 3.075003 
0.893 1.07 1.10 0.2980 0.2961 -0.0125 0.0000 0.0556 -0.0000 0.000000 3.075023 
0.897 1.13 1.14 0.2931 0.2925 -0.0039 0.0000 0.0568 -0.0000 0.000000 3.075024 
0.901 1.23 1.09 0.2849 0.2964 0.0740 0.0000 0.0580 -0.0000 0.000000 3.075006 
0.905 1.14 1.09 0.2927 0.2966 0.0253 0.0000 0.0592 0.0000 0.000000 3.074995 
0.909 1.05 1.09 0.2998 0.2965 -0.0215 0.0000 0.0604 0.0000 0.000000 3.075020 
0.913 1.13 1.16 0.2933 0.2910 -0.0148 0.0000 0.0617 0.0000 0.000000 3.075041 
0.917 1.12 1.12 0.2944 0.2938 -0.0038 0.0000 0.0629 0.0000 0.000000 3.075025 
0.921 1.03 1.04 0.3013 0.3008 -0.0037 0.0000 0.0639 0.0000 0.002617 3.075001 
0.925 1.19 1.10 0.2885 0.2961 0.0489 0.0000 0.0651 0.0000 0.002617 3.074998 
0.929 1.13 1.11 0.2930 0.2950 0.0131 0.0000 0.0663 0.0000 0.002617 3.074998 
0.933 1.12 1.07 0.2943 0.2982 0.0250 0.0000 0.0675 0.0000 0.002617 3.075003 
0.937 1.11 1.12 0.2949 0.2945 -0.0027 0.0000 0.0686 0.0000 0.000000 3.074998 
0.941 1.06 1.15 0.2993 0.2916 -0.0497 0.0000 0.0698 0.0000 0.000000 3.074967 
0.945 1.17 1.10 0.2897 0.2961 0.0412 0.0000 0.0710 0.0000 0.000000 3.074944 
0.949 1.17 1.05 0.2902 0.2997 0.0608 0.0000 0.0722 0.0000 0.000000 3.074945 
0.953 1.05 1.07 0.2997 0.2987 -0.0066 0.0000 0.0734 0.0000 0.000000 3.074920 
0.957 1.18 1.13 0.2891 0.2936 0.0287 0.0000 0.0744 0.0000 0.002617 3.074934 
0.961 1.11 1.12 0.2947 0.2944 -0.0022 0.0000 0.0757 0.0000 0.002617 3.074933 
0.965 1.00 1.06 0.3041 0.2991 -0.0321 0.0000 0.0769 0.0000 0.002617 3.074908 
0.969 1.14 1.09 0.2922 0.2962 0.0261 0.0000 0.0781 0.0000 0.002617 3.074895 
0.973 1.13 1.14 0.2930 0.2927 -0.0017 0.0000 0.0793 0.0000 0.002617 3.074872 
0.977 1.16 1.09 0.2910 0.2966 0.0363 0.0000 0.0805 0.0000 0.002617 3.074893 
0.981 1.11 1.06 0.2947 0.2992 0.0288 0.0000 0.0817 0.0000 0.002617 3.074872 
0.985 1.05 1.13 0.3003 0.2931 -0.0460 0.0000 0.0828 0.0000 0.000000 3.074861 
0.989 1.15 1.06 0.2918 0.2991 0.0470 0.0000 0.0840 0.0000 0.000000 3.074860 
0.993 1.10 1.05 0.2956 0.3003 0.0300 0.0000 0.0852 0.0000 0.000000 3.074862 
0.997 1.06 1.08 0.2989 0.2977 -0.0082 0.0000 0.0864 0.0000 0.000000 3.074865 
1.001 1.17 1.13 0.2902 0.2933 0.0203 0.0000 0.0874 0.0000 0.002617 3.074878 
1.005 1.12 1.11 0.2944 0.2945 0.0005 0.0000 0.0886 0.0000 0.002617 3.074891 
1.009 1.06 1.04 0.2989 0.3011 0.0139 0.0000 0.0899 0.0000 0.002617 3.074890 
1.013 1.15 1.11 0.2916 0.2949 0.0212 0.0000 0.0911 0.0000 0.002617 3.074898 
1.017 1.13 1.13 0.2936 0.2934 -0.0013 0.0000 0.0923 0.0000 0.002617 3.074902 
1.021 1.10 1.05 0.2956 0.2996 0.0261 0.0000 0.0935 0.0001 0.002617 3.074926 
1.025 1.08 1.07 0.2972 0.2984 0.0075 0.0000 0.0947 0.0001 0.002617 3.074960 
1.029 1.05 1.07 0.2999 0.2983 -0.0107 0.0000 0.0959 0.0001 0.002617 3.074974 
1.033 1.19 1.15 0.2883 0.2919 0.0227 0.0000 0.0972 0.0001 0.002617 3.074986 
1.037 1.15 1.08 0.2921 0.2972 0.0331 0.0000 0.0982 0.0001 0.000000 3.074993 
1.041 1.05 1.11 0.2997 0.2953 -0.0288 0.0000 0.0994 0.0001 0.000000 3.075003 
1.045 1.16 1.15 0.2912 0.2918 0.0036 0.0000 0.1004 0.0001 0.002617 3.075022 
1.049 1.11 1.10 0.2947 0.2959 0.0079 0.0000 0.1016 0.0001 0.002617 3.075038 
1.053 1.08 1.03 0.2972 0.3014 0.0273 0.0000 0.1028 0.0001 0.002617 3.075039 
1.057 1.15 1.10 0.2916 0.2960 0.0283 0.0000 0.1041 0.0001 0.002617 3.075025 
1.061 1.10 1.11 0.2955 0.2947 -0.0052 0.0000 0.1053 0.0001 0.002617 3.075017 
1.065 1.11 1.07 0.2949 0.2979 0.0192 0.0000 0.1065 0.0001 0.002617 3.075020 
1.069 1.11 1.09 0.2953 0.2968 0.0097 0.0000 0.1077 0.0001 0.002617 3.075018 
1.073 1.05 1.11 0.2997 0.2951 -0.0297 0.0000 0.1089 0.0001 0.002617 3.075016 
1.077 1.17 1.16 0.2904 0.2910 0.0041 0.0000 0.1101 0.0001 0.002617 3.075014 
1.081 1.12 1.09 0.2942 0.2965 0.0150 0.0000 0.1114 0.0001 0.002617 3.074994 
1.085 1.04 1.02 0.3009 0.3028 0.0124 0.0000 0.1126 0.0001 0.002617 3.074993 
1.089 1.17 1.13 0.2900 0.2935 0.0228 0.0000 0.1136 0.0001 0.005235 3.074996 
1.093 1.13 1.11 0.2936 0.2946 0.0068 0.0000 0.1146 0.0001 0.002617 3.074996 
1.097 1.00 1.09 0.3040 0.2963 -0.0497 0.0000 0.1158 0.0001 0.002617 3.075004 
1.101 1.15 1.12 0.2919 0.2941 0.0140 0.0000 0.1170 0.0001 0.002617 3.074989 
1.105 1.13 1.13 0.2930 0.2931 0.0001 0.0000 0.1183 0.0001 0.002617 3.074986 
1.109 1.10 1.09 0.2955 0.2965 0.0065 0.0000 0.1195 0.0001 0.002617 3.074991 
1.113 1.11 1.06 0.2949 0.2992 0.0272 0.0000 0.1207 0.0001 0.002617 3.075002 
1.117 1.06 1.08 0.2989 0.2976 -0.0083 0.0000 0.1219 0.0001 0.002617 3.075010 
1.121 1.16 1.13 0.2909 0.2933 0.0159 0.0000 0.1231 0.0001 0.002617 3.074988 
1.125 1.11 1.10 0.2952 0.2957 0.0028 0.0000 0.1243 0.0001 0.002617 3.074982 
1.129 1.16 1.02 0.2909 0.3024 0.0743 0.0000 0.1254 0.0001 0.005235 3.074967 
1.133 1.17 1.12 0.2897 0.2943 0.0297 0.0000 0.1266 0.0001 0.005235 3.074958 
1.137 1.11 1.10 0.2946 0.2955 0.0059 0.0000 0.1276 0.0001 0.002617 3.074948 
1.141 1.03 1.02 0.3017 0.3022 0.0031 0.0000 0.1288 0.0001 0.002617 3.074936 
1.145 1.14 1.11 0.2928 0.2953 0.0164 0.0000 0.1300 0.0001 0.002617 3.074923 
1.149 1.12 1.13 0.2937 0.2935 -0.0018 0.0000 0.1312 0.0002 0.002617 3.074903 
1.153 1.10 1.04 0.2954 0.3007 0.0342 0.0000 0.1325 0.0002 0.002617 3.074907 
1.157 1.09 1.06 0.2969 0.2992 0.0149 0.0000 0.1337 0.0002 0.002617 3.074915 
1.161 1.04 1.07 0.3004 0.2984 -0.0127 0.0000 0.1349 0.0002 0.002617 3.074919 
1.165 1.17 1.14 0.2897 0.2924 0.0170 0.0000 0.1361 0.0002 0.002617 3.074919 
1.169 1.13 1.10 0.2932 0.2959 0.0174 0.0000 0.1373 0.0002 0.002617 3.074934 
1.173 1.05 1.03 0.2997 0.3017 0.0128 0.0000 0.1385 0.0002 0.002617 3.074946 
1.177 1.16 1.10 0.2910 0.2956 0.0299 0.0000 0.1396 0.0002 0.005235 3.074966 
1.181 1.11 1.13 0.2947 0.2931 -0.0102 0.0000 0.1408 0.0002 0.005235 3.074984 
1.185 1.03 1.06 0.3017 0.2989 -0.0185 0.0000 0.1420 0.0002 0.005235 3.074992 
1.189 1.13 1.05 0.2934 0.2997 0.0408 0.0000 0.1432 0.0002 0.005235 3.074999 
1.193 1.11 1.12 0.2951 0.2940 -0.0065 0.0000 0.1442 0.0002 0.002617 3.075011 
1.197 1.12 1.08 0.2942 0.2978 0.0230 0.0000 0.1454 0.0002 0.002617 3.075003 
1.201 1.12 1.11 0.2942 0.2948 0.0040 0.0000 0.1467 0.0002 0.002617 3.075012 
1.205 1.06 1.12 0.2995 0.2941 -0.0344 0.0000 0.1479 0.0002 0.002617 3.075008 
1.209 1.16 1.16 0.2905 0.2906 0.0006 0.0000 0.1491 0.0002 0.002617 3.075005 
1.213 1.12 1.09 0.2942 0.2966 0.0159 0.0000 0.1503 0.0002 0.002617 3.075003 
1.217 1.04 1.02 0.3008 0.3025 0.0110 0.0000 0.1515 0.0002 0.002617 3.074990 
1.221 1.17 1.09 0.2900 0.2968 0.0434 0.0000 0.1525 0.0002 0.005235 3.074983 
1.225 1.12 1.14 0.2937 0.2929 -0.0056 0.0000 0.1538 0.0002 0.005235 3.074980 
1.229 1.01 1.09 0.3036 0.2966 -0.0451 0.0000 0.1550 0.0002 0.005235 3.074971 
1.233 1.15 1.09 0.2916 0.2970 0.0343 0.0000 0.1562 0.0002 0.005235 3.074974 
1.237 1.13 1.08 0.2930 0.2972 0.0272 0.0000 0.1574 0.0002 0.005235 3.074977 
1.241 1.11 1.09 0.2952 0.2963 0.0072 0.0000 0.1584 0.0002 0.002617 3.074967 
1.245 1.10 1.07 0.2959 0.2983 0.0157 0.0000 0.1596 0.0002 0.002617 3.074970 
1.249 1.05 1.08 0.3001 0.2973 -0.0182 0.0000 0.1609 0.0002 0.002617 3.074973 
1.253 1.16 1.13 0.2910 0.2934 0.0152 0.0000 0.1621 0.0003 0.002617 3.074985 
1.257 1.11 1.08 0.2949 0.2970 0.0134 0.0000 0.1633 0.0003 0.002617 3.074996 
1.261 1.06 1.02 0.2990 0.3024 0.0218 0.0000 0.1645 0.0003 0.002617 3.074995 
1.265 1.16 1.13 0.2905 0.2930 0.0155 0.0000 0.1655 0.0003 0.005235 3.074985 
1.269 1.12 1.16 0.2943 0.2909 -0.0219 0.0000 0.1667 0.0003 0.005235 3.074982 
1.273 1.03 1.10 0.3014 0.2961 -0.0346 0.0000 0.1680 0.0003 0.005235 3.074980 
1.277 1.15 1.06 0.2919 0.2989 0.0451 0.0000 0.1692 0.0003 0.005235 3.074959 
1.281 1.13 1.07 0.2932 0.2981 0.0317 0.0000 0.1704 0.0003 0.005235 3.074939 
1.285 1.11 1.12 0.2951 0.2941 -0.0063 0.0000 0.1716 0.0003 0.005235 3.074912 
1.289 1.09 1.09 0.2967 0.2969 0.0009 0.0000 0.1728 0.0003 0.005235 3.074899 
1.293 1.04 1.06 0.3004 0.2991 -0.0088 0.0000 0.1740 0.0003 0.005235 3.074883 
1.297 1.16 1.14 0.2904 0.2925 0.0136 0.0000 0.1751 0.0003 0.002617 3.074879 
1.301 1.13 1.10 0.2931 0.2957 0.0167 0.0000 0.1763 0.0003 0.002617 3.074863 
1.305 1.04 1.05 0.3006 0.3001 -0.0030 0.0000 0.1775 0.0003 0.002617 3.074850 
1.309 1.15 1.12 0.2913 0.2944 0.0196 0.0000 0.1785 0.0003 0.005235 3.074873 
1.313 1.10 1.14 0.2954 0.2929 -0.0163 0.0000 0.1797 0.0003 0.005235 3.074885 
1.317 1.02 1.06 0.3021 0.2988 -0.0216 0.0000 0.1809 0.0003 0.005235 3.074879 
1.321 1.13 1.06 0.2935 0.2992 0.0371 0.0000 0.1821 0.0003 0.005235 3.074907 
1.325 1.11 1.08 0.2948 0.2976 0.0177 0.0000 0.1834 0.0003 0.005235 3.074922 
1.329 1.12 1.14 0.2942 0.2924 -0.0112 0.0000 0.1846 0.0004 0.005235 3.074944 
1.333 1.12 1.13 0.2944 0.2932 -0.0079 0.0000 0.1858 0.0004 0.005235 3.074957 
1.337 1.06 1.04 0.2991 0.3010 0.0122 0.0000 0.1870 0.0004 0.005235 3.074975 
1.341 1.17 1.12 0.2903 0.2944 0.0266 0.0000 0.1882 0.0004 0.005235 3.075000 
1.345 1.12 1.10 0.2939 0.2962 0.0145 0.0000 0.1892 0.0004 0.002617 3.075007 
1.349 1.04 1.02 0.3007 0.3026 0.0124 0.0000 0.1905 0.0004 0.002617 3.075013 
1.353 1.18 1.10 0.2895 0.2955 0.0387 0.0000 0.1915 0.0004 0.005235 3.075018 
1.357 1.13 1.15 0.2932 0.2914 -0.0116 0.0000 0.1927 0.0004 0.005235 3.075027 
1.361 1.01 1.12 0.3033 0.2939 -0.0606 0.0000 0.1939 0.0004 0.005235 3.075034 
1.365 1.15 1.09 0.2918 0.2962 0.0286 0.0000 0.1951 0.0004 0.005235 3.075032 
1.369 1.13 1.07 0.2935 0.2983 0.0313 0.0000 0.1963 0.0004 0.005235 3.075030 
1.373 1.11 1.13 0.2952 0.2930 -0.0144 0.0000 0.1976 0.0004 0.005235 3.075022 
1.377 1.10 1.10 0.2961 0.2960 -0.0007 0.0000 0.1988 0.0004 0.005235 3.075007 
1.381 1.05 1.03 0.2999 0.3016 0.0113 0.0000 0.2000 0.0004 0.005235 3.075008 
1.385 1.16 1.10 0.2911 0.2962 0.0323 0.0000 0.2012 0.0004 0.005235 3.075014 
1.389 1.11 1.12 0.2948 0.2942 -0.0039 0.0000 0.2024 0.0004 0.005235 3.075021 
1.393 1.07 1.07 0.2987 0.2981 -0.0034 0.0000 0.2037 0.0004 0.005235 3.075035 
1.397 1.15 1.11 0.2914 0.2945 0.0201 0.0000 0.2047 0.0004 0.002617 3.075051 
1.401 5.77 5.80 0.2944 0.2916 -0.0181 0.0000 0.2057 0.0005 0.005235 3.075064 
1.405 4.51 4.47 0.3989 0.4022 0.0217 0.0000 0.2073 0.0005 0.005235 3.075053 
1.409 3.02 2.98 0.5235 0.5268 0.0214 0.0000 0.2093 0.0005 0.005235 3.075024 
1.413 2.16 2.33 0.5946 0.5811 -0.0868 0.0000 0.2116 0.0005 0.002617 3.075073 
1.417 2.25 2.20 0.5872 0.5913 0.0263 0.0000 0.2138 0.0005 0.005235 3.075051 
1.421 2.11 1.99 0.5993 0.6089 0.0615 0.0000 0.2162 0.0005 0.005235 3.075022 
1.425 2.08 2.06 0.6019 0.6035 0.0105 0.0000 0.2187 0.0005 0.005235 3.075051 
1.429 2.00 1.95 0.6087 0.6123 0.0232 0.0000 0.2211 0.0005 0.005235 3.075010 
1.433 2.03 2.04 0.6056 0.6047 -0.0059 0.0000 0.2235 0.0005 0.005235 3.075013 
1.437 2.05 1.92 0.6042 0.6154 0.0722 0.0000 0.2260 0.0006 0.005235 3.075001 
1.441 2.04 2.09 0.6049 0.6011 -0.0245 0.0000 0.2284 0.0006 0.005235 3.074966 
1.445 2.06 1.97 0.6036 0.6105 0.0449 0.0000 0.2308 0.0006 0.005235 3.074936 
1.449 2.07 2.11 0.6027 0.5988 -0.0256 0.0000 0.2333 0.0006 0.005235 3.074917 
1.453 2.00 1.98 0.6086 0.6104 0.0112 0.0000 0.2357 0.0006 0.005235 3.074898 
1.457 2.07 2.07 0.6028 0.6022 -0.0038 0.0000 0.2381 0.0006 0.005235 3.074901 
1.461 2.03 1.96 0.6060 0.6117 0.0368 0.0000 0.2406 0.0006 0.005235 3.074901 
1.465 2.11 2.05 0.5991 0.6044 0.0337 0.0000 0.2430 0.0006 0.005235 3.074900 
1.469 2.13 1.95 0.5973 0.6128 0.0998 0.0000 0.2454 0.0006 0.005235 3.074903 
1.473 2.10 2.04 0.5997 0.6053 0.0360 0.0000 0.2479 0.0007 0.005235 3.074918 
1.477 2.06 1.98 0.6037 0.6103 0.0422 0.0000 0.2503 0.0007 0.005235 3.074938 
1.481 2.03 2.05 0.6061 0.6040 -0.0135 0.0000 0.2527 0.0007 0.005235 3.074962 
1.485 2.09 1.96 0.6011 0.6115 0.0670 0.0000 0.2552 0.0007 0.005235 3.074985 
1.489 2.03 2.07 0.6060 0.6021 -0.0251 0.0000 0.2574 0.0007 0.007852 3.075008 
1.493 2.09 1.97 0.6009 0.6106 0.0630 0.0000 0.2598 0.0007 0.007852 3.074998 
1.497 2.03 2.05 0.6055 0.6044 -0.0075 0.0000 0.2623 0.0007 0.007852 3.075025 
1.501 2.09 1.94 0.6009 0.6137 0.0828 0.0000 0.2647 0.0008 0.007852 3.075056 
1.505 2.02 2.07 0.6065 0.6025 -0.0257 0.0000 0.2671 0.0008 0.007852 3.075078 
1.509 2.12 1.99 0.5981 0.6094 0.0729 0.0000 0.2696 0.0008 0.007852 3.075078 
1.513 1.99 2.09 0.6088 0.6007 -0.0520 0.0000 0.2720 0.0008 0.007852 3.075083 
1.517 2.08 1.97 0.6012 0.6105 0.0601 0.0000 0.2744 0.0008 0.007852 3.075084 
1.521 2.03 2.07 0.6059 0.6028 -0.0204 0.0000 0.2769 0.0008 0.007852 3.075102 
1.525 2.11 1.95 0.5995 0.6121 0.0816 0.0000 0.2793 0.0009 0.007852 3.075118 
1.529 2.08 2.02 0.6020 0.6063 0.0281 0.0000 0.2817 0.0009 0.007852 3.075129 
1.533 2.14 1.92 0.5968 0.6147 0.1156 0.0000 0.2842 0.0009 0.007852 3.075134 
1.537 2.06 2.06 0.6030 0.6036 0.0039 0.0000 0.2866 0.0009 0.007852 3.075123 
1.541 2.13 1.96 0.5971 0.6113 0.0920 0.0000 0.2890 0.0009 0.007852 3.075102 
1.545 1.99 2.05 0.6093 0.6043 -0.0321 0.0000 0.2915 0.0010 0.007852 3.075088 
1.549 2.09 2.17 0.6010 0.5939 -0.0461 0.0000 0.2939 0.0010 0.007852 3.075095 
1.553 2.09 2.02 0.6005 0.6064 0.0384 0.0000 0.2963 0.0010 0.007852 3.075089 
1.557 2.04 1.94 0.6048 0.6137 0.0576 0.0000 0.2988 0.0010 0.007852 3.075073 
1.561 2.02 2.03 0.6064 0.6059 -0.0038 0.0000 0.3010 0.0010 0.010469 3.075072 
1.565 2.05 1.93 0.6041 0.6142 0.0649 0.0000 0.3034 0.0011 0.010469 3.075072 
1.569 2.07 2.06 0.6028 0.6037 0.0060 0.0000 0.3059 0.0011 0.010469 3.075086 
1.573 2.05 2.26 0.6043 0.5868 -0.1124 0.0000 0.3083 0.0011 0.010469 3.075106 
1.577 2.04 2.01 0.6050 0.6076 0.0170 0.0000 0.3107 0.0011 0.010469 3.075117 
1.581 2.09 1.95 0.6005 0.6126 0.0777 0.0000 0.3132 0.0011 0.010469 3.075125 
1.585 2.05 2.04 0.6043 0.6051 0.0047 0.0000 0.3156 0.0012 0.010469 3.075159 
1.589 2.07 1.98 0.6024 0.6096 0.0465 0.0000 0.3180 0.0012 0.010469 3.075185 
1.593 2.05 2.05 0.6045 0.6041 -0.0028 0.0000 0.3205 0.0012 0.010469 3.075210 
1.597 2.05 2.02 0.6043 0.6066 0.0148 0.0000 0.3227 0.0012 0.007852 3.075198 
1.601 2.02 2.04 0.6062 0.6046 -0.0102 0.0000 0.3254 0.0013 0.010469 3.075135 
1.605 2.04 2.03 0.6047 0.6060 0.0082 0.0000 0.3276 0.0013 0.007852 3.075042 
1.609 2.03 2.01 0.6059 0.6076 0.0110 0.0000 0.3302 0.0013 0.010469 3.074981 
1.613 2.07 1.97 0.6027 0.6109 0.0531 0.0000 0.3325 0.0013 0.007852 3.074927 
1.617 2.06 2.00 0.6037 0.6082 0.0291 0.0000 0.3349 0.0013 0.007852 3.074886 
1.621 2.07 2.03 0.6027 0.6059 0.0205 0.0000 0.3373 0.0014 0.007852 3.074831 
1.625 2.07 2.00 0.6028 0.6079 0.0327 0.0000 0.3398 0.0014 0.007852 3.074790 
1.629 2.05 2.02 0.6041 0.6068 0.0174 0.0000 0.3422 0.0014 0.007852 3.074798 
1.633 2.07 1.97 0.6022 0.6106 0.0543 0.0000 0.3448 0.0014 0.010469 3.074834 
1.637 2.04 2.01 0.6047 0.6073 0.0168 0.0000 0.3471 0.0015 0.007852 3.074888 
1.641 1.99 2.02 0.6089 0.6068 -0.0131 0.0000 0.3495 0.0015 0.007852 3.074953 
1.645 2.01 2.00 0.6077 0.6086 0.0055 0.0000 0.3519 0.0015 0.007852 3.075009 
1.649 2.12 2.00 0.5984 0.6079 0.0613 0.0000 0.3542 0.0015 0.010469 3.075081 
1.653 2.01 2.01 0.6074 0.6075 0.0011 0.0000 0.3566 0.0015 0.010469 3.075132 
1.657 2.05 2.00 0.6039 0.6079 0.0254 0.0000 0.3590 0.0016 0.010469 3.075169 
1.661 2.03 2.02 0.6058 0.6063 0.0032 0.0000 0.3615 0.0016 0.010469 3.075186 
1.665 2.10 2.00 0.5999 0.6080 0.0523 0.0000 0.3639 0.0016 0.010469 3.075169 
1.669 1.99 2.03 0.6094 0.6059 -0.0228 0.0000 0.3663 0.0016 0.010469 3.075168 
1.673 2.11 2.06 0.5994 0.6030 0.0229 0.0000 0.3688 0.0017 0.010469 3.075163 
1.677 2.02 2.02 0.6068 0.6062 -0.0040 0.0000 0.3712 0.0017 0.010469 3.075131 
1.681 2.09 2.04 0.6008 0.6054 0.0295 0.0000 0.3736 0.0017 0.010469 3.075106 
1.685 2.01 2.01 0.6077 0.6073 -0.0026 0.0000 0.3761 0.0018 0.010469 3.075071 
1.689 2.06 2.01 0.6030 0.6076 0.0296 0.0000 0.3785 0.0018 0.010469 3.075057 
1.693 2.03 2.02 0.6055 0.6062 0.0049 0.0000 0.3809 0.0018 0.010469 3.075035 
1.697 2.12 2.00 0.5980 0.6085 0.0677 0.0000 0.3834 0.0018 0.010469 3.074996 
1.701 2.01 2.01 0.6078 0.6073 -0.0030 0.0000 0.3858 0.0019 0.010469 3.074957 
1.705 2.11 2.02 0.5994 0.6063 0.0446 0.0000 0.3882 0.0019 0.010469 3.074954 
1.709 2.03 2.00 0.6058 0.6087 0.0184 0.0000 0.3907 0.0019 0.010469 3.074973 
1.713 2.09 2.00 0.6012 0.6084 0.0465 0.0000 0.3931 0.0019 0.010469 3.075012 
1.717 2.02 2.00 0.6070 0.6078 0.0056 0.0000 0.3955 0.0020 0.010469 3.075031 
1.721 2.05 2.01 0.6042 0.6078 0.0235 0.0000 0.3980 0.0020 0.010469 3.075045 
1.725 2.28 2.02 0.5853 0.6070 0.1401 0.0000 0.4004 0.0020 0.010469 3.075099 
1.729 2.15 2.00 0.5955 0.6083 0.0829 0.0000 0.4028 0.0021 0.010469 3.075152 
1.733 2.10 2.04 0.5999 0.6049 0.0326 0.0000 0.4051 0.0021 0.013086 3.075177 
1.737 2.08 2.03 0.6018 0.6055 0.0236 0.0000 0.4075 0.0021 0.013086 3.075202 
1.741 2.07 2.01 0.6027 0.6077 0.0322 0.0000 0.4099 0.0022 0.013086 3.075221 
1.745 2.06 2.00 0.6032 0.6085 0.0344 0.0000 0.4124 0.0022 0.013086 3.075241 
1.749 2.05 2.03 0.6045 0.6060 0.0096 0.0000 0.4148 0.0022 0.013086 3.075247 
1.753 2.06 2.02 0.6037 0.6067 0.0194 0.0000 0.4172 0.0023 0.013086 3.075232 
1.757 2.05 2.02 0.6044 0.6063 0.0127 0.0000 0.4197 0.0023 0.013086 3.075185 
1.761 2.02 2.02 0.6065 0.6070 0.0030 0.0000 0.4221 0.0023 0.013086 3.075124 
1.765 2.03 2.01 0.6057 0.6074 0.0112 0.0000 0.4245 0.0023 0.013086 3.075079 
1.769 2.01 2.01 0.6072 0.6073 0.0010 0.0000 0.4270 0.0024 0.013086 3.075043 
1.773 2.03 2.03 0.6055 0.6057 0.0015 0.0000 0.4294 0.0024 0.013086 3.074992 
1.777 2.05 2.03 0.6038 0.6057 0.0119 0.0000 0.4318 0.0024 0.013086 3.074951 
1.781 2.06 2.02 0.6035 0.6066 0.0203 0.0000 0.4343 0.0025 0.013086 3.074916 
1.785 2.04 2.04 0.6048 0.6054 0.0034 0.0000 0.4367 0.0025 0.013086 3.074908 
1.789 2.07 2.00 0.6025 0.6082 0.0371 0.0000 0.4391 0.0025 0.013086 3.074909 
1.793 2.14 2.02 0.5964 0.6067 0.0662 0.0000 0.4416 0.0026 0.013086 3.074918 
1.797 2.09 2.01 0.6008 0.6077 0.0443 0.0000 0.4440 0.0026 0.013086 3.074930 
1.801 2.09 2.01 0.6008 0.6071 0.0410 0.0000 0.4464 0.0026 0.013086 3.074940 
1.805 2.06 2.00 0.6030 0.6085 0.0353 0.0000 0.4489 0.0027 0.013086 3.074965 
1.809 1.99 2.01 0.6092 0.6073 -0.0124 0.0000 0.4513 0.0027 0.013086 3.074997 
1.813 2.09 2.02 0.6011 0.6071 0.0384 0.0000 0.4535 0.0027 0.015704 3.075035 
1.817 2.06 2.01 0.6031 0.6074 0.0274 0.0000 0.4560 0.0028 0.015704 3.075069 
1.821 2.08 2.03 0.6013 0.6059 0.0293 0.0000 0.4584 0.0028 0.015704 3.075104 
1.825 2.00 2.02 0.6083 0.6064 -0.0118 0.0000 0.4608 0.0028 0.015704 3.075122 
1.829 2.11 2.02 0.5995 0.6069 0.0480 0.0000 0.4633 0.0029 0.015704 3.075152 
1.833 2.00 2.04 0.6079 0.6052 -0.0173 0.0000 0.4657 0.0029 0.015704 3.075163 
1.837 2.11 2.00 0.5993 0.6079 0.0553 0.0000 0.4681 0.0029 0.015704 3.075166 
1.841 2.01 2.02 0.6074 0.6070 -0.0027 0.0000 0.4706 0.0030 0.015704 3.075163 
1.845 2.14 2.00 0.5966 0.6080 0.0733 0.0000 0.4730 0.0030 0.015704 3.075123 
1.849 2.07 2.02 0.6021 0.6064 0.0276 0.0000 0.4754 0.0030 0.015704 3.075083 
1.853 2.10 2.03 0.5999 0.6060 0.0397 0.0000 0.4779 0.0031 0.015704 3.075044 
1.857 2.01 2.00 0.6077 0.6080 0.0020 0.0000 0.4803 0.0031 0.015704 3.074990 
1.861 2.06 2.00 0.6029 0.6084 0.0356 0.0000 0.4827 0.0032 0.015704 3.074956 
1.865 2.00 2.04 0.6082 0.6045 -0.0236 0.0000 0.4852 0.0032 0.015704 3.074933 
1.869 2.10 1.97 0.6003 0.6108 0.0682 0.0000 0.4876 0.0032 0.015704 3.074907 
1.873 2.00 2.01 0.6081 0.6075 -0.0039 0.0000 0.4900 0.0033 0.015704 3.074899 
1.877 2.14 2.00 0.5968 0.6079 0.0713 0.0000 0.4925 0.0033 0.015704 3.074921 
1.881 2.11 1.99 0.5994 0.6088 0.0607 0.0000 0.4949 0.0033 0.015704 3.074951 
1.885 2.05 2.06 0.6038 0.6036 -0.0010 0.0000 0.4971 0.0034 0.018321 3.074996 
1.889 2.06 2.01 0.6032 0.6078 0.0291 0.0000 0.4996 0.0034 0.018321 3.075036 
1.893 2.05 2.01 0.6038 0.6073 0.0230 0.0000 0.5020 0.0035 0.018321 3.075058 
1.897 2.07 1.98 0.6027 0.6099 0.0466 0.0000 0.5042 0.0035 0.015704 3.075106 
1.901 2.08 2.07 0.6015 0.6022 0.0041 0.0000 0.5069 0.0035 0.018321 3.075151 
1.905 2.05 1.99 0.6045 0.6088 0.0280 0.0000 0.5091 0.0036 0.015704 3.075197 
1.909 2.06 2.05 0.6032 0.6038 0.0043 0.0000 0.5115 0.0036 0.015704 3.075207 
1.913 2.02 1.96 0.6063 0.6113 0.0319 0.0000 0.5140 0.0037 0.015704 3.075217 
1.917 2.03 2.07 0.6057 0.6024 -0.0213 0.0000 0.5164 0.0037 0.015704 3.075205 
1.921 2.10 1.97 0.5995 0.6112 0.0756 0.0000 0.5188 0.0037 0.015704 3.075175 
1.925 2.07 2.07 0.6028 0.6023 -0.0029 0.0000 0.5213 0.0038 0.015704 3.075147 
1.929 2.07 1.98 0.6021 0.6100 0.0507 0.0000 0.5237 0.0038 0.015704 3.075119 
1.933 2.09 2.05 0.6006 0.6039 0.0212 0.0000 0.5261 0.0039 0.015704 3.075082 
1.937 2.05 1.97 0.6042 0.6111 0.0445 0.0000 0.5286 0.0039 0.015704 3.075047 
1.941 2.06 2.05 0.6033 0.6039 0.0040 0.0000 0.5310 0.0039 0.015704 3.074996 
1.945 2.02 1.96 0.6070 0.6119 0.0313 0.0000 0.5334 0.0040 0.015704 3.074975 
1.949 2.05 2.06 0.6041 0.6029 -0.0075 0.0000 0.5359 0.0040 0.015704 3.074965 
1.953 2.08 1.97 0.6018 0.6106 0.0564 0.0000 0.5383 0.0041 0.015704 3.074959 
1.957 2.06 2.06 0.6030 0.6029 -0.0005 0.0000 0.5407 0.0041 0.015704 3.074975 
1.961 2.12 1.98 0.5982 0.6101 0.0770 0.0000 0.5430 0.0041 0.018321 3.074973 
1.965 1.96 2.04 0.6115 0.6048 -0.0431 0.0000 0.5454 0.0042 0.018321 3.075000 
1.969 2.06 1.96 0.6029 0.6113 0.0541 0.0000 0.5478 0.0042 0.018321 3.075037 
1.973 2.04 2.04 0.6049 0.6049 0.0001 0.0000 0.5503 0.0043 0.018321 3.075063 
1.977 2.12 1.95 0.5985 0.6122 0.0881 0.0000 0.5527 0.0043 0.018321 3.075107 
1.981 2.03 2.07 0.6057 0.6023 -0.0216 0.0000 0.5551 0.0044 0.018321 3.075128 
1.985 2.05 1.97 0.6045 0.6109 0.0415 0.0000 0.5576 0.0044 0.018321 3.075138 
1.989 2.02 2.07 0.6067 0.6023 -0.0281 0.0000 0.5600 0.0045 0.018321 3.075165 
1.993 2.12 2.00 0.5986 0.6079 0.0599 0.0000 0.5624 0.0045 0.018321 3.075178 
1.997 1.97 2.06 0.6105 0.6034 -0.0460 0.0000 0.5649 0.0045 0.018321 3.075166 
2.001 2.09 1.98 0.6009 0.6103 0.0607 0.0000 0.5673 0.0046 0.018321 3.075165 
2.005 2.03 2.07 0.6060 0.6027 -0.0218 0.0000 0.5697 0.0046 0.018321 3.075137 
2.009 2.10 1.96 0.6000 0.6120 0.0771 0.0000 0.5722 0.0047 0.018321 3.075125 
2.013 2.02 2.06 0.6065 0.6037 -0.0183 0.0000 0.5746 0.0047 0.018321 3.075113 
2.017 2.09 1.96 0.6005 0.6114 0.0700 0.0000 0.5770 0.0048 0.018321 3.075088 
2.021 2.00 2.07 0.6079 0.6023 -0.0362 0.0000 0.5795 0.0048 0.018321 3.075059 
2.025 2.11 1.99 0.5993 0.6091 0.0626 0.0000 0.5819 0.0049 0.018321 3.075041 
2.029 1.98 2.06 0.6096 0.6037 -0.0380 0.0000 0.5844 0.0049 0.018321 3.075006 
2.033 2.11 1.99 0.5990 0.6089 0.0639 0.0000 0.5868 0.0050 0.018321 3.075007 
2.037 2.33 2.05 0.5812 0.6044 0.1494 0.0000 0.5892 0.0050 0.018321 3.074994 
2.041 2.04 1.94 0.6045 0.6137 0.0592 0.0000 0.5917 0.0051 0.018321 3.074986 
2.045 2.01 2.05 0.6074 0.6038 -0.0232 0.0000 0.5939 0.0051 0.020938 3.074981 
2.049 2.04 1.95 0.6048 0.6124 0.0493 0.0000 0.5963 0.0052 0.020938 3.074985 
2.053 2.07 2.06 0.6027 0.6031 0.0024 0.0000 0.5987 0.0052 0.020938 3.074980 
2.057 2.05 1.95 0.6039 0.6123 0.0541 0.0000 0.6012 0.0053 0.020938 3.075003 
2.061 2.06 2.08 0.6034 0.6020 -0.0094 0.0000 0.6036 0.0053 0.020938 3.075037 
2.065 2.10 1.98 0.5996 0.6100 0.0669 0.0000 0.6060 0.0054 0.020938 3.075041 
2.069 2.12 2.04 0.5982 0.6047 0.0422 0.0000 0.6085 0.0054 0.020938 3.075053 
2.073 2.08 1.97 0.6019 0.6110 0.0585 0.0000 0.6109 0.0055 0.020938 3.075067 
2.077 2.03 2.05 0.6057 0.6039 -0.0113 0.0000 0.6133 0.0055 0.020938 3.075046 
2.081 2.01 1.93 0.6073 0.6143 0.0450 0.0000 0.6158 0.0056 0.020938 3.075070 
2.085 2.05 2.07 0.6044 0.6025 -0.0121 0.0000 0.6182 0.0056 0.020938 3.075069 
2.089 2.07 2.02 0.6023 0.6064 0.0266 0.0000 0.6207 0.0057 0.020938 3.075072 
2.093 2.02 2.04 0.6062 0.6051 -0.0070 0.0000 0.6231 0.0057 0.020938 3.075048 
2.097 2.07 1.95 0.6027 0.6129 0.0658 0.0000 0.6255 0.0058 0.020938 3.075049 
2.101 -7.26 -7.25 0.6051 0.6039 -0.0073 0.0000 0.6280 0.0058 0.020938 3.075049 
2.105 -5.63 -5.65 0.4689 0.4707 0.0113 0.0000 0.6300 0.0059 0.020938 3.075058 
2.109 -3.01 -3.30 0.2512 0.2750 0.1535 0.0000 0.6312 0.0059 0.020938 3.075124 
2.113 -1.36 -1.80 0.1132 0.1500 0.2376 0.0000 0.6316 0.0059 0.020938 3.075096 
2.117 1.37 -0.73 -0.1143 0.0605 1.1276 0.0000 0.6314 0.0059 0.023556 3.075051 
2.121 0.91 0.44 -0.0761 -0.0364 0.2561 0.0000 0.6312 0.0059 0.020938 3.075196 
2.125 0.52 0.44 -0.0435 -0.0364 0.0456 0.0000 0.6312 0.0059 0.020938 3.075243 
2.129 -0.41 0.67 0.0340 -0.0560 -0.5808 0.0000 0.6312 0.0059 0.015704 3.075250 
2.133 -0.41 0.67 0.0340 -0.0560 -0.5808 0.0000 0.6312 0.0059 0.015704 3.075349 
2.137 -0.41 0.56 0.0340 -0.0463 -0.5182 0.0000 0.6312 0.0059 0.015704 3.075403 
2.141 -0.37 -0.46 0.0307 0.0379 0.0465 0.0000 0.6314 0.0059 0.018321 3.075408 
2.145 -0.28 -0.46 0.0236 0.0379 0.0926 0.0000 0.6314 0.0059 0.018321 3.075504 
2.149 -0.23 -0.46 0.0191 0.0379 0.1213 0.0000 0.6314 0.0059 0.018321 3.075530 
