%% logfile from robot Freja (4)
% Freja (4)
%  1    time 0.000 sec
%  2  3 Motor voltage [V] left, right: 4.50 4.50
%  4  5 Wheel velocity [m/s] left, right: 0.0000 -0.0000
%  6  7  8  9 Pose x,y,h,tilt [m,m,rad,rad]: 0 0 0 3.07768
0.000 4.50 4.50 0.0000 -0.0000 0.0000 0.0000 0.000000 3.077678 
0.001 4.50 4.50 0.0000 -0.0000 0.0000 0.0000 0.000000 3.077685 
0.002 4.50 4.50 0.0000 -0.0000 0.0000 0.0000 0.000000 3.077690 
0.003 4.50 4.50 0.0000 -0.0000 0.0000 0.0000 0.000000 3.077694 
0.004 4.50 4.50 0.0000 -0.0000 0.0000 0.0000 0.000000 3.077699 
0.005 4.50 4.50 0.0000 0.0000 0.0002 0.0000 0.002617 3.077704 
0.006 4.50 4.50 0.0000 0.0000 0.0004 0.0000 0.000000 3.077716 
0.007 4.50 4.50 0.0000 0.0000 0.0004 0.0000 0.000000 3.077738 
0.008 1.90 2.75 0.2164 0.1459 0.0008 0.0000 0.000000 3.077761 
0.009 1.16 2.75 0.2781 0.1459 0.0010 0.0000 -0.002617 3.077779 
0.010 1.16 2.13 0.2781 0.1978 0.0012 0.0000 0.000000 3.077787 
0.011 1.14 2.13 0.2801 0.1978 0.0014 -0.0000 -0.002617 3.077763 
0.012 1.16 1.68 0.2780 0.2353 0.0018 -0.0000 -0.002617 3.077736 
0.013 1.16 1.31 0.2780 0.2656 0.0020 -0.0000 0.000000 3.077746 
0.014 1.14 0.93 0.2798 0.2977 0.0024 -0.0000 0.000000 3.077754 
0.015 1.00 0.93 0.2913 0.2977 0.0026 -0.0000 -0.002617 3.077748 
0.016 1.00 1.12 0.2913 0.2816 0.0028 -0.0000 0.000000 3.077739 
0.017 1.12 1.21 0.2820 0.2743 0.0032 -0.0000 0.000000 3.077744 
0.018 1.16 1.21 0.2781 0.2743 0.0034 -0.0000 -0.002617 3.077777 
0.019 1.16 1.11 0.2781 0.2828 0.0037 -0.0000 0.000000 3.077809 
0.020 1.12 1.02 0.2817 0.2901 0.0041 -0.0000 0.000000 3.077812 
0.021 1.05 1.02 0.2873 0.2901 0.0043 -0.0000 -0.002617 3.077783 
0.022 1.07 1.14 0.2859 0.2796 0.0047 -0.0000 -0.002617 3.077747 
0.023 1.07 0.87 0.2859 0.3023 0.0049 -0.0000 0.000000 3.077731 
0.024 1.24 1.17 0.2717 0.2776 0.0053 -0.0000 0.000000 3.077742 
0.025 1.13 1.17 0.2805 0.2776 0.0055 -0.0000 -0.002617 3.077771 
0.026 1.13 0.99 0.2805 0.2926 0.0057 -0.0000 0.000000 3.077793 
0.027 0.96 1.24 0.2947 0.2720 0.0061 -0.0000 0.000000 3.077791 
0.028 1.12 1.24 0.2815 0.2720 0.0063 -0.0000 -0.002617 3.077775 
0.029 1.12 1.21 0.2815 0.2745 0.0065 -0.0000 0.000000 3.077760 
0.030 1.22 1.17 0.2732 0.2773 0.0069 -0.0000 0.000000 3.077748 
0.031 1.09 1.17 0.2839 0.2773 0.0071 -0.0000 -0.002617 3.077749 
0.032 1.09 1.17 0.2839 0.2772 0.0075 -0.0000 -0.002617 3.077758 
0.033 1.10 1.20 0.2832 0.2752 0.0077 -0.0000 0.000000 3.077764 
0.034 0.99 1.20 0.2926 0.2752 0.0079 -0.0000 -0.002617 3.077758 
0.035 0.83 1.00 0.3060 0.2919 0.0083 -0.0000 -0.002617 3.077747 
0.036 0.83 1.19 0.3060 0.2757 0.0085 -0.0000 0.000000 3.077738 
0.037 1.07 1.19 0.2854 0.2757 0.0087 -0.0000 -0.002617 3.077736 
0.038 0.85 1.29 0.3038 0.2676 0.0091 -0.0000 -0.002617 3.077745 
0.039 1.12 1.24 0.2813 0.2718 0.0095 -0.0000 -0.002617 3.077756 
0.040 1.12 1.14 0.2813 0.2802 0.0097 -0.0000 0.000000 3.077764 
0.041 1.11 1.14 0.2821 0.2802 0.0099 -0.0000 -0.002617 3.077767 
0.042 1.17 1.18 0.2774 0.2769 0.0103 -0.0000 -0.002617 3.077769 
0.043 1.17 1.15 0.2774 0.2790 0.0105 -0.0000 0.000000 3.077773 
0.044 1.41 1.15 0.2572 0.2790 0.0108 -0.0000 -0.002617 3.077778 
0.045 1.10 1.26 0.2835 0.2699 0.0112 -0.0000 -0.002617 3.077782 
0.046 1.10 1.10 0.2835 0.2835 0.0114 -0.0000 0.000000 3.077784 
0.047 0.88 1.10 0.3018 0.2835 0.0116 -0.0000 -0.002617 3.077783 
0.048 1.12 1.29 0.2815 0.2671 0.0120 -0.0000 -0.002617 3.077776 
0.049 1.12 1.29 0.2815 0.2673 0.0122 -0.0000 0.000000 3.077766 
0.050 1.27 1.29 0.2690 0.2673 0.0124 -0.0000 -0.002617 3.077755 
0.051 1.15 1.35 0.2795 0.2627 0.0128 -0.0000 -0.002617 3.077746 
0.052 0.94 1.09 0.2964 0.2840 0.0132 -0.0000 -0.002617 3.077735 
0.053 0.94 1.09 0.2964 0.2840 0.0132 -0.0000 -0.002617 3.077727 
0.054 1.12 1.26 0.2812 0.2701 0.0136 -0.0000 -0.002617 3.077719 
0.055 1.07 1.30 0.2861 0.2665 0.0140 -0.0000 -0.002617 3.077714 
0.056 1.07 1.30 0.2861 0.2665 0.0140 -0.0000 -0.002617 3.077708 
0.057 1.04 1.27 0.2885 0.2693 0.0144 -0.0000 -0.002617 3.077698 
0.058 1.14 1.14 0.2798 0.2802 0.0148 -0.0000 -0.002617 3.077691 
0.059 1.14 1.14 0.2798 0.2802 0.0148 -0.0000 -0.002617 3.077689 
0.060 1.11 1.20 0.2821 0.2750 0.0152 -0.0000 -0.002617 3.077690 
0.061 0.95 1.17 0.2961 0.2777 0.0156 -0.0000 -0.002617 3.077698 
0.062 1.12 1.17 0.2820 0.2777 0.0158 -0.0000 -0.005235 3.077707 
0.063 1.12 1.22 0.2820 0.2734 0.0160 -0.0000 -0.002617 3.077710 
0.064 1.16 1.05 0.2787 0.2872 0.0164 -0.0000 -0.002617 3.077707 
0.065 1.12 1.05 0.2812 0.2872 0.0166 -0.0000 -0.005235 3.077699 
0.066 1.12 1.17 0.2812 0.2777 0.0168 -0.0000 -0.002617 3.077690 
0.067 1.04 1.13 0.2884 0.2804 0.0172 -0.0000 -0.002617 3.077686 
0.068 1.05 1.13 0.2871 0.2804 0.0174 -0.0000 -0.005235 3.077688 
0.069 1.05 1.27 0.2871 0.2688 0.0176 -0.0000 -0.002617 3.077692 
0.070 1.11 1.05 0.2820 0.2870 0.0181 -0.0000 -0.002617 3.077691 
0.071 1.13 1.26 0.2808 0.2698 0.0185 -0.0000 -0.002617 3.077690 
0.072 1.18 1.29 0.2763 0.2678 0.0187 -0.0000 -0.005235 3.077694 
0.073 1.18 1.24 0.2763 0.2713 0.0189 -0.0000 -0.002617 3.077700 
0.074 1.14 1.25 0.2802 0.2710 0.0191 -0.0000 -0.005235 3.077703 
0.075 1.23 1.29 0.2721 0.2671 0.0195 -0.0000 -0.005235 3.077703 
0.076 1.23 1.20 0.2721 0.2747 0.0197 -0.0000 -0.002617 3.077706 
0.077 1.14 1.20 0.2803 0.2746 0.0201 -0.0000 -0.002617 3.077717 
0.078 1.01 1.20 0.2906 0.2746 0.0203 -0.0000 -0.005235 3.077726 
0.079 1.01 0.89 0.2906 0.3007 0.0205 -0.0000 -0.002617 3.077737 
0.080 1.05 1.25 0.2873 0.2708 0.0209 -0.0000 -0.002617 3.077756 
0.081 1.11 1.25 0.2827 0.2708 0.0211 -0.0000 -0.005235 3.077770 
0.082 1.11 1.35 0.2827 0.2628 0.0213 -0.0000 -0.002617 3.077773 
0.083 1.14 1.31 0.2798 0.2658 0.0217 -0.0000 -0.002617 3.077774 
0.084 1.01 1.31 0.2907 0.2658 0.0219 -0.0000 -0.005235 3.077773 
0.085 1.14 1.10 0.2799 0.2830 0.0223 -0.0000 -0.005235 3.077775 
0.086 1.14 1.34 0.2799 0.2631 0.0225 -0.0000 -0.002617 3.077782 
0.087 1.17 1.34 0.2771 0.2631 0.0227 -0.0000 -0.005235 3.077785 
0.088 1.13 1.40 0.2812 0.2581 0.0231 -0.0001 -0.005235 3.077779 
0.089 1.13 1.26 0.2812 0.2698 0.0233 -0.0001 -0.002617 3.077779 
0.090 1.04 1.26 0.2879 0.2698 0.0235 -0.0001 -0.005235 3.077787 
0.091 1.06 1.14 0.2867 0.2796 0.0239 -0.0001 -0.005235 3.077799 
0.092 1.06 1.23 0.2867 0.2725 0.0241 -0.0001 -0.002617 3.077813 
0.093 1.21 1.23 0.2740 0.2725 0.0243 -0.0001 -0.005235 3.077822 
0.094 1.11 0.94 0.2824 0.2963 0.0247 -0.0001 -0.005235 3.077824 
0.095 0.94 1.19 0.2969 0.2755 0.0252 -0.0001 -0.005235 3.077827 
0.096 0.94 1.19 0.2969 0.2755 0.0252 -0.0001 -0.005235 3.077834 
0.097 1.11 1.00 0.2820 0.2913 0.0256 -0.0001 -0.005235 3.077843 
0.098 1.25 1.23 0.2711 0.2727 0.0260 -0.0001 -0.005235 3.077851 
0.099 1.25 1.23 0.2711 0.2727 0.0260 -0.0001 -0.005235 3.077856 
0.100 1.14 1.18 0.2796 0.2765 0.0264 -0.0001 -0.005235 3.077860 
0.101 1.14 1.15 0.2796 0.2788 0.0268 -0.0001 -0.005235 3.077858 
0.102 1.14 1.15 0.2796 0.2788 0.0270 -0.0001 -0.002617 3.077855 
0.103 1.03 1.15 0.2893 0.2788 0.0272 -0.0001 -0.005235 3.077857 
0.104 0.86 1.17 0.3035 0.2774 0.0276 -0.0001 -0.005235 3.077864 
0.105 1.09 0.96 0.2840 0.2946 0.0280 -0.0001 -0.005235 3.077870 
0.106 1.09 0.96 0.2840 0.2946 0.0280 -0.0001 -0.005235 3.077874 
0.107 0.87 1.17 0.3021 0.2777 0.0284 -0.0001 -0.005235 3.077874 
0.108 1.12 1.27 0.2816 0.2691 0.0288 -0.0001 -0.005235 3.077874 
0.109 1.12 1.27 0.2816 0.2691 0.0288 -0.0001 -0.005235 3.077873 
0.110 1.09 1.22 0.2838 0.2729 0.0292 -0.0001 -0.005235 3.077868 
0.111 1.15 1.11 0.2793 0.2821 0.0296 -0.0001 -0.005235 3.077866 
0.112 1.15 1.11 0.2793 0.2821 0.0296 -0.0001 -0.005235 3.077869 
0.113 1.39 1.15 0.2592 0.2790 0.0300 -0.0001 -0.005235 3.077870 
0.114 1.07 1.12 0.2859 0.2814 0.0304 -0.0001 -0.005235 3.077871 
0.115 0.85 1.12 0.3042 0.2814 0.0306 -0.0001 -0.007852 3.077878 
0.116 0.85 1.23 0.3042 0.2721 0.0308 -0.0001 -0.005235 3.077886 
0.117 1.10 1.06 0.2831 0.2863 0.0312 -0.0001 -0.005235 3.077889 
0.118 1.25 1.21 0.2707 0.2738 0.0314 -0.0001 -0.007852 3.077886 
0.119 1.25 1.27 0.2707 0.2687 0.0316 -0.0001 -0.005235 3.077882 
0.120 1.15 1.29 0.2790 0.2670 0.0320 -0.0001 -0.005235 3.077878 
0.121 0.95 1.29 0.2959 0.2670 0.0323 -0.0001 -0.007852 3.077872 
0.122 0.95 1.39 0.2959 0.2590 0.0325 -0.0001 -0.005235 3.077867 
0.123 1.13 1.12 0.2804 0.2814 0.0329 -0.0001 -0.005235 3.077865 
0.124 1.06 1.12 0.2868 0.2814 0.0331 -0.0001 -0.007852 3.077861 
0.125 1.04 1.28 0.2885 0.2680 0.0335 -0.0001 -0.007852 3.077856 
0.126 1.04 1.32 0.2885 0.2653 0.0337 -0.0001 -0.005235 3.077845 
0.127 1.15 1.32 0.2794 0.2653 0.0339 -0.0001 -0.007852 3.077839 
0.128 1.11 1.29 0.2822 0.2677 0.0343 -0.0001 -0.007852 3.077838 
0.129 1.11 1.15 0.2822 0.2790 0.0345 -0.0001 -0.005235 3.077837 
0.130 0.96 1.15 0.2949 0.2790 0.0347 -0.0001 -0.007852 3.077837 
0.131 1.12 1.21 0.2816 0.2738 0.0351 -0.0001 -0.007852 3.077840 
0.132 1.12 1.17 0.2816 0.2776 0.0353 -0.0001 -0.005235 3.077839 
0.133 1.15 1.22 0.2793 0.2731 0.0357 -0.0001 -0.005235 3.077836 
0.134 1.12 1.22 0.2812 0.2731 0.0359 -0.0001 -0.007852 3.077833 
0.135 1.03 1.05 0.2891 0.2877 0.0363 -0.0001 -0.007852 3.077827 
0.136 1.03 1.16 0.2891 0.2781 0.0365 -0.0001 -0.005235 3.077822 
0.137 1.05 1.16 0.2875 0.2781 0.0367 -0.0001 -0.007852 3.077821 
0.138 1.10 1.12 0.2829 0.2815 0.0371 -0.0001 -0.007852 3.077822 
0.139 1.10 1.19 0.2829 0.2756 0.0373 -0.0001 -0.005235 3.077821 
0.140 1.13 1.19 0.2809 0.2756 0.0375 -0.0001 -0.007852 3.077819 
0.141 1.20 0.93 0.2748 0.2975 0.0379 -0.0001 -0.007852 3.077811 
0.142 1.20 1.19 0.2748 0.2762 0.0381 -0.0001 -0.005235 3.077804 
0.143 1.15 1.19 0.2791 0.2762 0.0383 -0.0001 -0.007852 3.077799 
0.144 1.24 1.15 0.2715 0.2791 0.0387 -0.0001 -0.007852 3.077792 
0.145 1.24 1.23 0.2715 0.2726 0.0389 -0.0001 -0.005235 3.077784 
0.146 1.12 1.23 0.2817 0.2726 0.0391 -0.0001 -0.007852 3.077776 
0.147 0.97 1.16 0.2939 0.2784 0.0396 -0.0002 -0.007852 3.077772 
0.148 1.03 1.17 0.2887 0.2774 0.0400 -0.0002 -0.007852 3.077770 
0.149 1.03 0.86 0.2887 0.3029 0.0402 -0.0002 -0.005235 3.077770 
0.150 1.10 0.86 0.2835 0.3029 0.0404 -0.0002 -0.007852 3.077774 
0.151 4.12 4.25 0.2813 0.2706 0.0408 -0.0002 -0.007852 3.077777 
0.152 4.12 4.37 0.2813 0.2610 0.0410 -0.0002 -0.005235 3.077777 
0.153 4.00 4.37 0.2915 0.2610 0.0412 -0.0002 -0.007852 3.077774 
0.154 3.89 4.14 0.3006 0.2797 0.0416 -0.0002 -0.007852 3.077773 
0.155 3.56 3.54 0.3281 0.3301 0.0420 -0.0002 -0.007852 3.077770 
0.156 3.17 3.43 0.3610 0.3390 0.0424 -0.0002 -0.007852 3.077763 
0.157 2.84 3.27 0.3880 0.3523 0.0428 -0.0002 -0.007852 3.077756 
0.158 2.68 2.90 0.4017 0.3834 0.0432 -0.0002 -0.007852 3.077749 
0.159 2.75 2.61 0.3960 0.4076 0.0436 -0.0002 -0.007852 3.077744 
0.160 2.38 2.60 0.4266 0.4081 0.0440 -0.0002 -0.007852 3.077750 
0.161 1.94 2.01 0.4637 0.4571 0.0444 -0.0002 -0.007852 3.077754 
0.162 2.07 2.30 0.4523 0.4332 0.0448 -0.0002 -0.007852 3.077746 
0.163 2.18 1.94 0.4432 0.4630 0.0452 -0.0002 -0.007852 3.077738 
0.164 1.94 2.19 0.4631 0.4427 0.0456 -0.0002 -0.007852 3.077731 
0.165 1.97 2.10 0.4609 0.4500 0.0460 -0.0002 -0.007852 3.077734 
0.166 1.52 2.08 0.4983 0.4513 0.0467 -0.0002 -0.010469 3.077747 
0.167 1.81 2.10 0.4737 0.4499 0.0471 -0.0002 -0.010469 3.077752 
0.168 1.37 1.67 0.5111 0.4862 0.0477 -0.0002 -0.007852 3.077746 
0.169 1.76 1.96 0.4780 0.4619 0.0481 -0.0002 -0.007852 3.077751 
0.170 1.72 2.11 0.4814 0.4495 0.0485 -0.0002 -0.007852 3.077763 
0.171 1.82 1.99 0.4730 0.4595 0.0489 -0.0002 -0.007852 3.077765 
0.172 1.78 1.78 0.4764 0.4764 0.0495 -0.0002 -0.010469 3.077758 
0.173 1.46 1.89 0.5032 0.4678 0.0499 -0.0002 -0.010469 3.077749 
0.174 1.82 1.80 0.4729 0.4747 0.0503 -0.0002 -0.010469 3.077746 
0.175 2.02 1.58 0.4565 0.4936 0.0509 -0.0002 -0.007852 3.077739 
0.176 1.83 1.92 0.4725 0.4653 0.0513 -0.0002 -0.007852 3.077726 
0.177 1.53 1.91 0.4971 0.4662 0.0517 -0.0003 -0.007852 3.077719 
0.178 1.76 1.99 0.4787 0.4589 0.0523 -0.0003 -0.010469 3.077722 
0.179 1.74 1.55 0.4801 0.4956 0.0527 -0.0003 -0.010469 3.077726 
0.180 1.91 1.91 0.4657 0.4655 0.0531 -0.0003 -0.010469 3.077727 
0.181 1.78 2.01 0.4770 0.4575 0.0538 -0.0003 -0.007852 3.077722 
0.182 1.47 1.72 0.5026 0.4819 0.0542 -0.0003 -0.007852 3.077716 
0.183 1.81 1.87 0.4738 0.4689 0.0548 -0.0003 -0.010469 3.077711 
0.184 1.75 1.82 0.4788 0.4732 0.0552 -0.0003 -0.010469 3.077712 
0.185 1.66 1.90 0.4865 0.4665 0.0556 -0.0003 -0.010469 3.077718 
0.186 1.68 1.60 0.4850 0.4916 0.0560 -0.0003 -0.010469 3.077723 
0.187 1.79 1.78 0.4762 0.4765 0.0566 -0.0003 -0.007852 3.077724 
0.188 1.75 1.90 0.4788 0.4663 0.0570 -0.0003 -0.007852 3.077722 
0.189 1.74 1.46 0.4803 0.5035 0.0576 -0.0003 -0.010469 3.077723 
0.190 1.95 1.90 0.4627 0.4664 0.0580 -0.0003 -0.010469 3.077725 
0.191 1.75 1.85 0.4788 0.4705 0.0584 -0.0003 -0.010469 3.077725 
0.192 1.53 1.96 0.4973 0.4616 0.0588 -0.0003 -0.010469 3.077724 
0.193 1.67 1.88 0.4860 0.4684 0.0594 -0.0003 -0.007852 3.077721 
0.194 1.72 1.38 0.4816 0.5104 0.0600 -0.0003 -0.010469 3.077724 
0.195 1.49 1.93 0.5010 0.4639 0.0604 -0.0003 -0.010469 3.077728 
0.196 1.74 2.03 0.4804 0.4556 0.0609 -0.0003 -0.010469 3.077724 
0.197 1.80 1.94 0.4749 0.4634 0.0613 -0.0003 -0.010469 3.077710 
0.198 1.76 1.59 0.4783 0.4926 0.0617 -0.0003 -0.010469 3.077702 
0.199 1.71 2.02 0.4823 0.4567 0.0623 -0.0004 -0.013086 3.077711 
0.200 2.00 1.93 0.4585 0.4645 0.0629 -0.0004 -0.010469 3.077729 
0.201 1.75 1.79 0.4789 0.4759 0.0633 -0.0004 -0.010469 3.077747 
0.202 1.43 1.94 0.5060 0.4629 0.0637 -0.0004 -0.010469 3.077758 
0.203 1.76 1.43 0.4780 0.5058 0.0641 -0.0004 -0.010469 3.077754 
0.204 2.01 1.88 0.4576 0.4687 0.0645 -0.0004 -0.010469 3.077734 
0.205 1.87 1.95 0.4690 0.4627 0.0653 -0.0004 -0.010469 3.077708 
0.206 1.73 1.86 0.4805 0.4697 0.0657 -0.0004 -0.010469 3.077687 
0.207 1.44 1.88 0.5046 0.4684 0.0661 -0.0004 -0.010469 3.077671 
0.208 1.75 1.85 0.4787 0.4709 0.0665 -0.0004 -0.010469 3.077662 
0.209 1.31 1.87 0.5156 0.4688 0.0669 -0.0004 -0.010469 3.077656 
0.210 1.68 1.46 0.4847 0.5032 0.0675 -0.0004 -0.013086 3.077657 
0.211 1.80 1.97 0.4752 0.4611 0.0682 -0.0004 -0.010469 3.077660 
0.212 2.25 1.86 0.4375 0.4700 0.0686 -0.0004 -0.010469 3.077652 
0.213 1.75 1.67 0.4795 0.4855 0.0690 -0.0004 -0.010469 3.077640 
0.214 1.39 1.77 0.5089 0.4770 0.0694 -0.0004 -0.010469 3.077628 
0.215 1.75 1.73 0.4792 0.4809 0.0698 -0.0004 -0.010469 3.077624 
0.216 1.75 1.85 0.4794 0.4706 0.0704 -0.0004 -0.013086 3.077631 
0.217 1.42 1.84 0.5064 0.4717 0.0710 -0.0005 -0.010469 3.077645 
0.218 1.75 1.83 0.4793 0.4728 0.0714 -0.0005 -0.010469 3.077654 
0.219 1.72 1.91 0.4820 0.4660 0.0718 -0.0005 -0.010469 3.077654 
0.220 1.71 1.46 0.4827 0.5030 0.0722 -0.0005 -0.010469 3.077646 
0.221 1.75 1.84 0.4788 0.4720 0.0728 -0.0005 -0.013086 3.077635 
0.222 1.44 1.94 0.5050 0.4633 0.0732 -0.0005 -0.013086 3.077628 
0.223 1.73 1.67 0.4809 0.4855 0.0738 -0.0005 -0.010469 3.077623 
0.224 1.82 1.80 0.4734 0.4745 0.0742 -0.0005 -0.010469 3.077620 
0.225 1.78 1.79 0.4767 0.4758 0.0746 -0.0005 -0.010469 3.077623 
0.226 1.69 1.86 0.4845 0.4703 0.0753 -0.0005 -0.013086 3.077628 
0.227 1.79 1.57 0.4754 0.4944 0.0757 -0.0005 -0.013086 3.077629 
0.228 1.76 1.76 0.4783 0.4786 0.0763 -0.0005 -0.010469 3.077623 
0.229 1.81 1.85 0.4737 0.4707 0.0767 -0.0005 -0.010469 3.077612 
0.230 1.73 1.36 0.4811 0.5114 0.0771 -0.0005 -0.010469 3.077603 
0.231 1.96 1.82 0.4618 0.4732 0.0775 -0.0005 -0.010469 3.077595 
0.232 1.53 1.77 0.4972 0.4776 0.0781 -0.0005 -0.013086 3.077588 
0.233 1.66 1.90 0.4869 0.4666 0.0785 -0.0005 -0.013086 3.077591 
0.234 1.74 1.81 0.4802 0.4740 0.0791 -0.0005 -0.010469 3.077601 
0.235 1.71 1.32 0.4822 0.5148 0.0795 -0.0005 -0.010469 3.077610 
0.236 1.46 1.90 0.5031 0.4669 0.0799 -0.0006 -0.010469 3.077608 
0.237 1.81 1.99 0.4740 0.4588 0.0805 -0.0006 -0.013086 3.077590 
0.238 1.77 1.90 0.4776 0.4665 0.0809 -0.0006 -0.013086 3.077561 
0.239 1.70 1.72 0.4829 0.4818 0.0813 -0.0006 -0.013086 3.077525 
0.240 1.73 2.08 0.4809 0.4519 0.0819 -0.0006 -0.010469 3.077499 
0.241 2.04 1.89 0.4545 0.4672 0.0824 -0.0006 -0.010469 3.077490 
0.242 1.80 1.76 0.4748 0.4786 0.0828 -0.0006 -0.010469 3.077487 
0.243 1.73 1.92 0.4812 0.4654 0.0834 -0.0006 -0.013086 3.077479 
0.244 1.98 1.40 0.4600 0.5086 0.0838 -0.0006 -0.013086 3.077465 
0.245 1.77 1.53 0.4771 0.4973 0.0844 -0.0006 -0.010469 3.077450 
0.246 1.80 1.93 0.4747 0.4640 0.0848 -0.0006 -0.010469 3.077441 
0.247 1.66 1.86 0.4863 0.4697 0.0852 -0.0006 -0.010469 3.077448 
0.248 1.71 1.86 0.4822 0.4698 0.0858 -0.0006 -0.013086 3.077468 
0.249 1.26 1.89 0.5203 0.4676 0.0862 -0.0006 -0.013086 3.077490 
0.250 1.64 1.89 0.4880 0.4672 0.0866 -0.0006 -0.013086 3.077505 
0.251 1.62 1.80 0.4897 0.4752 0.0872 -0.0006 -0.010469 3.077507 
0.252 1.74 2.04 0.4804 0.4550 0.0876 -0.0006 -0.010469 3.077498 
0.253 1.69 1.93 0.4841 0.4644 0.0882 -0.0006 -0.013086 3.077488 
0.254 1.34 1.73 0.5129 0.4810 0.0886 -0.0007 -0.013086 3.077484 
0.255 1.74 1.82 0.4802 0.4730 0.0890 -0.0007 -0.013086 3.077487 
0.256 1.93 1.78 0.4638 0.4769 0.0894 -0.0007 -0.013086 3.077494 
0.257 1.75 1.89 0.4796 0.4676 0.0899 -0.0007 -0.013086 3.077500 
0.258 1.77 1.88 0.4777 0.4684 0.0907 -0.0007 -0.013086 3.077495 
0.259 1.72 1.87 0.4820 0.4690 0.0911 -0.0007 -0.013086 3.077480 
0.260 1.69 1.93 0.4841 0.4645 0.0915 -0.0007 -0.013086 3.077465 
0.261 1.86 1.50 0.4701 0.4998 0.0919 -0.0007 -0.013086 3.077455 
0.262 1.72 1.85 0.4817 0.4704 0.0923 -0.0007 -0.013086 3.077450 
0.263 1.53 1.97 0.4976 0.4610 0.0927 -0.0007 -0.013086 3.077446 
0.264 1.77 1.68 0.4778 0.4851 0.0935 -0.0007 -0.013086 3.077445 
0.265 1.72 1.84 0.4820 0.4717 0.0939 -0.0007 -0.013086 3.077448 
0.266 1.60 1.79 0.4919 0.4754 0.0943 -0.0007 -0.013086 3.077453 
0.267 1.65 1.88 0.4872 0.4687 0.0947 -0.0007 -0.013086 3.077459 
0.268 1.74 1.58 0.4801 0.4934 0.0951 -0.0007 -0.013086 3.077465 
0.269 1.78 1.76 0.4766 0.4782 0.0959 -0.0008 -0.013086 3.077466 
0.270 1.73 1.85 0.4812 0.4706 0.0963 -0.0008 -0.013086 3.077462 
0.271 1.92 1.37 0.4647 0.5108 0.0968 -0.0008 -0.013086 3.077455 
0.272 1.71 1.82 0.4826 0.4736 0.0972 -0.0008 -0.013086 3.077451 
0.273 1.52 1.78 0.4985 0.4769 0.0976 -0.0008 -0.013086 3.077445 
0.274 1.72 1.90 0.4813 0.4669 0.0982 -0.0008 -0.015704 3.077434 
0.275 1.69 1.82 0.4838 0.4728 0.0988 -0.0008 -0.013086 3.077420 
0.276 1.45 1.32 0.5041 0.5152 0.0992 -0.0008 -0.013086 3.077410 
0.277 1.68 1.89 0.4847 0.4676 0.0996 -0.0008 -0.013086 3.077407 
0.278 1.78 1.99 0.4764 0.4589 0.1000 -0.0008 -0.013086 3.077404 
0.279 1.63 1.90 0.4893 0.4668 0.1006 -0.0008 -0.015704 3.077398 
0.280 1.68 1.75 0.4846 0.4788 0.1010 -0.0008 -0.015704 3.077396 
0.281 1.97 2.07 0.4608 0.4523 0.1016 -0.0008 -0.013086 3.077400 
0.282 1.74 1.89 0.4796 0.4672 0.1020 -0.0008 -0.013086 3.077407 
0.283 1.39 1.76 0.5092 0.4783 0.1024 -0.0008 -0.013086 3.077415 
0.284 1.71 1.91 0.4824 0.4657 0.1028 -0.0008 -0.013086 3.077420 
0.285 1.75 1.40 0.4794 0.5086 0.1034 -0.0009 -0.015704 3.077424 
0.286 1.80 1.53 0.4750 0.4972 0.1041 -0.0009 -0.013086 3.077425 
0.287 1.67 1.93 0.4854 0.4645 0.1045 -0.0009 -0.013086 3.077425 
0.288 1.40 1.86 0.5086 0.4703 0.1049 -0.0009 -0.013086 3.077424 
0.289 1.27 1.87 0.5188 0.4694 0.1055 -0.0009 -0.015704 3.077423 
0.290 1.70 1.89 0.4829 0.4679 0.1059 -0.0009 -0.015704 3.077422 
0.291 1.71 1.89 0.4822 0.4676 0.1063 -0.0009 -0.015704 3.077420 
0.292 1.82 1.83 0.4731 0.4727 0.1069 -0.0009 -0.013086 3.077422 
0.293 2.27 1.98 0.4362 0.4597 0.1073 -0.0009 -0.013086 3.077434 
0.294 1.76 1.87 0.4779 0.4694 0.1077 -0.0009 -0.013086 3.077452 
0.295 1.76 1.68 0.4781 0.4847 0.1083 -0.0009 -0.015704 3.077461 
0.296 1.94 1.75 0.4636 0.4787 0.1087 -0.0009 -0.015704 3.077452 
0.297 1.72 1.72 0.4817 0.4817 0.1091 -0.0009 -0.015704 3.077433 
0.298 1.39 1.49 0.5092 0.5012 0.1097 -0.0009 -0.013086 3.077417 
0.299 1.71 1.82 0.4826 0.4731 0.1101 -0.0009 -0.013086 3.077413 
0.300 1.65 1.83 0.4873 0.4724 0.1107 -0.0010 -0.015704 3.077417 
0.301 1.83 1.92 0.4728 0.4647 0.1112 -0.0010 -0.015704 3.077421 
0.302 1.72 1.49 0.4820 0.5010 0.1116 -0.0010 -0.015704 3.077423 
0.303 1.43 1.86 0.5060 0.4699 0.1120 -0.0010 -0.015704 3.077426 
0.304 1.71 1.90 0.4822 0.4663 0.1126 -0.0010 -0.013086 3.077429 
0.305 1.80 1.68 0.4746 0.4853 0.1130 -0.0010 -0.013086 3.077425 
0.306 1.65 1.84 0.4876 0.4714 0.1136 -0.0010 -0.015704 3.077416 
0.307 1.70 1.80 0.4829 0.4748 0.1140 -0.0010 -0.015704 3.077414 
0.308 1.79 1.88 0.4754 0.4684 0.1144 -0.0010 -0.015704 3.077417 
0.309 1.76 1.58 0.4780 0.4932 0.1148 -0.0010 -0.015704 3.077418 
0.310 1.81 1.76 0.4739 0.4779 0.1154 -0.0010 -0.013086 3.077420 
0.311 1.92 1.86 0.4651 0.4702 0.1160 -0.0010 -0.015704 3.077418 
0.312 1.75 1.37 0.4795 0.5111 0.1164 -0.0010 -0.015704 3.077405 
0.313 1.53 1.82 0.4973 0.4732 0.1168 -0.0010 -0.015704 3.077390 
0.314 1.65 1.77 0.4872 0.4776 0.1172 -0.0011 -0.015704 3.077381 
0.315 1.74 1.77 0.4803 0.4775 0.1178 -0.0011 -0.013086 3.077379 
0.316 1.47 1.83 0.5028 0.4726 0.1185 -0.0011 -0.015704 3.077380 
0.317 1.69 1.32 0.4838 0.5147 0.1189 -0.0011 -0.015704 3.077384 
0.318 1.80 1.91 0.4748 0.4660 0.1193 -0.0011 -0.015704 3.077389 
0.319 1.75 1.99 0.4791 0.4589 0.1197 -0.0011 -0.015704 3.077390 
0.320 1.63 1.92 0.4894 0.4654 0.1201 -0.0011 -0.015704 3.077387 
0.321 1.70 1.94 0.4836 0.4630 0.1207 -0.0011 -0.013086 3.077387 
0.322 1.72 2.08 0.4813 0.4516 0.1213 -0.0011 -0.015704 3.077389 
0.323 1.41 1.89 0.5077 0.4672 0.1217 -0.0011 -0.015704 3.077391 
0.324 1.72 1.75 0.4813 0.4795 0.1221 -0.0011 -0.015704 3.077389 
0.325 1.96 1.91 0.4615 0.4662 0.1225 -0.0011 -0.015704 3.077387 
0.326 1.79 1.38 0.4758 0.5103 0.1229 -0.0011 -0.015704 3.077385 
0.327 1.69 1.53 0.4843 0.4976 0.1237 -0.0012 -0.015704 3.077382 
0.328 1.42 1.91 0.5068 0.4659 0.1241 -0.0012 -0.015704 3.077382 
0.329 1.74 1.85 0.4802 0.4705 0.1245 -0.0012 -0.015704 3.077382 
0.330 1.30 1.85 0.5166 0.4704 0.1249 -0.0012 -0.015704 3.077380 
0.331 1.72 1.88 0.4813 0.4685 0.1253 -0.0012 -0.015704 3.077375 
0.332 1.80 1.89 0.4750 0.4676 0.1260 -0.0012 -0.018321 3.077369 
0.333 2.24 1.82 0.4383 0.4735 0.1266 -0.0012 -0.015704 3.077368 
0.334 1.75 1.98 0.4794 0.4597 0.1270 -0.0012 -0.015704 3.077368 
0.335 1.38 1.86 0.5098 0.4698 0.1274 -0.0012 -0.015704 3.077368 
0.336 1.74 1.67 0.4800 0.4862 0.1278 -0.0012 -0.015704 3.077368 
0.337 1.92 1.77 0.4647 0.4776 0.1282 -0.0012 -0.015704 3.077370 
0.338 1.43 1.74 0.5062 0.4798 0.1288 -0.0012 -0.018321 3.077374 
0.339 1.76 1.55 0.4778 0.4955 0.1294 -0.0012 -0.015704 3.077376 
0.340 1.67 1.90 0.4859 0.4666 0.1298 -0.0013 -0.015704 3.077378 
0.341 1.69 1.89 0.4844 0.4672 0.1302 -0.0013 -0.015704 3.077386 
0.342 1.86 1.97 0.4702 0.4605 0.1306 -0.0013 -0.015704 3.077393 
0.343 1.42 1.54 0.5066 0.4966 0.1312 -0.0013 -0.018321 3.077396 
0.344 1.72 1.90 0.4820 0.4666 0.1316 -0.0013 -0.018321 3.077398 
0.345 1.79 1.93 0.4761 0.4640 0.1322 -0.0013 -0.015704 3.077394 
0.346 1.72 1.71 0.4815 0.4826 0.1326 -0.0013 -0.015704 3.077384 
0.347 1.62 1.87 0.4901 0.4693 0.1331 -0.0013 -0.015704 3.077373 
0.348 1.76 1.82 0.4784 0.4732 0.1337 -0.0013 -0.018321 3.077368 
0.349 1.73 1.90 0.4807 0.4667 0.1341 -0.0013 -0.018321 3.077369 
0.350 1.79 1.60 0.4760 0.4917 0.1345 -0.0013 -0.018321 3.077379 
0.351 1.72 1.79 0.4820 0.4760 0.1351 -0.0013 -0.015704 3.077388 
0.352 1.93 1.84 0.4644 0.4712 0.1355 -0.0013 -0.015704 3.077387 
0.353 1.72 1.38 0.4813 0.5103 0.1361 -0.0014 -0.018321 3.077379 
0.354 1.65 1.83 0.4878 0.4725 0.1365 -0.0014 -0.018321 3.077371 
0.355 1.72 1.78 0.4816 0.4766 0.1369 -0.0014 -0.018321 3.077368 
0.356 1.69 1.77 0.4844 0.4771 0.1375 -0.0014 -0.015704 3.077375 
0.357 1.44 1.83 0.5053 0.4724 0.1379 -0.0014 -0.015704 3.077387 
0.358 1.76 1.33 0.4778 0.5143 0.1385 -0.0014 -0.018321 3.077397 
0.359 1.70 1.91 0.4830 0.4659 0.1389 -0.0014 -0.018321 3.077399 
0.360 1.61 2.00 0.4906 0.4584 0.1393 -0.0014 -0.018321 3.077397 
0.361 1.66 1.91 0.4865 0.4661 0.1397 -0.0014 -0.018321 3.077393 
0.362 1.97 1.98 0.4612 0.4602 0.1404 -0.0014 -0.015704 3.077392 
0.363 1.71 2.08 0.4828 0.4514 0.1410 -0.0014 -0.018321 3.077395 
0.364 1.70 1.89 0.4830 0.4678 0.1414 -0.0015 -0.018321 3.077400 
0.365 1.93 1.74 0.4643 0.4800 0.1418 -0.0015 -0.018321 3.077403 
0.366 1.73 1.90 0.4807 0.4671 0.1422 -0.0015 -0.018321 3.077400 
0.367 1.77 1.37 0.4778 0.5107 0.1426 -0.0015 -0.018321 3.077391 
0.368 1.63 1.52 0.4889 0.4984 0.1432 -0.0015 -0.015704 3.077382 
0.369 1.63 1.91 0.4889 0.4662 0.1438 -0.0015 -0.018321 3.077380 
0.370 1.23 1.84 0.5228 0.4718 0.1442 -0.0015 -0.018321 3.077383 
0.371 1.64 1.85 0.4881 0.4706 0.1446 -0.0015 -0.018321 3.077386 
0.372 1.62 1.86 0.4895 0.4699 0.1450 -0.0015 -0.018321 3.077387 
0.373 1.73 1.87 0.4806 0.4688 0.1454 -0.0015 -0.018321 3.077384 
0.374 1.70 1.80 0.4837 0.4747 0.1462 -0.0015 -0.018321 3.077377 
0.375 1.36 1.96 0.5113 0.4615 0.1466 -0.0015 -0.018321 3.077373 
0.376 1.72 1.84 0.4819 0.4715 0.1470 -0.0016 -0.018321 3.077378 
0.377 1.94 1.65 0.4636 0.4875 0.1475 -0.0016 -0.018321 3.077386 
0.378 1.76 1.75 0.4781 0.4789 0.1479 -0.0016 -0.018321 3.077395 
0.379 1.78 1.82 0.4763 0.4733 0.1487 -0.0016 -0.018321 3.077402 
0.380 1.70 1.46 0.4837 0.5031 0.1491 -0.0016 -0.018321 3.077408 
0.381 1.69 1.83 0.4838 0.4725 0.1495 -0.0016 -0.018321 3.077412 
0.382 1.86 1.79 0.4701 0.4760 0.1499 -0.0016 -0.018321 3.077412 
0.383 1.73 1.91 0.4809 0.4661 0.1503 -0.0016 -0.018321 3.077412 
0.384 1.68 1.47 0.4848 0.5021 0.1509 -0.0016 -0.020938 3.077414 
0.385 1.77 1.94 0.4778 0.4632 0.1515 -0.0016 -0.018321 3.077422 
0.386 1.71 1.88 0.4823 0.4682 0.1519 -0.0016 -0.018321 3.077430 
0.387 1.58 1.66 0.4931 0.4868 0.1523 -0.0017 -0.018321 3.077435 
0.388 1.64 1.84 0.4884 0.4714 0.1527 -0.0017 -0.018321 3.077437 
0.389 1.70 1.82 0.4832 0.4734 0.1533 -0.0017 -0.020938 3.077436 
0.390 1.76 1.90 0.4786 0.4669 0.1537 -0.0017 -0.020938 3.077438 
0.391 1.69 1.80 0.4839 0.4750 0.1544 -0.0017 -0.018321 3.077448 
0.392 1.90 1.80 0.4668 0.4746 0.1548 -0.0017 -0.018321 3.077461 
0.393 1.72 1.90 0.4819 0.4663 0.1552 -0.0017 -0.018321 3.077465 
0.394 1.51 1.40 0.4987 0.5084 0.1558 -0.0017 -0.020938 3.077461 
0.395 1.71 1.85 0.4824 0.4711 0.1562 -0.0017 -0.020938 3.077456 
0.396 1.67 1.86 0.4855 0.4701 0.1568 -0.0017 -0.018321 3.077452 
0.397 1.44 1.78 0.5051 0.4769 0.1572 -0.0017 -0.018321 3.077445 
0.398 1.67 1.83 0.4859 0.4725 0.1576 -0.0018 -0.018321 3.077433 
0.399 1.76 1.32 0.4782 0.5152 0.1582 -0.0018 -0.020938 3.077421 
0.400 1.61 1.90 0.4910 0.4665 0.1586 -0.0018 -0.020938 3.077412 
0.401 1.67 1.99 0.4856 0.4593 0.1590 -0.0018 -0.020938 3.077405 
0.402 -5.53 -5.94 0.4606 0.4952 0.1596 -0.0018 -0.018321 3.077403 
0.403 -5.79 -5.51 0.4825 0.4597 0.1600 -0.0018 -0.018321 3.077402 
0.404 -5.99 -5.14 0.4994 0.4286 0.1604 -0.0018 -0.018321 3.077400 
0.405 -5.24 -4.80 0.4369 0.3997 0.1608 -0.0018 -0.018321 3.077401 
0.406 -4.30 -4.37 0.3585 0.3642 0.1612 -0.0018 -0.018321 3.077404 
0.407 -3.55 -4.37 0.2957 0.3642 0.1614 -0.0018 -0.020938 3.077405 
0.408 -3.55 -3.63 0.2957 0.3026 0.1617 -0.0018 -0.018321 3.077382 
0.409 -2.49 -3.09 0.2077 0.2574 0.1621 -0.0018 -0.018321 3.077355 
0.410 -2.49 -3.09 0.2077 0.2574 0.1621 -0.0018 -0.018321 3.077367 
0.411 -2.03 -2.23 0.1689 0.1858 0.1621 -0.0018 -0.018321 3.077387 
0.412 -1.43 -1.67 0.1193 0.1391 0.1623 -0.0018 -0.015704 3.077396 
0.413 -1.34 -1.67 0.1115 0.1391 0.1625 -0.0018 -0.018321 3.077396 
0.414 -1.34 -1.67 0.1115 0.1391 0.1625 -0.0018 -0.018321 3.077368 
0.415 -1.34 -1.49 0.1115 0.1244 0.1625 -0.0018 -0.018321 3.077336 
0.416 -1.29 -1.14 0.1078 0.0951 0.1625 -0.0018 -0.018321 3.077327 
0.417 -1.02 -0.92 0.0852 0.0771 0.1625 -0.0018 -0.018321 3.077354 
0.418 -0.84 -0.78 0.0704 0.0648 0.1625 -0.0018 -0.018321 3.077400 
0.419 -0.72 -0.67 0.0600 0.0559 0.1625 -0.0018 -0.018321 3.077436 
0.420 0.63 0.62 -0.0523 -0.0513 0.1621 -0.0018 -0.018321 3.077443 
0.421 0.63 0.62 -0.0523 -0.0513 0.1621 -0.0018 -0.018321 3.077432 
0.422 0.63 0.62 -0.0523 -0.0513 0.1621 -0.0018 -0.018321 3.077413 
0.423 0.63 0.62 -0.0523 -0.0513 0.1621 -0.0018 -0.018321 3.077383 
0.424 0.63 0.62 -0.0523 -0.0513 0.1621 -0.0018 -0.018321 3.077363 
0.425 0.63 0.62 -0.0523 -0.0513 0.1621 -0.0018 -0.018321 3.077368 
0.426 0.63 0.62 -0.0523 -0.0513 0.1621 -0.0018 -0.018321 3.077384 
0.427 0.63 0.62 -0.0523 -0.0513 0.1621 -0.0018 -0.018321 3.077393 
0.428 0.61 0.58 -0.0507 -0.0485 0.1621 -0.0018 -0.018321 3.077391 
0.429 0.54 0.52 -0.0451 -0.0433 0.1621 -0.0018 -0.018321 3.077386 
0.430 0.49 0.47 -0.0406 -0.0391 0.1621 -0.0018 -0.018321 3.077388 
0.431 0.44 0.43 -0.0369 -0.0357 0.1621 -0.0018 -0.018321 3.077389 
0.432 0.41 0.39 -0.0338 -0.0328 0.1621 -0.0018 -0.018321 3.077389 
0.433 0.37 0.36 -0.0312 -0.0304 0.1621 -0.0018 -0.018321 3.077392 
0.434 0.35 0.34 -0.0290 -0.0282 0.1621 -0.0018 -0.018321 3.077391 
0.435 0.32 0.32 -0.0271 -0.0264 0.1621 -0.0018 -0.018321 3.077383 
0.436 0.30 0.30 -0.0254 -0.0248 0.1621 -0.0018 -0.018321 3.077367 
0.437 0.29 0.28 -0.0239 -0.0234 0.1621 -0.0018 -0.018321 3.077351 
0.438 0.27 0.27 -0.0225 -0.0221 0.1621 -0.0018 -0.018321 3.077342 
0.439 0.26 0.25 -0.0214 -0.0210 0.1621 -0.0018 -0.018321 3.077339 
0.440 0.24 0.24 -0.0203 -0.0199 0.1621 -0.0018 -0.018321 3.077338 
0.441 0.23 0.23 -0.0193 -0.0190 0.1621 -0.0018 -0.018321 3.077338 
0.442 0.22 0.22 -0.0184 -0.0181 0.1621 -0.0018 -0.018321 3.077336 
0.443 0.21 0.21 -0.0176 -0.0174 0.1621 -0.0018 -0.018321 3.077325 
0.444 0.20 0.20 -0.0169 -0.0167 0.1621 -0.0018 -0.018321 3.077313 
0.445 0.19 0.19 -0.0162 -0.0160 0.1621 -0.0018 -0.018321 3.077303 
0.446 0.19 0.18 -0.0156 -0.0154 0.1621 -0.0018 -0.018321 3.077288 
0.447 0.18 0.18 -0.0150 -0.0148 0.1621 -0.0018 -0.018321 3.077280 
0.448 0.17 0.17 -0.0145 -0.0143 0.1621 -0.0018 -0.018321 3.077283 
0.449 0.17 0.17 -0.0140 -0.0138 0.1621 -0.0018 -0.018321 3.077290 
0.450 0.16 0.16 -0.0135 -0.0134 0.1621 -0.0018 -0.018321 3.077288 
0.451 0.16 0.15 -0.0131 -0.0129 0.1621 -0.0018 -0.018321 3.077274 
0.452 0.15 0.15 -0.0127 -0.0125 0.1621 -0.0018 -0.018321 3.077255 
0.453 0.15 0.14 -0.0123 -0.0122 0.1621 -0.0018 -0.018321 3.077251 
0.454 0.14 0.14 -0.0119 -0.0118 0.1621 -0.0018 -0.018321 3.077267 
0.455 0.14 0.14 -0.0116 -0.0115 0.1621 -0.0018 -0.018321 3.077291 
0.456 0.14 0.13 -0.0113 -0.0112 0.1621 -0.0018 -0.018321 3.077313 
0.457 0.13 0.13 -0.0110 -0.0109 0.1621 -0.0018 -0.018321 3.077321 
0.458 0.13 0.13 -0.0107 -0.0106 0.1621 -0.0018 -0.018321 3.077316 
0.459 0.12 0.12 -0.0104 -0.0103 0.1621 -0.0018 -0.018321 3.077303 
0.460 0.12 0.12 -0.0101 -0.0101 0.1621 -0.0018 -0.018321 3.077290 
0.461 0.12 0.12 -0.0099 -0.0098 0.1621 -0.0018 -0.018321 3.077285 
0.462 0.12 0.11 -0.0097 -0.0096 0.1621 -0.0018 -0.018321 3.077286 
0.463 0.11 0.11 -0.0094 -0.0094 0.1621 -0.0018 -0.018321 3.077293 
0.464 0.11 0.11 -0.0092 -0.0091 0.1621 -0.0018 -0.018321 3.077299 
0.465 0.11 0.11 -0.0090 -0.0089 0.1621 -0.0018 -0.018321 3.077294 
0.466 0.10 0.10 -0.0088 -0.0088 0.1621 -0.0018 -0.018321 3.077283 
0.467 0.10 0.10 -0.0086 -0.0086 0.1621 -0.0018 -0.018321 3.077271 
0.468 0.10 0.10 -0.0085 -0.0084 0.1621 -0.0018 -0.018321 3.077266 
0.469 0.10 0.10 -0.0083 -0.0082 0.1621 -0.0018 -0.018321 3.077271 
0.470 0.10 0.10 -0.0081 -0.0081 0.1621 -0.0018 -0.018321 3.077276 
0.471 0.10 0.09 -0.0080 -0.0079 0.1621 -0.0018 -0.018321 3.077278 
0.472 0.09 0.09 -0.0078 -0.0077 0.1621 -0.0018 -0.018321 3.077274 
0.473 0.09 0.09 -0.0077 -0.0076 0.1621 -0.0018 -0.018321 3.077270 
0.474 0.09 0.09 -0.0075 -0.0075 0.1621 -0.0018 -0.018321 3.077268 
0.475 0.09 0.09 -0.0074 -0.0073 0.1621 -0.0018 -0.018321 3.077265 
0.476 0.09 0.09 -0.0072 -0.0072 0.1621 -0.0018 -0.018321 3.077260 
0.477 0.09 0.08 -0.0071 -0.0071 0.1621 -0.0018 -0.018321 3.077253 
0.478 0.08 0.08 -0.0070 -0.0070 0.1621 -0.0018 -0.018321 3.077250 
0.479 0.08 0.08 -0.0069 -0.0068 0.1621 -0.0018 -0.018321 3.077256 
0.480 0.08 0.08 -0.0068 -0.0067 0.1621 -0.0018 -0.018321 3.077252 
0.481 0.08 0.08 -0.0067 -0.0066 0.1621 -0.0018 -0.018321 3.077245 
0.482 0.08 0.08 -0.0065 -0.0065 0.1621 -0.0018 -0.018321 3.077240 
0.483 0.08 0.08 -0.0064 -0.0064 0.1621 -0.0018 -0.018321 3.077227 
0.484 0.08 0.07 -0.0063 -0.0063 0.1621 -0.0018 -0.018321 3.077220 
0.485 0.07 0.07 -0.0062 -0.0062 0.1621 -0.0018 -0.018321 3.077225 
0.486 0.07 0.07 -0.0061 -0.0061 0.1621 -0.0018 -0.018321 3.077236 
0.487 0.07 0.07 -0.0061 -0.0060 0.1621 -0.0018 -0.018321 3.077240 
0.488 0.07 0.07 -0.0060 -0.0059 0.1621 -0.0018 -0.018321 3.077236 
0.489 0.07 0.07 -0.0059 -0.0058 0.1621 -0.0018 -0.018321 3.077232 
0.490 0.07 0.07 -0.0058 -0.0058 0.1621 -0.0018 -0.018321 3.077227 
0.491 0.07 0.07 -0.0057 -0.0057 0.1621 -0.0018 -0.018321 3.077229 
0.492 0.07 0.07 -0.0056 -0.0056 0.1621 -0.0018 -0.018321 3.077239 
0.493 0.07 0.07 -0.0056 -0.0055 0.1621 -0.0018 -0.018321 3.077255 
0.494 0.07 0.07 -0.0055 -0.0055 0.1621 -0.0018 -0.018321 3.077266 
0.495 0.06 0.06 -0.0054 -0.0054 0.1621 -0.0018 -0.018321 3.077264 
0.496 0.06 0.06 -0.0053 -0.0053 0.1621 -0.0018 -0.018321 3.077253 
0.497 0.06 0.06 -0.0053 -0.0052 0.1621 -0.0018 -0.018321 3.077242 
0.498 0.06 0.06 -0.0052 -0.0052 0.1621 -0.0018 -0.018321 3.077232 
0.499 0.06 0.06 -0.0051 -0.0051 0.1621 -0.0018 -0.018321 3.077229 
0.500 0.06 0.06 -0.0051 -0.0050 0.1621 -0.0018 -0.018321 3.077233 
0.501 0.06 0.06 -0.0050 -0.0050 0.1621 -0.0018 -0.018321 3.077237 
0.502 0.06 0.06 -0.0049 -0.0049 0.1621 -0.0018 -0.018321 3.077234 
0.503 0.06 0.06 -0.0049 -0.0049 0.1621 -0.0018 -0.018321 3.077228 
0.504 0.06 0.06 -0.0048 -0.0048 0.1621 -0.0018 -0.018321 3.077227 
0.505 0.06 0.06 -0.0048 -0.0048 0.1621 -0.0018 -0.018321 3.077231 
0.506 0.06 0.06 -0.0047 -0.0047 0.1621 -0.0018 -0.018321 3.077238 
0.507 0.06 0.06 -0.0047 -0.0046 0.1621 -0.0018 -0.018321 3.077244 
0.508 0.06 0.06 -0.0046 -0.0046 0.1621 -0.0018 -0.018321 3.077247 
0.509 0.05 0.05 -0.0046 -0.0045 0.1621 -0.0018 -0.018321 3.077250 
0.510 0.05 0.05 -0.0045 -0.0045 0.1621 -0.0018 -0.018321 3.077248 
0.511 0.05 0.05 -0.0045 -0.0044 0.1621 -0.0018 -0.018321 3.077244 
0.512 0.05 0.05 -0.0044 -0.0044 0.1621 -0.0018 -0.018321 3.077242 
0.513 0.05 0.05 -0.0044 -0.0043 0.1621 -0.0018 -0.018321 3.077243 
0.514 0.05 0.05 -0.0043 -0.0043 0.1621 -0.0018 -0.018321 3.077245 
0.515 0.05 0.05 -0.0043 -0.0043 0.1621 -0.0018 -0.018321 3.077245 
0.516 0.05 0.05 -0.0042 -0.0042 0.1621 -0.0018 -0.018321 3.077242 
0.517 0.05 0.05 -0.0042 -0.0042 0.1621 -0.0018 -0.018321 3.077241 
0.518 0.05 0.05 -0.0041 -0.0041 0.1621 -0.0018 -0.018321 3.077239 
0.519 0.05 0.05 -0.0041 -0.0041 0.1621 -0.0018 -0.018321 3.077238 
0.520 0.05 0.05 -0.0041 -0.0040 0.1621 -0.0018 -0.018321 3.077240 
0.521 0.05 0.05 -0.0040 -0.0040 0.1621 -0.0018 -0.018321 3.077240 
0.522 0.05 0.05 -0.0040 -0.0040 0.1621 -0.0018 -0.018321 3.077239 
0.523 0.05 0.05 -0.0039 -0.0039 0.1621 -0.0018 -0.018321 3.077237 
0.524 0.05 0.05 -0.0039 -0.0039 0.1621 -0.0018 -0.018321 3.077235 
0.525 0.05 0.05 -0.0039 -0.0039 0.1621 -0.0018 -0.018321 3.077235 
0.526 0.04 0.04 -0.0038 -0.0038 0.1621 -0.0018 -0.018321 3.077235 
0.527 0.04 0.04 -0.0038 -0.0038 0.1621 -0.0018 -0.018321 3.077235 
0.528 0.04 0.04 -0.0038 -0.0037 0.1621 -0.0018 -0.018321 3.077233 
0.529 0.04 0.04 -0.0037 -0.0037 0.1621 -0.0018 -0.018321 3.077231 
0.530 0.04 0.04 -0.0037 -0.0037 0.1621 -0.0018 -0.018321 3.077229 
0.531 0.04 0.04 -0.0037 -0.0036 0.1621 -0.0018 -0.018321 3.077226 
0.532 0.04 0.04 -0.0036 -0.0036 0.1621 -0.0018 -0.018321 3.077222 
0.533 0.04 0.04 -0.0036 -0.0036 0.1621 -0.0018 -0.018321 3.077222 
0.534 0.04 0.04 -0.0036 -0.0035 0.1621 -0.0018 -0.018321 3.077224 
0.535 0.04 0.04 -0.0035 -0.0035 0.1621 -0.0018 -0.018321 3.077225 
0.536 0.04 0.04 -0.0035 -0.0035 0.1621 -0.0018 -0.018321 3.077223 
0.537 0.04 0.04 -0.0035 -0.0035 0.1621 -0.0018 -0.018321 3.077220 
0.538 0.04 0.04 -0.0034 -0.0034 0.1621 -0.0018 -0.018321 3.077220 
0.539 0.04 0.04 -0.0034 -0.0034 0.1621 -0.0018 -0.018321 3.077221 
0.540 0.04 0.04 -0.0034 -0.0034 0.1621 -0.0018 -0.018321 3.077223 
0.541 0.04 0.04 -0.0034 -0.0033 0.1621 -0.0018 -0.018321 3.077224 
0.542 0.04 0.04 -0.0033 -0.0033 0.1621 -0.0018 -0.018321 3.077228 
0.543 0.04 0.04 -0.0033 -0.0033 0.1621 -0.0018 -0.018321 3.077233 
0.544 0.04 0.04 -0.0033 -0.0033 0.1621 -0.0018 -0.018321 3.077236 
0.545 0.04 0.04 -0.0032 -0.0032 0.1621 -0.0018 -0.018321 3.077237 
0.546 0.04 0.04 -0.0032 -0.0032 0.1621 -0.0018 -0.018321 3.077234 
0.547 0.04 0.04 -0.0032 -0.0032 0.1621 -0.0018 -0.018321 3.077229 
0.548 0.04 0.04 -0.0032 -0.0032 0.1621 -0.0018 -0.018321 3.077224 
0.549 0.04 0.04 -0.0031 -0.0031 0.1621 -0.0018 -0.018321 3.077221 
0.550 0.04 0.04 -0.0031 -0.0031 0.1621 -0.0018 -0.018321 3.077219 
0.551 0.04 0.04 -0.0031 -0.0031 0.1621 -0.0018 -0.018321 3.077219 
0.552 0.04 0.04 -0.0031 -0.0031 0.1621 -0.0018 -0.018321 3.077219 
0.553 0.04 0.04 -0.0031 -0.0030 0.1621 -0.0018 -0.018321 3.077219 
0.554 0.04 0.04 -0.0030 -0.0030 0.1621 -0.0018 -0.018321 3.077220 
0.555 0.04 0.04 -0.0030 -0.0030 0.1621 -0.0018 -0.018321 3.077220 
0.556 0.04 0.04 -0.0030 -0.0030 0.1621 -0.0018 -0.018321 3.077221 
0.557 0.04 0.04 -0.0030 -0.0030 0.1621 -0.0018 -0.018321 3.077222 
0.558 0.04 0.04 -0.0029 -0.0029 0.1621 -0.0018 -0.018321 3.077223 
0.559 0.04 0.03 -0.0029 -0.0029 0.1621 -0.0018 -0.018321 3.077225 
0.560 0.03 0.03 -0.0029 -0.0029 0.1621 -0.0018 -0.018321 3.077226 
0.561 0.03 0.03 -0.0029 -0.0029 0.1621 -0.0018 -0.018321 3.077224 
0.562 0.03 0.03 -0.0029 -0.0028 0.1621 -0.0018 -0.018321 3.077221 
0.563 0.03 0.03 -0.0028 -0.0028 0.1621 -0.0018 -0.018321 3.077218 
0.564 0.03 0.03 -0.0028 -0.0028 0.1621 -0.0018 -0.018321 3.077214 
0.565 0.03 0.03 -0.0028 -0.0028 0.1621 -0.0018 -0.018321 3.077209 
0.566 0.03 0.03 -0.0028 -0.0028 0.1621 -0.0018 -0.018321 3.077206 
0.567 0.03 0.03 -0.0028 -0.0028 0.1621 -0.0018 -0.018321 3.077201 
0.568 0.03 0.03 -0.0027 -0.0027 0.1621 -0.0018 -0.018321 3.077197 
0.569 0.03 0.03 -0.0027 -0.0027 0.1621 -0.0018 -0.018321 3.077192 
0.570 0.03 0.03 -0.0027 -0.0027 0.1621 -0.0018 -0.018321 3.077188 
0.571 0.03 0.03 -0.0027 -0.0027 0.1621 -0.0018 -0.018321 3.077188 
0.572 0.03 0.03 -0.0027 -0.0027 0.1621 -0.0018 -0.018321 3.077192 
0.573 0.03 0.03 -0.0027 -0.0026 0.1621 -0.0018 -0.018321 3.077195 
0.574 0.03 0.03 -0.0026 -0.0026 0.1621 -0.0018 -0.018321 3.077196 
0.575 0.03 0.03 -0.0026 -0.0026 0.1621 -0.0018 -0.018321 3.077195 
0.576 0.03 0.03 -0.0026 -0.0026 0.1621 -0.0018 -0.018321 3.077194 
0.577 0.03 0.03 -0.0026 -0.0026 0.1621 -0.0018 -0.018321 3.077196 
0.578 0.03 0.03 -0.0026 -0.0026 0.1621 -0.0018 -0.018321 3.077199 
0.579 0.03 0.03 -0.0026 -0.0025 0.1621 -0.0018 -0.018321 3.077201 
0.580 0.03 0.03 -0.0025 -0.0025 0.1621 -0.0018 -0.018321 3.077205 
0.581 0.03 0.03 -0.0025 -0.0025 0.1621 -0.0018 -0.018321 3.077212 
0.582 0.03 0.03 -0.0025 -0.0025 0.1621 -0.0018 -0.018321 3.077216 
0.583 0.03 0.03 -0.0025 -0.0025 0.1621 -0.0018 -0.018321 3.077216 
0.584 0.03 0.03 -0.0025 -0.0025 0.1621 -0.0018 -0.018321 3.077217 
0.585 0.03 0.03 -0.0025 -0.0025 0.1621 -0.0018 -0.018321 3.077219 
0.586 0.03 0.03 -0.0024 -0.0024 0.1621 -0.0018 -0.018321 3.077218 
0.587 0.03 0.03 -0.0024 -0.0024 0.1621 -0.0018 -0.018321 3.077218 
0.588 0.03 0.03 -0.0024 -0.0024 0.1621 -0.0018 -0.018321 3.077222 
0.589 0.03 0.03 -0.0024 -0.0024 0.1621 -0.0018 -0.018321 3.077226 
0.590 0.03 0.03 -0.0024 -0.0024 0.1621 -0.0018 -0.018321 3.077224 
0.591 0.03 0.03 -0.0024 -0.0024 0.1621 -0.0018 -0.018321 3.077216 
0.592 0.03 0.03 -0.0024 -0.0024 0.1621 -0.0018 -0.018321 3.077211 
0.593 0.03 0.03 -0.0023 -0.0023 0.1621 -0.0018 -0.018321 3.077208 
0.594 0.03 0.03 -0.0023 -0.0023 0.1621 -0.0018 -0.018321 3.077203 
0.595 0.03 0.03 -0.0023 -0.0023 0.1621 -0.0018 -0.018321 3.077197 
0.596 0.03 0.03 -0.0023 -0.0023 0.1621 -0.0018 -0.018321 3.077191 
0.597 0.03 0.03 -0.0023 -0.0023 0.1621 -0.0018 -0.018321 3.077185 
0.598 0.03 0.03 -0.0023 -0.0023 0.1621 -0.0018 -0.018321 3.077181 
0.599 0.03 0.03 -0.0023 -0.0023 0.1621 -0.0018 -0.018321 3.077182 
0.600 0.03 0.03 -0.0023 -0.0022 0.1621 -0.0018 -0.018321 3.077185 
0.601 0.03 0.03 -0.0022 -0.0022 0.1621 -0.0018 -0.018321 3.077185 
0.602 0.03 0.03 -0.0022 -0.0022 0.1621 -0.0018 -0.018321 3.077184 
0.603 0.03 0.03 -0.0022 -0.0022 0.1621 -0.0018 -0.018321 3.077183 
0.604 0.03 0.03 -0.0022 -0.0022 0.1621 -0.0018 -0.018321 3.077180 
0.605 0.03 0.03 -0.0022 -0.0022 0.1621 -0.0018 -0.018321 3.077175 
0.606 0.03 0.03 -0.0022 -0.0022 0.1621 -0.0018 -0.018321 3.077170 
0.607 0.03 0.03 -0.0022 -0.0022 0.1621 -0.0018 -0.018321 3.077166 
0.608 0.03 0.03 -0.0022 -0.0022 0.1621 -0.0018 -0.018321 3.077163 
0.609 0.03 0.03 -0.0021 -0.0021 0.1621 -0.0018 -0.018321 3.077163 
0.610 0.03 0.03 -0.0021 -0.0021 0.1621 -0.0018 -0.018321 3.077161 
0.611 0.03 0.03 -0.0021 -0.0021 0.1621 -0.0018 -0.018321 3.077159 
0.612 0.03 0.03 -0.0021 -0.0021 0.1621 -0.0018 -0.018321 3.077160 
0.613 0.03 0.03 -0.0021 -0.0021 0.1621 -0.0018 -0.018321 3.077162 
0.614 0.03 0.03 -0.0021 -0.0021 0.1621 -0.0018 -0.018321 3.077159 
0.615 0.02 0.02 -0.0021 -0.0021 0.1621 -0.0018 -0.018321 3.077151 
0.616 0.02 0.02 -0.0021 -0.0021 0.1621 -0.0018 -0.018321 3.077141 
0.617 0.02 0.02 -0.0021 -0.0021 0.1621 -0.0018 -0.018321 3.077132 
0.618 0.02 0.02 -0.0020 -0.0020 0.1621 -0.0018 -0.018321 3.077126 
0.619 0.02 0.02 -0.0020 -0.0020 0.1621 -0.0018 -0.018321 3.077127 
0.620 0.02 0.02 -0.0020 -0.0020 0.1621 -0.0018 -0.018321 3.077133 
0.621 0.02 0.02 -0.0020 -0.0020 0.1621 -0.0018 -0.018321 3.077136 
0.622 0.02 0.02 -0.0020 -0.0020 0.1621 -0.0018 -0.018321 3.077133 
0.623 0.02 0.02 -0.0020 -0.0020 0.1621 -0.0018 -0.018321 3.077128 
0.624 0.02 0.02 -0.0020 -0.0020 0.1621 -0.0018 -0.018321 3.077125 
0.625 0.02 0.02 -0.0020 -0.0020 0.1621 -0.0018 -0.018321 3.077125 
0.626 0.02 0.02 -0.0020 -0.0020 0.1621 -0.0018 -0.018321 3.077122 
0.627 0.02 0.02 -0.0020 -0.0020 0.1621 -0.0018 -0.018321 3.077115 
0.628 0.02 0.02 -0.0020 -0.0019 0.1621 -0.0018 -0.018321 3.077112 
0.629 0.02 0.02 -0.0019 -0.0019 0.1621 -0.0018 -0.018321 3.077114 
0.630 0.02 0.02 -0.0019 -0.0019 0.1621 -0.0018 -0.018321 3.077118 
0.631 0.02 0.02 -0.0019 -0.0019 0.1621 -0.0018 -0.018321 3.077123 
0.632 0.02 0.02 -0.0019 -0.0019 0.1621 -0.0018 -0.018321 3.077127 
0.633 0.02 0.02 -0.0019 -0.0019 0.1621 -0.0018 -0.018321 3.077130 
0.634 0.02 0.02 -0.0019 -0.0019 0.1621 -0.0018 -0.018321 3.077133 
0.635 0.02 0.02 -0.0019 -0.0019 0.1621 -0.0018 -0.018321 3.077135 
0.636 0.02 0.02 -0.0019 -0.0019 0.1621 -0.0018 -0.018321 3.077133 
0.637 0.02 0.02 -0.0019 -0.0019 0.1621 -0.0018 -0.018321 3.077131 
0.638 0.02 0.02 -0.0019 -0.0019 0.1621 -0.0018 -0.018321 3.077128 
0.639 0.02 0.02 -0.0019 -0.0018 0.1621 -0.0018 -0.018321 3.077129 
0.640 0.02 0.02 -0.0018 -0.0018 0.1621 -0.0018 -0.018321 3.077133 
0.641 0.02 0.02 -0.0018 -0.0018 0.1621 -0.0018 -0.018321 3.077136 
0.642 0.02 0.02 -0.0018 -0.0018 0.1621 -0.0018 -0.018321 3.077137 
0.643 0.02 0.02 -0.0018 -0.0018 0.1621 -0.0018 -0.018321 3.077139 
0.644 0.02 0.02 -0.0018 -0.0018 0.1621 -0.0018 -0.018321 3.077141 
0.645 0.02 0.02 -0.0018 -0.0018 0.1621 -0.0018 -0.018321 3.077142 
0.646 0.02 0.02 -0.0018 -0.0018 0.1621 -0.0018 -0.018321 3.077143 
0.647 0.02 0.02 -0.0018 -0.0018 0.1621 -0.0018 -0.018321 3.077143 
0.648 0.02 0.02 -0.0018 -0.0018 0.1621 -0.0018 -0.018321 3.077144 
0.649 0.02 0.02 -0.0018 -0.0018 0.1621 -0.0018 -0.018321 3.077144 
0.650 0.02 0.02 -0.0018 -0.0018 0.1621 -0.0018 -0.018321 3.077141 
0.651 0.02 0.02 -0.0018 -0.0018 0.1621 -0.0018 -0.018321 3.077137 
0.652 0.02 0.02 -0.0017 -0.0017 0.1621 -0.0018 -0.018321 3.077137 
0.653 0.02 0.02 -0.0017 -0.0017 0.1621 -0.0018 -0.018321 3.077138 
0.654 0.02 0.02 -0.0017 -0.0017 0.1621 -0.0018 -0.018321 3.077142 
0.655 0.02 0.02 -0.0017 -0.0017 0.1621 -0.0018 -0.018321 3.077149 
0.656 0.02 0.02 -0.0017 -0.0017 0.1621 -0.0018 -0.018321 3.077154 
0.657 0.02 0.02 -0.0017 -0.0017 0.1621 -0.0018 -0.018321 3.077159 
0.658 0.02 0.02 -0.0017 -0.0017 0.1621 -0.0018 -0.018321 3.077163 
0.659 0.02 0.02 -0.0017 -0.0017 0.1621 -0.0018 -0.018321 3.077165 
0.660 0.02 0.02 -0.0017 -0.0017 0.1621 -0.0018 -0.018321 3.077166 
0.661 0.02 0.02 -0.0017 -0.0017 0.1621 -0.0018 -0.018321 3.077168 
0.662 0.02 0.02 -0.0017 -0.0017 0.1621 -0.0018 -0.018321 3.077168 
0.663 0.02 0.02 -0.0017 -0.0017 0.1621 -0.0018 -0.018321 3.077165 
0.664 0.02 0.02 -0.0017 -0.0017 0.1621 -0.0018 -0.018321 3.077163 
0.665 0.02 0.02 -0.0017 -0.0017 0.1621 -0.0018 -0.018321 3.077163 
0.666 0.02 0.02 -0.0016 -0.0016 0.1621 -0.0018 -0.018321 3.077162 
0.667 0.02 0.02 -0.0016 -0.0016 0.1621 -0.0018 -0.018321 3.077163 
0.668 0.02 0.02 -0.0016 -0.0016 0.1621 -0.0018 -0.018321 3.077169 
0.669 0.02 0.02 -0.0016 -0.0016 0.1621 -0.0018 -0.018321 3.077177 
0.670 0.02 0.02 -0.0016 -0.0016 0.1621 -0.0018 -0.018321 3.077182 
0.671 0.02 0.02 -0.0016 -0.0016 0.1621 -0.0018 -0.018321 3.077186 
0.672 0.02 0.02 -0.0016 -0.0016 0.1621 -0.0018 -0.018321 3.077190 
0.673 0.02 0.02 -0.0016 -0.0016 0.1621 -0.0018 -0.018321 3.077196 
0.674 0.02 0.02 -0.0016 -0.0016 0.1621 -0.0018 -0.018321 3.077202 
0.675 0.02 0.02 -0.0016 -0.0016 0.1621 -0.0018 -0.018321 3.077207 
0.676 0.02 0.02 -0.0016 -0.0016 0.1621 -0.0018 -0.018321 3.077211 
0.677 0.02 0.02 -0.0016 -0.0016 0.1621 -0.0018 -0.018321 3.077211 
0.678 0.02 0.02 -0.0016 -0.0016 0.1621 -0.0018 -0.018321 3.077208 
0.679 0.02 0.02 -0.0016 -0.0016 0.1621 -0.0018 -0.018321 3.077206 
0.680 0.02 0.02 -0.0016 -0.0016 0.1621 -0.0018 -0.018321 3.077208 
0.681 0.02 0.02 -0.0016 -0.0016 0.1621 -0.0018 -0.018321 3.077210 
0.682 0.02 0.02 -0.0015 -0.0015 0.1621 -0.0018 -0.018321 3.077209 
0.683 0.02 0.02 -0.0015 -0.0015 0.1621 -0.0018 -0.018321 3.077207 
0.684 0.02 0.02 -0.0015 -0.0015 0.1621 -0.0018 -0.018321 3.077208 
0.685 0.02 0.02 -0.0015 -0.0015 0.1621 -0.0018 -0.018321 3.077209 
0.686 0.02 0.02 -0.0015 -0.0015 0.1621 -0.0018 -0.018321 3.077209 
0.687 0.02 0.02 -0.0015 -0.0015 0.1621 -0.0018 -0.018321 3.077212 
0.688 0.02 0.02 -0.0015 -0.0015 0.1621 -0.0018 -0.018321 3.077218 
0.689 0.02 0.02 -0.0015 -0.0015 0.1621 -0.0018 -0.018321 3.077223 
0.690 0.02 0.02 -0.0015 -0.0015 0.1621 -0.0018 -0.018321 3.077227 
0.691 0.02 0.02 -0.0015 -0.0015 0.1621 -0.0018 -0.018321 3.077230 
0.692 0.02 0.02 -0.0015 -0.0015 0.1621 -0.0018 -0.018321 3.077234 
0.693 0.02 0.02 -0.0015 -0.0015 0.1621 -0.0018 -0.018321 3.077238 
0.694 0.02 0.02 -0.0015 -0.0015 0.1621 -0.0018 -0.018321 3.077240 
0.695 0.02 0.02 -0.0015 -0.0015 0.1621 -0.0018 -0.018321 3.077238 
0.696 0.02 0.02 -0.0015 -0.0015 0.1621 -0.0018 -0.018321 3.077233 
0.697 0.02 0.02 -0.0015 -0.0015 0.1621 -0.0018 -0.018321 3.077229 
0.698 0.02 0.02 -0.0015 -0.0015 0.1621 -0.0018 -0.018321 3.077226 
0.699 0.02 0.02 -0.0015 -0.0015 0.1621 -0.0018 -0.018321 3.077224 
0.700 0.02 0.02 -0.0014 -0.0014 0.1621 -0.0018 -0.018321 3.077224 
0.701 0.02 0.02 -0.0014 -0.0014 0.1621 -0.0018 -0.018321 3.077228 
0.702 0.02 0.02 -0.0014 -0.0014 0.1621 -0.0018 -0.018321 3.077231 
0.703 0.02 0.02 -0.0014 -0.0014 0.1621 -0.0018 -0.018321 3.077233 
0.704 0.02 0.02 -0.0014 -0.0014 0.1621 -0.0018 -0.018321 3.077237 
0.705 0.02 0.02 -0.0014 -0.0014 0.1621 -0.0018 -0.018321 3.077242 
0.706 0.02 0.02 -0.0014 -0.0014 0.1621 -0.0018 -0.018321 3.077244 
0.707 0.02 0.02 -0.0014 -0.0014 0.1621 -0.0018 -0.018321 3.077245 
0.708 0.02 0.02 -0.0014 -0.0014 0.1621 -0.0018 -0.018321 3.077250 
0.709 0.02 0.02 -0.0014 -0.0014 0.1621 -0.0018 -0.018321 3.077257 
0.710 0.02 0.02 -0.0014 -0.0014 0.1621 -0.0018 -0.018321 3.077261 
0.711 0.02 0.02 -0.0014 -0.0014 0.1621 -0.0018 -0.018321 3.077261 
0.712 0.02 0.02 -0.0014 -0.0014 0.1621 -0.0018 -0.018321 3.077259 
0.713 0.02 0.02 -0.0014 -0.0014 0.1621 -0.0018 -0.018321 3.077255 
0.714 0.02 0.02 -0.0014 -0.0014 0.1621 -0.0018 -0.018321 3.077251 
0.715 0.02 0.02 -0.0014 -0.0014 0.1621 -0.0018 -0.018321 3.077252 
0.716 0.02 0.02 -0.0014 -0.0014 0.1621 -0.0018 -0.018321 3.077254 
0.717 0.02 0.02 -0.0014 -0.0014 0.1621 -0.0018 -0.018321 3.077254 
0.718 0.02 0.02 -0.0014 -0.0014 0.1621 -0.0018 -0.018321 3.077254 
0.719 0.02 0.02 -0.0014 -0.0014 0.1621 -0.0018 -0.018321 3.077255 
0.720 0.02 0.02 -0.0014 -0.0014 0.1621 -0.0018 -0.018321 3.077255 
0.721 0.02 0.02 -0.0013 -0.0013 0.1621 -0.0018 -0.018321 3.077253 
0.722 0.02 0.02 -0.0013 -0.0013 0.1621 -0.0018 -0.018321 3.077248 
0.723 0.02 0.02 -0.0013 -0.0013 0.1621 -0.0018 -0.018321 3.077241 
0.724 0.02 0.01 -0.0013 -0.0013 0.1621 -0.0018 -0.018321 3.077234 
0.725 0.01 0.01 -0.0013 -0.0013 0.1621 -0.0018 -0.018321 3.077232 
0.726 0.01 0.01 -0.0013 -0.0013 0.1621 -0.0018 -0.018321 3.077236 
0.727 0.01 0.01 -0.0013 -0.0013 0.1621 -0.0018 -0.018321 3.077240 
0.728 0.01 0.01 -0.0013 -0.0013 0.1621 -0.0018 -0.018321 3.077240 
0.729 0.01 0.01 -0.0013 -0.0013 0.1621 -0.0018 -0.018321 3.077238 
0.730 0.01 0.01 -0.0013 -0.0013 0.1621 -0.0018 -0.018321 3.077238 
0.731 0.01 0.01 -0.0013 -0.0013 0.1621 -0.0018 -0.018321 3.077238 
0.732 0.01 0.01 -0.0013 -0.0013 0.1621 -0.0018 -0.018321 3.077245 
0.733 0.01 0.01 -0.0013 -0.0013 0.1621 -0.0018 -0.018321 3.077256 
0.734 0.01 0.01 -0.0013 -0.0013 0.1621 -0.0018 -0.018321 3.077265 
0.735 0.01 0.01 -0.0013 -0.0013 0.1621 -0.0018 -0.018321 3.077270 
0.736 0.01 0.01 -0.0013 -0.0013 0.1621 -0.0018 -0.018321 3.077273 
0.737 0.01 0.01 -0.0013 -0.0013 0.1621 -0.0018 -0.018321 3.077276 
0.738 0.01 0.01 -0.0013 -0.0013 0.1621 -0.0018 -0.018321 3.077276 
0.739 0.01 0.01 -0.0013 -0.0013 0.1621 -0.0018 -0.018321 3.077278 
0.740 0.01 0.01 -0.0013 -0.0013 0.1621 -0.0018 -0.018321 3.077284 
0.741 0.01 0.01 -0.0013 -0.0013 0.1621 -0.0018 -0.018321 3.077294 
0.742 0.01 0.01 -0.0013 -0.0013 0.1621 -0.0018 -0.018321 3.077306 
0.743 0.01 0.01 -0.0013 -0.0013 0.1621 -0.0018 -0.018321 3.077316 
0.744 0.01 0.01 -0.0013 -0.0013 0.1621 -0.0018 -0.018321 3.077321 
0.745 0.01 0.01 -0.0012 -0.0012 0.1621 -0.0018 -0.018321 3.077316 
0.746 0.01 0.01 -0.0012 -0.0012 0.1621 -0.0018 -0.018321 3.077308 
0.747 0.01 0.01 -0.0012 -0.0012 0.1621 -0.0018 -0.018321 3.077305 
0.748 0.01 0.01 -0.0012 -0.0012 0.1621 -0.0018 -0.018321 3.077311 
0.749 0.01 0.01 -0.0012 -0.0012 0.1621 -0.0018 -0.018321 3.077327 
0.750 0.01 0.01 -0.0012 -0.0012 0.1621 -0.0018 -0.018321 3.077345 
0.751 0.01 0.01 -0.0012 -0.0012 0.1621 -0.0018 -0.018321 3.077352 
0.752 0.01 0.01 -0.0012 -0.0012 0.1621 -0.0018 -0.018321 3.077344 
0.753 0.01 0.01 -0.0012 -0.0012 0.1621 -0.0018 -0.018321 3.077329 
0.754 0.01 0.01 -0.0012 -0.0012 0.1621 -0.0018 -0.018321 3.077319 
0.755 0.01 0.01 -0.0012 -0.0012 0.1621 -0.0018 -0.018321 3.077319 
0.756 0.01 0.01 -0.0012 -0.0012 0.1621 -0.0018 -0.018321 3.077329 
0.757 0.01 0.01 -0.0012 -0.0012 0.1621 -0.0018 -0.018321 3.077341 
0.758 0.01 0.01 -0.0012 -0.0012 0.1621 -0.0018 -0.018321 3.077352 
0.759 0.01 0.01 -0.0012 -0.0012 0.1621 -0.0018 -0.018321 3.077359 
0.760 0.01 0.01 -0.0012 -0.0012 0.1621 -0.0018 -0.018321 3.077358 
0.761 0.01 0.01 -0.0012 -0.0012 0.1621 -0.0018 -0.018321 3.077351 
0.762 0.01 0.01 -0.0012 -0.0012 0.1621 -0.0018 -0.018321 3.077347 
0.763 0.01 0.01 -0.0012 -0.0012 0.1621 -0.0018 -0.018321 3.077348 
0.764 0.01 0.01 -0.0012 -0.0012 0.1621 -0.0018 -0.018321 3.077355 
0.765 0.01 0.01 -0.0012 -0.0012 0.1621 -0.0018 -0.018321 3.077366 
0.766 0.01 0.01 -0.0012 -0.0012 0.1621 -0.0018 -0.018321 3.077375 
0.767 0.01 0.01 -0.0012 -0.0012 0.1621 -0.0018 -0.018321 3.077375 
0.768 0.01 0.01 -0.0012 -0.0012 0.1621 -0.0018 -0.018321 3.077371 
0.769 0.01 0.01 -0.0012 -0.0012 0.1621 -0.0018 -0.018321 3.077375 
0.770 0.01 0.01 -0.0012 -0.0012 0.1621 -0.0018 -0.018321 3.077394 
0.771 0.01 0.01 -0.0012 -0.0012 0.1621 -0.0018 -0.018321 3.077420 
0.772 0.01 0.01 -0.0012 -0.0012 0.1621 -0.0018 -0.018321 3.077445 
0.773 0.01 0.01 -0.0011 -0.0011 0.1621 -0.0018 -0.018321 3.077463 
0.774 0.01 0.01 -0.0011 -0.0011 0.1621 -0.0018 -0.018321 3.077468 
0.775 0.01 0.01 -0.0011 -0.0011 0.1621 -0.0018 -0.018321 3.077461 
0.776 0.01 0.01 -0.0011 -0.0011 0.1621 -0.0018 -0.018321 3.077453 
0.777 0.01 0.01 -0.0011 -0.0011 0.1621 -0.0018 -0.018321 3.077452 
0.778 0.01 0.01 -0.0011 -0.0011 0.1621 -0.0018 -0.018321 3.077458 
0.779 0.01 0.01 -0.0011 -0.0011 0.1621 -0.0018 -0.018321 3.077469 
0.780 0.01 0.01 -0.0011 -0.0011 0.1621 -0.0018 -0.018321 3.077477 
0.781 0.01 0.01 -0.0011 -0.0011 0.1621 -0.0018 -0.018321 3.077472 
0.782 0.01 0.01 -0.0011 -0.0011 0.1621 -0.0018 -0.018321 3.077457 
0.783 0.01 0.01 -0.0011 -0.0011 0.1621 -0.0018 -0.018321 3.077442 
0.784 0.01 0.01 -0.0011 -0.0011 0.1621 -0.0018 -0.018321 3.077437 
0.785 0.01 0.01 -0.0011 -0.0011 0.1621 -0.0018 -0.018321 3.077443 
0.786 0.01 0.01 -0.0011 -0.0011 0.1621 -0.0018 -0.018321 3.077453 
0.787 0.01 0.01 -0.0011 -0.0011 0.1621 -0.0018 -0.018321 3.077459 
0.788 0.01 0.01 -0.0011 -0.0011 0.1621 -0.0018 -0.018321 3.077459 
0.789 0.01 0.01 -0.0011 -0.0011 0.1621 -0.0018 -0.018321 3.077457 
0.790 0.01 0.01 -0.0011 -0.0011 0.1621 -0.0018 -0.018321 3.077458 
0.791 0.01 0.01 -0.0011 -0.0011 0.1621 -0.0018 -0.018321 3.077468 
0.792 0.01 0.01 -0.0011 -0.0011 0.1621 -0.0018 -0.018321 3.077484 
0.793 0.01 0.01 -0.0011 -0.0011 0.1621 -0.0018 -0.018321 3.077501 
0.794 0.01 0.01 -0.0011 -0.0011 0.1621 -0.0018 -0.018321 3.077511 
0.795 0.01 0.01 -0.0011 -0.0011 0.1621 -0.0018 -0.018321 3.077511 
0.796 0.01 0.01 -0.0011 -0.0011 0.1621 -0.0018 -0.018321 3.077507 
0.797 0.01 0.01 -0.0011 -0.0011 0.1621 -0.0018 -0.018321 3.077503 
0.798 0.01 0.01 -0.0011 -0.0011 0.1621 -0.0018 -0.018321 3.077500 
0.799 0.01 0.01 -0.0011 -0.0011 0.1621 -0.0018 -0.018321 3.077498 
0.800 0.01 0.01 -0.0011 -0.0011 0.1621 -0.0018 -0.018321 3.077498 
0.801 0.01 0.01 -0.0011 -0.0011 0.1621 -0.0018 -0.018321 3.077502 
0.802 0.01 0.01 -0.0011 -0.0011 0.1621 -0.0018 -0.018321 3.077505 
0.803 0.01 0.01 -0.0011 -0.0011 0.1621 -0.0018 -0.018321 3.077506 
0.804 0.01 0.01 -0.0011 -0.0011 0.1621 -0.0018 -0.018321 3.077509 
0.805 0.01 0.01 -0.0011 -0.0011 0.1621 -0.0018 -0.018321 3.077515 
0.806 0.01 0.01 -0.0011 -0.0011 0.1621 -0.0018 -0.018321 3.077527 
0.807 0.01 0.01 -0.0010 -0.0010 0.1621 -0.0018 -0.018321 3.077539 
0.808 0.01 0.01 -0.0010 -0.0010 0.1621 -0.0018 -0.018321 3.077547 
0.809 0.01 0.01 -0.0010 -0.0010 0.1621 -0.0018 -0.018321 3.077548 
0.810 0.01 0.01 -0.0010 -0.0010 0.1621 -0.0018 -0.018321 3.077548 
0.811 0.01 0.01 -0.0010 -0.0010 0.1621 -0.0018 -0.018321 3.077553 
0.812 0.01 0.01 -0.0010 -0.0010 0.1621 -0.0018 -0.018321 3.077561 
0.813 0.01 0.01 -0.0010 -0.0010 0.1621 -0.0018 -0.018321 3.077567 
0.814 0.01 0.01 -0.0010 -0.0010 0.1621 -0.0018 -0.018321 3.077569 
0.815 0.01 0.01 -0.0010 -0.0010 0.1621 -0.0018 -0.018321 3.077570 
0.816 0.01 0.01 -0.0010 -0.0010 0.1621 -0.0018 -0.018321 3.077569 
0.817 0.01 0.01 -0.0010 -0.0010 0.1621 -0.0018 -0.018321 3.077569 
0.818 0.01 0.01 -0.0010 -0.0010 0.1621 -0.0018 -0.018321 3.077574 
0.819 0.01 0.01 -0.0010 -0.0010 0.1621 -0.0018 -0.018321 3.077579 
0.820 0.01 0.01 -0.0010 -0.0010 0.1621 -0.0018 -0.018321 3.077577 
0.821 0.01 0.01 -0.0010 -0.0010 0.1621 -0.0018 -0.018321 3.077569 
0.822 0.01 0.01 -0.0010 -0.0010 0.1621 -0.0018 -0.018321 3.077560 
0.823 0.01 0.01 -0.0010 -0.0010 0.1621 -0.0018 -0.018321 3.077556 
0.824 0.01 0.01 -0.0010 -0.0010 0.1621 -0.0018 -0.018321 3.077557 
0.825 0.01 0.01 -0.0010 -0.0010 0.1621 -0.0018 -0.018321 3.077561 
0.826 0.01 0.01 -0.0010 -0.0010 0.1621 -0.0018 -0.018321 3.077566 
0.827 0.01 0.01 -0.0010 -0.0010 0.1621 -0.0018 -0.018321 3.077572 
0.828 0.01 0.01 -0.0010 -0.0010 0.1621 -0.0018 -0.018321 3.077576 
0.829 0.01 0.01 -0.0010 -0.0010 0.1621 -0.0018 -0.018321 3.077575 
0.830 0.01 0.01 -0.0010 -0.0010 0.1621 -0.0018 -0.018321 3.077569 
0.831 0.01 0.01 -0.0010 -0.0010 0.1621 -0.0018 -0.018321 3.077564 
0.832 0.01 0.01 -0.0010 -0.0010 0.1621 -0.0018 -0.018321 3.077562 
0.833 0.01 0.01 -0.0010 -0.0010 0.1621 -0.0018 -0.018321 3.077566 
0.834 0.01 0.01 -0.0010 -0.0010 0.1621 -0.0018 -0.018321 3.077575 
0.835 0.01 0.01 -0.0010 -0.0010 0.1621 -0.0018 -0.018321 3.077583 
0.836 0.01 0.01 -0.0010 -0.0010 0.1621 -0.0018 -0.018321 3.077587 
0.837 0.01 0.01 -0.0010 -0.0010 0.1621 -0.0018 -0.018321 3.077591 
0.838 0.01 0.01 -0.0010 -0.0010 0.1621 -0.0018 -0.018321 3.077599 
0.839 0.01 0.01 -0.0010 -0.0010 0.1621 -0.0018 -0.018321 3.077605 
0.840 0.01 0.01 -0.0010 -0.0010 0.1621 -0.0018 -0.018321 3.077607 
0.841 0.01 0.01 -0.0010 -0.0010 0.1621 -0.0018 -0.018321 3.077608 
0.842 0.01 0.01 -0.0010 -0.0010 0.1621 -0.0018 -0.018321 3.077608 
0.843 0.01 0.01 -0.0010 -0.0010 0.1621 -0.0018 -0.018321 3.077607 
0.844 0.01 0.01 -0.0010 -0.0010 0.1621 -0.0018 -0.018321 3.077610 
0.845 0.01 0.01 -0.0010 -0.0010 0.1621 -0.0018 -0.018321 3.077616 
0.846 0.01 0.01 -0.0010 -0.0010 0.1621 -0.0018 -0.018321 3.077622 
0.847 0.01 0.01 -0.0010 -0.0009 0.1621 -0.0018 -0.018321 3.077627 
0.848 0.01 0.01 -0.0009 -0.0009 0.1621 -0.0018 -0.018321 3.077628 
0.849 0.01 0.01 -0.0009 -0.0009 0.1621 -0.0018 -0.018321 3.077625 
0.850 0.01 0.01 -0.0009 -0.0009 0.1621 -0.0018 -0.018321 3.077621 
0.851 0.01 0.01 -0.0009 -0.0009 0.1621 -0.0018 -0.018321 3.077619 
0.852 0.01 0.01 -0.0009 -0.0009 0.1621 -0.0018 -0.018321 3.077624 
0.853 0.01 0.01 -0.0009 -0.0009 0.1621 -0.0018 -0.018321 3.077632 
0.854 0.01 0.01 -0.0009 -0.0009 0.1621 -0.0018 -0.018321 3.077636 
0.855 0.01 0.01 -0.0009 -0.0009 0.1621 -0.0018 -0.018321 3.077637 
0.856 0.01 0.01 -0.0009 -0.0009 0.1621 -0.0018 -0.018321 3.077637 
0.857 0.01 0.01 -0.0009 -0.0009 0.1621 -0.0018 -0.018321 3.077639 
0.858 0.01 0.01 -0.0009 -0.0009 0.1621 -0.0018 -0.018321 3.077649 
0.859 0.01 0.01 -0.0009 -0.0009 0.1621 -0.0018 -0.018321 3.077664 
0.860 0.01 0.01 -0.0009 -0.0009 0.1621 -0.0018 -0.018321 3.077677 
0.861 0.01 0.01 -0.0009 -0.0009 0.1621 -0.0018 -0.018321 3.077681 
0.862 0.01 0.01 -0.0009 -0.0009 0.1621 -0.0018 -0.018321 3.077678 
0.863 0.01 0.01 -0.0009 -0.0009 0.1621 -0.0018 -0.018321 3.077677 
0.864 0.01 0.01 -0.0009 -0.0009 0.1621 -0.0018 -0.018321 3.077683 
0.865 0.01 0.01 -0.0009 -0.0009 0.1621 -0.0018 -0.018321 3.077691 
0.866 0.01 0.01 -0.0009 -0.0009 0.1621 -0.0018 -0.018321 3.077698 
0.867 0.01 0.01 -0.0009 -0.0009 0.1621 -0.0018 -0.018321 3.077704 
0.868 0.01 0.01 -0.0009 -0.0009 0.1621 -0.0018 -0.018321 3.077709 
0.869 0.01 0.01 -0.0009 -0.0009 0.1621 -0.0018 -0.018321 3.077710 
0.870 0.01 0.01 -0.0009 -0.0009 0.1621 -0.0018 -0.018321 3.077713 
0.871 0.01 0.01 -0.0009 -0.0009 0.1621 -0.0018 -0.018321 3.077720 
0.872 0.01 0.01 -0.0009 -0.0009 0.1621 -0.0018 -0.018321 3.077725 
0.873 0.01 0.01 -0.0009 -0.0009 0.1621 -0.0018 -0.018321 3.077726 
0.874 0.01 0.01 -0.0009 -0.0009 0.1621 -0.0018 -0.018321 3.077725 
0.875 0.01 0.01 -0.0009 -0.0009 0.1621 -0.0018 -0.018321 3.077720 
0.876 0.01 0.01 -0.0009 -0.0009 0.1621 -0.0018 -0.018321 3.077719 
0.877 0.01 0.01 -0.0009 -0.0009 0.1621 -0.0018 -0.018321 3.077720 
0.878 0.01 0.01 -0.0009 -0.0009 0.1621 -0.0018 -0.018321 3.077720 
0.879 0.01 0.01 -0.0009 -0.0009 0.1621 -0.0018 -0.018321 3.077720 
0.880 0.01 0.01 -0.0009 -0.0009 0.1621 -0.0018 -0.018321 3.077718 
0.881 0.01 0.01 -0.0009 -0.0009 0.1621 -0.0018 -0.018321 3.077717 
0.882 0.01 0.01 -0.0009 -0.0009 0.1621 -0.0018 -0.018321 3.077717 
0.883 0.01 0.01 -0.0009 -0.0009 0.1621 -0.0018 -0.018321 3.077714 
0.884 0.01 0.01 -0.0009 -0.0009 0.1621 -0.0018 -0.018321 3.077708 
0.885 0.01 0.01 -0.0009 -0.0009 0.1621 -0.0018 -0.018321 3.077703 
0.886 0.01 0.01 -0.0009 -0.0009 0.1621 -0.0018 -0.018321 3.077698 
0.887 0.01 0.01 -0.0009 -0.0009 0.1621 -0.0018 -0.018321 3.077693 
0.888 0.01 0.01 -0.0009 -0.0009 0.1621 -0.0018 -0.018321 3.077689 
0.889 0.01 0.01 -0.0009 -0.0009 0.1621 -0.0018 -0.018321 3.077686 
0.890 0.01 0.01 -0.0009 -0.0009 0.1621 -0.0018 -0.018321 3.077683 
0.891 0.01 0.01 -0.0009 -0.0009 0.1621 -0.0018 -0.018321 3.077681 
0.892 0.01 0.01 -0.0009 -0.0009 0.1621 -0.0018 -0.018321 3.077679 
0.893 0.01 0.01 -0.0009 -0.0009 0.1621 -0.0018 -0.018321 3.077679 
0.894 0.01 0.01 -0.0009 -0.0009 0.1621 -0.0018 -0.018321 3.077675 
0.895 0.01 0.01 -0.0009 -0.0009 0.1621 -0.0018 -0.018321 3.077669 
0.896 0.01 0.01 -0.0009 -0.0009 0.1621 -0.0018 -0.018321 3.077665 
0.897 0.01 0.01 -0.0009 -0.0008 0.1621 -0.0018 -0.018321 3.077662 
0.898 0.01 0.01 -0.0008 -0.0008 0.1621 -0.0018 -0.018321 3.077660 
0.899 0.01 0.01 -0.0008 -0.0008 0.1621 -0.0018 -0.018321 3.077660 
0.900 0.01 0.01 -0.0008 -0.0008 0.1621 -0.0018 -0.018321 3.077663 
0.901 0.01 0.01 -0.0008 -0.0008 0.1621 -0.0018 -0.018321 3.077664 
0.902 0.01 0.01 -0.0008 -0.0008 0.1621 -0.0018 -0.018321 3.077662 
0.903 0.01 0.01 -0.0008 -0.0008 0.1621 -0.0018 -0.018321 3.077661 
0.904 0.01 0.01 -0.0008 -0.0008 0.1621 -0.0018 -0.018321 3.077660 
0.905 0.01 0.01 -0.0008 -0.0008 0.1621 -0.0018 -0.018321 3.077659 
0.906 0.01 0.01 -0.0008 -0.0008 0.1621 -0.0018 -0.018321 3.077660 
0.907 0.01 0.01 -0.0008 -0.0008 0.1621 -0.0018 -0.018321 3.077659 
0.908 0.01 0.01 -0.0008 -0.0008 0.1621 -0.0018 -0.018321 3.077657 
0.909 0.01 0.01 -0.0008 -0.0008 0.1621 -0.0018 -0.018321 3.077653 
0.910 0.01 0.01 -0.0008 -0.0008 0.1621 -0.0018 -0.018321 3.077646 
0.911 0.01 0.01 -0.0008 -0.0008 0.1621 -0.0018 -0.018321 3.077637 
0.912 0.01 0.01 -0.0008 -0.0008 0.1621 -0.0018 -0.018321 3.077630 
0.913 0.01 0.01 -0.0008 -0.0008 0.1621 -0.0018 -0.018321 3.077624 
0.914 0.01 0.01 -0.0008 -0.0008 0.1621 -0.0018 -0.018321 3.077617 
0.915 0.01 0.01 -0.0008 -0.0008 0.1621 -0.0018 -0.018321 3.077613 
0.916 0.01 0.01 -0.0008 -0.0008 0.1621 -0.0018 -0.018321 3.077608 
0.917 0.01 0.01 -0.0008 -0.0008 0.1621 -0.0018 -0.018321 3.077604 
0.918 0.01 0.01 -0.0008 -0.0008 0.1621 -0.0018 -0.018321 3.077600 
0.919 0.01 0.01 -0.0008 -0.0008 0.1621 -0.0018 -0.018321 3.077592 
0.920 0.01 0.00 -0.0008 -0.0000 0.1621 -0.0018 -0.018321 3.077582 
0.921 0.00 0.00 -0.0000 -0.0000 0.1621 -0.0018 -0.018321 3.077575 
0.922 0.00 0.00 -0.0000 -0.0000 0.1621 -0.0018 -0.018321 3.077567 
0.923 0.00 0.00 -0.0000 -0.0000 0.1621 -0.0018 -0.018321 3.077560 
0.924 0.00 0.00 -0.0000 -0.0000 0.1621 -0.0018 -0.018321 3.077559 
0.925 0.00 0.00 -0.0000 -0.0000 0.1621 -0.0018 -0.018321 3.077559 
0.926 0.00 0.00 -0.0000 -0.0000 0.1621 -0.0018 -0.018321 3.077558 
0.927 0.00 0.00 -0.0000 -0.0000 0.1621 -0.0018 -0.018321 3.077555 
0.928 0.00 0.00 -0.0000 -0.0000 0.1621 -0.0018 -0.018321 3.077552 
0.929 0.00 0.00 -0.0000 -0.0000 0.1621 -0.0018 -0.018321 3.077552 
0.930 0.00 0.00 -0.0000 -0.0000 0.1621 -0.0018 -0.018321 3.077555 
0.931 0.00 0.00 -0.0000 -0.0000 0.1621 -0.0018 -0.018321 3.077554 
0.932 0.00 0.00 -0.0000 -0.0000 0.1621 -0.0018 -0.018321 3.077551 
0.933 0.00 0.00 -0.0000 -0.0000 0.1621 -0.0018 -0.018321 3.077549 
0.934 0.00 0.00 -0.0000 -0.0000 0.1621 -0.0018 -0.018321 3.077549 
0.935 0.00 0.00 -0.0000 -0.0000 0.1621 -0.0018 -0.018321 3.077553 
