%% logfile from robot Freja (4)
% Freja (4)
%  1    time 0.000 sec
%  2  3 Motor voltage [V] left, right: 4.65 4.65
%  4  5 Wheel velocity [m/s] left, right: -0.0000 -0.0000
%  6  7  8  9 Pose x,y,h,tilt [m,m,rad,rad]: 0 0 0 3.07745
0.000 4.65 4.65 -0.0000 -0.0000 0.0000 0.0000 0.000000 3.077453 
0.001 4.65 4.65 -0.0000 -0.0000 0.0000 0.0000 0.000000 3.077452 
0.002 4.65 4.65 -0.0000 -0.0000 0.0000 0.0000 0.000000 3.077451 
0.003 4.65 4.65 -0.0000 -0.0000 0.0000 0.0000 0.000000 3.077454 
0.004 4.65 4.65 -0.0000 -0.0000 0.0000 0.0000 0.000000 3.077457 
0.005 4.65 4.65 0.0000 -0.0000 0.0002 -0.0000 -0.002617 3.077457 
0.006 4.65 4.65 0.0000 0.0000 0.0004 -0.0000 0.000000 3.077458 
0.007 4.65 4.65 0.0000 0.0000 0.0004 -0.0000 0.000000 3.077463 
0.008 2.87 2.36 0.1483 0.1911 0.0008 -0.0000 0.000000 3.077468 
0.009 2.01 2.36 0.2202 0.1911 0.0010 -0.0000 -0.002617 3.077470 
0.010 2.01 1.75 0.2202 0.2417 0.0012 -0.0000 0.000000 3.077468 
0.011 1.32 1.27 0.2777 0.2819 0.0016 -0.0000 0.000000 3.077460 
0.012 1.33 1.02 0.2766 0.3028 0.0020 -0.0000 0.000000 3.077484 
0.013 1.33 1.02 0.2766 0.3028 0.0020 -0.0000 0.000000 3.077530 
0.014 1.09 0.95 0.2970 0.3084 0.0024 -0.0000 0.000000 3.077512 
0.015 1.05 1.00 0.3001 0.3045 0.0028 -0.0000 0.000000 3.077458 
0.016 1.24 0.78 0.2842 0.3228 0.0032 -0.0000 0.000000 3.077428 
0.017 1.28 0.78 0.2807 0.3228 0.0032 -0.0000 0.000000 3.077433 
0.018 0.94 1.05 0.3092 0.3001 0.0037 -0.0000 0.000000 3.077481 
0.019 0.71 1.16 0.3284 0.2910 0.0041 -0.0000 0.000000 3.077523 
0.020 0.99 1.16 0.3050 0.2905 0.0045 -0.0000 0.000000 3.077519 
0.021 0.99 1.16 0.3050 0.2905 0.0045 -0.0000 0.000000 3.077476 
0.022 1.17 1.08 0.2898 0.2974 0.0049 -0.0000 0.000000 3.077430 
0.023 1.07 1.14 0.2980 0.2927 0.0053 -0.0000 0.000000 3.077415 
0.024 0.89 1.14 0.3135 0.2927 0.0055 -0.0000 -0.002617 3.077432 
0.025 0.89 1.12 0.3135 0.2942 0.0057 -0.0000 0.000000 3.077465 
0.026 1.10 1.24 0.2954 0.2842 0.0061 -0.0000 0.000000 3.077492 
0.027 1.09 1.07 0.2966 0.2986 0.0065 -0.0000 0.000000 3.077499 
0.028 1.09 1.07 0.2966 0.2986 0.0065 -0.0000 0.000000 3.077484 
0.029 1.07 1.28 0.2981 0.2805 0.0069 -0.0000 0.000000 3.077458 
0.030 1.18 1.28 0.2896 0.2808 0.0073 -0.0000 0.000000 3.077445 
0.031 1.14 1.28 0.2924 0.2808 0.0075 -0.0000 -0.002617 3.077461 
0.032 1.14 1.35 0.2924 0.2749 0.0077 -0.0000 0.000000 3.077486 
0.033 0.99 1.09 0.3047 0.2964 0.0081 -0.0000 0.000000 3.077500 
0.034 1.15 1.27 0.2919 0.2812 0.0085 -0.0000 0.000000 3.077494 
0.035 1.19 1.27 0.2882 0.2812 0.0087 -0.0000 -0.002617 3.077475 
0.036 1.19 1.32 0.2882 0.2776 0.0089 -0.0000 0.000000 3.077456 
0.037 1.15 1.29 0.2920 0.2802 0.0093 -0.0000 0.000000 3.077447 
0.038 1.07 1.29 0.2986 0.2802 0.0095 -0.0000 -0.002617 3.077455 
0.039 1.07 1.16 0.2986 0.2910 0.0097 -0.0000 0.000000 3.077472 
0.040 1.07 1.23 0.2980 0.2848 0.0101 -0.0000 0.000000 3.077481 
0.041 1.13 1.23 0.2930 0.2848 0.0103 -0.0000 -0.002617 3.077475 
0.042 1.15 1.18 0.2914 0.2890 0.0108 -0.0000 -0.002617 3.077462 
0.043 1.15 1.24 0.2914 0.2845 0.0110 -0.0000 0.000000 3.077458 
0.044 1.21 1.05 0.2865 0.2999 0.0114 -0.0000 0.000000 3.077462 
0.045 1.17 1.05 0.2901 0.2999 0.0116 -0.0000 -0.002617 3.077471 
0.046 1.17 1.18 0.2901 0.2888 0.0118 -0.0000 0.000000 3.077482 
0.047 1.26 1.15 0.2827 0.2914 0.0122 -0.0000 0.000000 3.077491 
0.048 1.14 1.15 0.2923 0.2914 0.0124 -0.0000 -0.002617 3.077494 
0.049 1.00 1.22 0.3044 0.2856 0.0128 -0.0000 -0.002617 3.077487 
0.050 1.00 0.96 0.3044 0.3074 0.0130 -0.0000 0.000000 3.077475 
0.051 1.04 1.22 0.3009 0.2855 0.0134 -0.0000 0.000000 3.077466 
0.052 1.09 1.22 0.2962 0.2855 0.0136 -0.0000 -0.002617 3.077463 
0.053 1.13 1.20 0.2931 0.2878 0.0140 -0.0000 -0.002617 3.077469 
0.054 1.13 1.27 0.2931 0.2812 0.0142 -0.0000 0.000000 3.077479 
0.055 1.00 1.27 0.3037 0.2812 0.0144 -0.0000 -0.002617 3.077480 
0.056 1.15 1.20 0.2920 0.2874 0.0148 -0.0000 -0.002617 3.077472 
0.057 1.15 1.21 0.2920 0.2865 0.0150 -0.0000 0.000000 3.077463 
0.058 1.19 0.90 0.2884 0.3124 0.0154 -0.0000 0.000000 3.077460 
0.059 1.15 0.90 0.2918 0.3124 0.0156 -0.0000 -0.002617 3.077462 
0.060 1.07 1.28 0.2981 0.2807 0.0160 -0.0000 -0.002617 3.077469 
0.061 1.07 1.39 0.2981 0.2713 0.0162 -0.0000 0.000000 3.077476 
0.062 1.09 1.39 0.2964 0.2713 0.0164 -0.0000 -0.002617 3.077479 
0.063 1.26 1.38 0.2825 0.2729 0.0168 -0.0000 -0.002617 3.077478 
0.064 1.26 1.18 0.2825 0.2893 0.0172 -0.0000 -0.002617 3.077473 
0.065 1.15 1.18 0.2916 0.2893 0.0172 -0.0000 -0.002617 3.077472 
0.066 0.96 1.41 0.3073 0.2698 0.0176 -0.0000 -0.002617 3.077473 
0.067 1.13 1.47 0.2930 0.2647 0.0181 -0.0000 -0.002617 3.077471 
0.068 1.13 1.47 0.2930 0.2647 0.0181 -0.0000 -0.002617 3.077465 
0.069 1.26 1.33 0.2826 0.2765 0.0185 -0.0000 -0.002617 3.077458 
0.070 1.15 1.22 0.2921 0.2856 0.0189 -0.0000 -0.002617 3.077452 
0.071 1.15 1.24 0.2915 0.2843 0.0191 -0.0000 -0.005235 3.077452 
0.072 1.15 1.29 0.2915 0.2797 0.0193 -0.0000 -0.002617 3.077454 
0.073 1.04 1.01 0.3006 0.3034 0.0197 -0.0000 -0.002617 3.077456 
0.074 0.86 1.26 0.3154 0.2822 0.0201 -0.0000 -0.002617 3.077461 
0.075 1.10 1.26 0.2957 0.2822 0.0203 -0.0000 -0.005235 3.077469 
0.076 1.10 1.08 0.2957 0.2978 0.0205 -0.0000 -0.002617 3.077473 
0.077 0.89 1.34 0.3136 0.2761 0.0209 -0.0000 -0.002617 3.077472 
0.078 1.16 1.34 0.2911 0.2761 0.0211 -0.0000 -0.005235 3.077470 
0.079 1.16 1.30 0.2911 0.2787 0.0213 -0.0000 -0.002617 3.077470 
0.080 1.17 1.28 0.2899 0.2807 0.0217 -0.0000 -0.002617 3.077476 
0.081 1.23 1.26 0.2853 0.2822 0.0221 -0.0000 -0.002617 3.077481 
0.082 1.47 1.26 0.2650 0.2822 0.0223 -0.0000 -0.005235 3.077473 
0.083 1.47 1.28 0.2650 0.2811 0.0225 -0.0000 -0.002617 3.077465 
0.084 1.14 1.05 0.2929 0.3002 0.0229 -0.0000 -0.002617 3.077462 
0.085 0.89 1.05 0.3131 0.3002 0.0231 -0.0000 -0.005235 3.077460 
0.086 1.02 1.24 0.3021 0.2846 0.0233 -0.0000 -0.002617 3.077460 
0.087 1.12 1.33 0.2938 0.2767 0.0237 -0.0000 -0.002617 3.077461 
0.088 1.27 1.33 0.2819 0.2767 0.0239 -0.0000 -0.005235 3.077461 
0.089 1.15 1.28 0.2919 0.2810 0.0243 -0.0000 -0.005235 3.077459 
0.090 1.15 1.16 0.2919 0.2906 0.0245 -0.0000 -0.002617 3.077457 
0.091 0.94 1.20 0.3089 0.2875 0.0249 -0.0000 -0.002617 3.077459 
0.092 1.13 1.20 0.2932 0.2875 0.0252 -0.0000 -0.005235 3.077462 
0.093 1.08 1.16 0.2974 0.2905 0.0256 -0.0000 -0.005235 3.077469 
0.094 1.08 1.27 0.2974 0.2813 0.0258 -0.0000 -0.002617 3.077479 
0.095 1.06 1.27 0.2995 0.2813 0.0260 -0.0000 -0.005235 3.077488 
0.096 1.16 1.10 0.2905 0.2958 0.0264 -0.0000 -0.005235 3.077492 
0.097 1.16 1.31 0.2905 0.2784 0.0266 -0.0000 -0.002617 3.077487 
0.098 1.12 1.31 0.2939 0.2784 0.0268 -0.0000 -0.005235 3.077486 
0.099 0.98 1.29 0.3061 0.2796 0.0272 -0.0000 -0.005235 3.077493 
0.100 1.15 1.36 0.2914 0.2743 0.0276 -0.0001 -0.005235 3.077500 
0.101 1.15 1.09 0.2914 0.2966 0.0278 -0.0001 -0.002617 3.077499 
0.102 1.20 1.09 0.2875 0.2966 0.0280 -0.0001 -0.005235 3.077494 
0.103 1.17 1.27 0.2903 0.2814 0.0284 -0.0001 -0.005235 3.077490 
0.104 1.08 1.32 0.2973 0.2777 0.0288 -0.0001 -0.005235 3.077487 
0.105 1.08 1.32 0.2973 0.2777 0.0288 -0.0001 -0.005235 3.077487 
0.106 1.08 1.29 0.2974 0.2797 0.0292 -0.0001 -0.005235 3.077489 
0.107 1.14 1.16 0.2923 0.2911 0.0296 -0.0001 -0.005235 3.077492 
0.108 1.14 1.16 0.2923 0.2911 0.0296 -0.0001 -0.005235 3.077497 
0.109 1.16 1.23 0.2911 0.2849 0.0300 -0.0001 -0.005235 3.077498 
0.110 1.22 1.18 0.2862 0.2888 0.0304 -0.0001 -0.005235 3.077494 
0.111 1.16 1.26 0.2906 0.2827 0.0308 -0.0001 -0.005235 3.077491 
0.112 1.16 1.26 0.2906 0.2827 0.0308 -0.0001 -0.005235 3.077490 
0.113 1.27 1.09 0.2820 0.2966 0.0312 -0.0001 -0.005235 3.077490 
0.114 1.14 1.21 0.2923 0.2863 0.0316 -0.0001 -0.005235 3.077495 
0.115 1.14 1.21 0.2923 0.2863 0.0316 -0.0001 -0.005235 3.077497 
0.116 1.00 1.18 0.3043 0.2891 0.0320 -0.0001 -0.005235 3.077495 
0.117 1.03 1.27 0.3013 0.2817 0.0325 -0.0001 -0.005235 3.077492 
0.118 1.09 0.98 0.2969 0.3058 0.0329 -0.0001 -0.005235 3.077488 
0.119 1.09 0.98 0.2969 0.3058 0.0329 -0.0001 -0.005235 3.077485 
0.120 1.11 1.25 0.2945 0.2835 0.0333 -0.0001 -0.005235 3.077485 
0.121 1.00 1.21 0.3042 0.2863 0.0337 -0.0001 -0.005235 3.077487 
0.122 1.14 1.21 0.2927 0.2863 0.0339 -0.0001 -0.007852 3.077487 
0.123 1.14 1.30 0.2927 0.2792 0.0341 -0.0001 -0.005235 3.077490 
0.124 1.18 1.22 0.2888 0.2855 0.0345 -0.0001 -0.005235 3.077495 
0.125 1.14 1.24 0.2924 0.2845 0.0349 -0.0001 -0.005235 3.077499 
0.126 1.14 1.24 0.2924 0.2845 0.0349 -0.0001 -0.005235 3.077500 
0.127 1.07 0.92 0.2980 0.3108 0.0353 -0.0001 -0.005235 3.077502 
0.128 1.07 1.30 0.2985 0.2792 0.0357 -0.0001 -0.005235 3.077507 
0.129 1.25 1.30 0.2831 0.2792 0.0359 -0.0001 -0.007852 3.077513 
0.130 1.25 1.38 0.2831 0.2725 0.0361 -0.0001 -0.005235 3.077515 
0.131 1.14 1.34 0.2928 0.2755 0.0365 -0.0001 -0.005235 3.077512 
0.132 0.95 1.34 0.3085 0.2755 0.0367 -0.0001 -0.007852 3.077510 
0.133 1.12 1.13 0.2939 0.2930 0.0371 -0.0001 -0.007852 3.077509 
0.134 1.12 1.38 0.2939 0.2725 0.0373 -0.0001 -0.005235 3.077508 
0.135 1.25 1.38 0.2830 0.2725 0.0375 -0.0001 -0.007852 3.077513 
0.136 1.14 1.44 0.2926 0.2677 0.0379 -0.0001 -0.007852 3.077520 
0.137 1.14 1.29 0.2926 0.2799 0.0381 -0.0001 -0.005235 3.077528 
0.138 1.15 1.17 0.2917 0.2896 0.0385 -0.0001 -0.005235 3.077531 
0.139 1.03 1.17 0.3019 0.2896 0.0387 -0.0001 -0.007852 3.077529 
0.140 0.86 1.27 0.3161 0.2817 0.0391 -0.0001 -0.007852 3.077530 
0.141 0.86 0.98 0.3161 0.3057 0.0394 -0.0001 -0.005235 3.077533 
0.142 1.09 0.98 0.2962 0.3057 0.0396 -0.0001 -0.007852 3.077536 
0.143 0.88 1.25 0.3146 0.2837 0.0400 -0.0001 -0.007852 3.077539 
0.144 1.15 1.06 0.2914 0.2990 0.0404 -0.0001 -0.007852 3.077542 
0.145 1.15 1.31 0.2914 0.2785 0.0406 -0.0001 -0.005235 3.077544 
0.146 1.14 1.31 0.2924 0.2785 0.0408 -0.0001 -0.007852 3.077545 
0.147 1.20 1.27 0.2871 0.2817 0.0412 -0.0001 -0.007852 3.077544 
0.148 1.20 1.24 0.2871 0.2843 0.0414 -0.0001 -0.005235 3.077543 
0.149 1.45 1.24 0.2667 0.2843 0.0416 -0.0001 -0.007852 3.077543 
0.150 1.14 1.23 0.2929 0.2851 0.0420 -0.0001 -0.007852 3.077541 
0.151 4.02 4.35 0.3109 0.2836 0.0424 -0.0001 -0.007852 3.077537 
0.152 4.02 4.35 0.3109 0.2836 0.0424 -0.0001 -0.007852 3.077538 
0.153 4.24 4.11 0.2921 0.3034 0.0428 -0.0001 -0.007852 3.077543 
0.154 4.15 4.14 0.3000 0.3010 0.0432 -0.0001 -0.007852 3.077545 
0.155 3.65 3.90 0.3412 0.3207 0.0436 -0.0001 -0.007852 3.077541 
0.156 3.05 3.48 0.3915 0.3553 0.0440 -0.0002 -0.007852 3.077542 
0.157 3.02 3.06 0.3944 0.3911 0.0444 -0.0002 -0.007852 3.077546 
0.158 2.76 2.89 0.4155 0.4050 0.0448 -0.0002 -0.007852 3.077547 
0.159 2.57 2.69 0.4315 0.4219 0.0452 -0.0002 -0.007852 3.077549 
0.160 2.59 2.69 0.4297 0.4219 0.0456 -0.0002 -0.007852 3.077543 
0.161 2.36 2.27 0.4494 0.4571 0.0460 -0.0002 -0.007852 3.077531 
0.162 1.93 2.47 0.4849 0.4397 0.0464 -0.0002 -0.007852 3.077525 
0.163 2.10 2.37 0.4712 0.4483 0.0469 -0.0002 -0.007852 3.077536 
0.164 1.95 2.38 0.4830 0.4478 0.0475 -0.0002 -0.010469 3.077556 
0.165 1.78 1.89 0.4972 0.4887 0.0479 -0.0002 -0.010469 3.077566 
0.166 1.81 2.24 0.4946 0.4593 0.0485 -0.0002 -0.007852 3.077560 
0.167 1.90 2.14 0.4876 0.4676 0.0489 -0.0002 -0.007852 3.077545 
0.168 1.86 1.88 0.4904 0.4895 0.0493 -0.0002 -0.007852 3.077534 
0.169 1.86 2.01 0.4909 0.4786 0.0499 -0.0002 -0.010469 3.077529 
0.170 2.08 1.94 0.4722 0.4840 0.0503 -0.0002 -0.010469 3.077525 
0.171 1.88 1.71 0.4892 0.5036 0.0509 -0.0002 -0.007852 3.077534 
0.172 1.65 1.96 0.5082 0.4822 0.0513 -0.0002 -0.007852 3.077546 
0.173 1.77 1.91 0.4983 0.4865 0.0517 -0.0002 -0.007852 3.077542 
0.174 1.80 2.01 0.4955 0.4787 0.0523 -0.0002 -0.010469 3.077537 
0.175 1.56 1.48 0.5161 0.5224 0.0527 -0.0002 -0.010469 3.077533 
0.176 1.78 1.88 0.4971 0.4895 0.0533 -0.0002 -0.007852 3.077524 
0.177 1.86 1.99 0.4907 0.4801 0.0538 -0.0002 -0.007852 3.077519 
0.178 1.70 1.86 0.5042 0.4910 0.0544 -0.0002 -0.010469 3.077517 
0.179 1.76 1.91 0.4993 0.4865 0.0548 -0.0002 -0.010469 3.077513 
0.180 2.05 1.50 0.4749 0.5205 0.0552 -0.0003 -0.010469 3.077505 
0.181 1.80 2.08 0.4960 0.4724 0.0558 -0.0003 -0.007852 3.077497 
0.182 1.76 1.98 0.4992 0.4812 0.0564 -0.0003 -0.010469 3.077493 
0.183 2.00 1.62 0.4796 0.5107 0.0568 -0.0003 -0.010469 3.077495 
0.184 1.78 2.06 0.4977 0.4746 0.0572 -0.0003 -0.010469 3.077497 
0.185 1.82 2.16 0.4945 0.4657 0.0576 -0.0003 -0.010469 3.077494 
0.186 1.68 1.85 0.5060 0.4917 0.0582 -0.0003 -0.007852 3.077490 
0.187 1.72 2.00 0.5025 0.4795 0.0588 -0.0003 -0.010469 3.077488 
0.188 1.27 1.46 0.5400 0.5241 0.0592 -0.0003 -0.010469 3.077488 
0.189 1.68 1.92 0.5059 0.4860 0.0596 -0.0003 -0.010469 3.077487 
0.190 1.76 1.68 0.4991 0.5060 0.0602 -0.0003 -0.013086 3.077483 
0.191 2.25 1.89 0.4580 0.4883 0.0609 -0.0003 -0.010469 3.077473 
0.192 1.72 1.92 0.5022 0.4860 0.0613 -0.0003 -0.010469 3.077465 
0.193 1.37 1.95 0.5317 0.4832 0.0617 -0.0003 -0.010469 3.077464 
0.194 1.75 1.96 0.5002 0.4828 0.0621 -0.0003 -0.010469 3.077465 
0.195 1.75 1.89 0.5004 0.4885 0.0629 -0.0003 -0.010469 3.077468 
0.196 1.46 2.05 0.5242 0.4751 0.0633 -0.0003 -0.010469 3.077471 
0.197 1.76 1.93 0.4993 0.4850 0.0637 -0.0003 -0.010469 3.077471 
0.198 1.74 1.72 0.5008 0.5022 0.0641 -0.0003 -0.010469 3.077470 
0.199 1.92 1.83 0.4857 0.4933 0.0647 -0.0004 -0.013086 3.077467 
0.200 1.79 1.91 0.4967 0.4865 0.0653 -0.0004 -0.010469 3.077463 
0.201 1.47 1.51 0.5232 0.5195 0.0657 -0.0004 -0.010469 3.077460 
0.202 1.76 1.89 0.4994 0.4885 0.0661 -0.0004 -0.010469 3.077461 
0.203 1.84 1.87 0.4924 0.4902 0.0667 -0.0004 -0.013086 3.077467 
0.204 1.68 1.98 0.5059 0.4811 0.0671 -0.0004 -0.013086 3.077470 
0.205 1.74 1.90 0.5010 0.4873 0.0677 -0.0004 -0.010469 3.077468 
0.206 1.82 2.01 0.4939 0.4779 0.0682 -0.0004 -0.010469 3.077462 
0.207 1.80 1.95 0.4956 0.4836 0.0686 -0.0004 -0.010469 3.077455 
0.208 1.78 1.68 0.4978 0.5054 0.0692 -0.0004 -0.013086 3.077451 
0.209 1.99 1.87 0.4802 0.4900 0.0698 -0.0004 -0.010469 3.077452 
0.210 1.78 1.92 0.4971 0.4861 0.0702 -0.0004 -0.010469 3.077451 
0.211 1.58 1.61 0.5144 0.5118 0.0706 -0.0004 -0.010469 3.077450 
0.212 1.76 1.85 0.4989 0.4917 0.0712 -0.0004 -0.013086 3.077450 
0.213 1.75 1.81 0.4997 0.4950 0.0716 -0.0004 -0.013086 3.077452 
0.214 1.50 1.38 0.5204 0.5305 0.0722 -0.0004 -0.010469 3.077456 
0.215 1.74 1.87 0.5007 0.4899 0.0726 -0.0004 -0.010469 3.077458 
0.216 1.84 1.83 0.4925 0.4932 0.0732 -0.0004 -0.013086 3.077457 
0.217 1.68 1.98 0.5055 0.4810 0.0736 -0.0005 -0.013086 3.077456 
0.218 1.75 1.82 0.4997 0.4942 0.0740 -0.0005 -0.013086 3.077454 
0.219 2.04 1.37 0.4759 0.5317 0.0746 -0.0005 -0.010469 3.077451 
0.220 1.79 1.97 0.4963 0.4820 0.0750 -0.0005 -0.010469 3.077448 
0.221 1.77 2.06 0.4984 0.4738 0.0757 -0.0005 -0.013086 3.077450 
0.222 2.00 1.96 0.4792 0.4823 0.0761 -0.0005 -0.013086 3.077451 
0.223 1.79 2.04 0.4963 0.4759 0.0767 -0.0005 -0.010469 3.077449 
0.224 1.81 2.13 0.4948 0.4679 0.0771 -0.0005 -0.010469 3.077447 
0.225 1.40 1.97 0.5294 0.4817 0.0777 -0.0005 -0.013086 3.077448 
0.226 1.72 1.78 0.5023 0.4975 0.0781 -0.0005 -0.013086 3.077449 
0.227 1.27 1.96 0.5403 0.4825 0.0785 -0.0005 -0.013086 3.077448 
0.228 1.72 1.91 0.5022 0.4865 0.0791 -0.0005 -0.010469 3.077446 
0.229 1.81 1.56 0.4948 0.5158 0.0797 -0.0005 -0.013086 3.077444 
0.230 2.29 1.96 0.4554 0.4826 0.0801 -0.0005 -0.013086 3.077439 
0.231 1.77 1.87 0.4982 0.4897 0.0805 -0.0005 -0.013086 3.077431 
0.232 1.40 1.88 0.5288 0.4889 0.0809 -0.0005 -0.013086 3.077422 
0.233 1.78 1.91 0.4976 0.4864 0.0815 -0.0005 -0.010469 3.077422 
0.234 1.76 1.49 0.4988 0.5218 0.0821 -0.0006 -0.013086 3.077429 
0.235 1.46 1.85 0.5241 0.4914 0.0826 -0.0006 -0.013086 3.077434 
0.236 1.83 2.03 0.4929 0.4768 0.0830 -0.0006 -0.013086 3.077435 
0.237 1.81 1.74 0.4948 0.5012 0.0836 -0.0006 -0.010469 3.077432 
0.238 2.00 1.84 0.4792 0.4921 0.0842 -0.0006 -0.013086 3.077428 
0.239 1.86 1.79 0.4907 0.4962 0.0846 -0.0006 -0.013086 3.077426 
0.240 1.56 1.92 0.5159 0.4856 0.0850 -0.0006 -0.013086 3.077429 
0.241 1.79 1.54 0.4965 0.5170 0.0854 -0.0006 -0.013086 3.077428 
0.242 1.88 1.90 0.4889 0.4874 0.0860 -0.0006 -0.010469 3.077428 
0.243 1.70 1.98 0.5041 0.4812 0.0866 -0.0006 -0.013086 3.077441 
0.244 1.76 1.54 0.4992 0.5174 0.0870 -0.0006 -0.013086 3.077452 
0.245 1.84 1.95 0.4923 0.4835 0.0874 -0.0006 -0.013086 3.077450 
0.246 1.82 2.06 0.4945 0.4744 0.0878 -0.0006 -0.013086 3.077439 
0.247 1.79 1.72 0.4968 0.5027 0.0886 -0.0006 -0.013086 3.077430 
0.248 2.00 1.93 0.4793 0.4853 0.0890 -0.0006 -0.013086 3.077426 
0.249 1.80 1.89 0.4954 0.4887 0.0894 -0.0006 -0.013086 3.077428 
0.250 1.58 1.96 0.5143 0.4822 0.0899 -0.0007 -0.013086 3.077437 
0.251 1.71 1.65 0.5032 0.5083 0.0905 -0.0007 -0.015704 3.077446 
0.252 1.76 1.84 0.4992 0.4922 0.0911 -0.0007 -0.013086 3.077451 
0.253 1.51 1.93 0.5199 0.4847 0.0915 -0.0007 -0.013086 3.077454 
0.254 1.75 1.43 0.4997 0.5269 0.0919 -0.0007 -0.013086 3.077453 
0.255 1.84 1.90 0.4921 0.4873 0.0923 -0.0007 -0.013086 3.077454 
0.256 1.69 1.95 0.5049 0.4834 0.0931 -0.0007 -0.013086 3.077456 
0.257 1.76 1.84 0.4994 0.4928 0.0935 -0.0007 -0.013086 3.077458 
0.258 2.04 1.89 0.4756 0.4884 0.0939 -0.0007 -0.013086 3.077457 
0.259 1.80 1.37 0.4958 0.5313 0.0943 -0.0007 -0.013086 3.077454 
0.260 1.76 1.97 0.4995 0.4818 0.0949 -0.0007 -0.015704 3.077448 
0.261 2.00 1.97 0.4790 0.4821 0.0955 -0.0007 -0.013086 3.077439 
0.262 1.80 1.61 0.4961 0.5120 0.0959 -0.0007 -0.013086 3.077434 
0.263 1.81 2.04 0.4948 0.4755 0.0963 -0.0007 -0.013086 3.077435 
0.264 1.40 2.15 0.5294 0.4663 0.0970 -0.0008 -0.015704 3.077435 
0.265 1.73 1.97 0.5019 0.4816 0.0974 -0.0008 -0.015704 3.077434 
0.266 1.27 1.99 0.5401 0.4796 0.0980 -0.0008 -0.013086 3.077430 
0.267 1.72 1.46 0.5024 0.5243 0.0984 -0.0008 -0.013086 3.077426 
0.268 1.82 1.92 0.4944 0.4857 0.0990 -0.0008 -0.015704 3.077425 
0.269 2.31 1.60 0.4529 0.5123 0.0994 -0.0008 -0.015704 3.077425 
0.270 1.84 2.00 0.4928 0.4794 0.0998 -0.0008 -0.015704 3.077426 
0.271 1.47 1.93 0.5237 0.4854 0.1004 -0.0008 -0.013086 3.077422 
0.272 1.83 1.96 0.4931 0.4827 0.1008 -0.0008 -0.013086 3.077418 
0.273 1.81 1.96 0.4953 0.4823 0.1014 -0.0008 -0.015704 3.077415 
0.274 1.49 1.53 0.5220 0.5187 0.1018 -0.0008 -0.015704 3.077413 
0.275 1.82 1.94 0.4937 0.4842 0.1022 -0.0008 -0.015704 3.077410 
0.276 1.77 1.93 0.4985 0.4846 0.1028 -0.0008 -0.013086 3.077413 
0.277 1.77 1.75 0.4981 0.4995 0.1032 -0.0008 -0.013086 3.077427 
0.278 1.79 1.86 0.4964 0.4904 0.1038 -0.0009 -0.015704 3.077437 
0.279 1.49 1.82 0.5219 0.4943 0.1043 -0.0009 -0.015704 3.077437 
0.280 1.78 1.59 0.4972 0.5133 0.1049 -0.0009 -0.013086 3.077433 
0.281 1.86 1.92 0.4905 0.4861 0.1053 -0.0009 -0.013086 3.077427 
0.282 1.71 1.92 0.5033 0.4858 0.1059 -0.0009 -0.015704 3.077427 
0.283 1.78 2.01 0.4975 0.4784 0.1063 -0.0009 -0.015704 3.077429 
0.284 1.82 1.56 0.4939 0.5161 0.1067 -0.0009 -0.015704 3.077430 
0.285 1.81 2.06 0.4946 0.4742 0.1073 -0.0009 -0.013086 3.077428 
0.286 1.79 1.96 0.4966 0.4826 0.1079 -0.0009 -0.015704 3.077428 
0.287 1.99 1.74 0.4797 0.5007 0.1083 -0.0009 -0.015704 3.077428 
0.288 1.80 1.91 0.4955 0.4866 0.1087 -0.0009 -0.015704 3.077423 
0.289 1.58 1.87 0.5143 0.4899 0.1091 -0.0009 -0.015704 3.077423 
0.290 1.72 1.62 0.5029 0.5111 0.1097 -0.0009 -0.013086 3.077434 
0.291 1.73 1.88 0.5018 0.4892 0.1103 -0.0009 -0.015704 3.077444 
0.292 1.54 1.84 0.5175 0.4925 0.1107 -0.0010 -0.015704 3.077445 
0.293 1.72 1.94 0.5027 0.4845 0.1112 -0.0010 -0.015704 3.077440 
0.294 1.84 1.89 0.4923 0.4879 0.1118 -0.0010 -0.013086 3.077436 
0.295 1.70 1.83 0.5042 0.4934 0.1124 -0.0010 -0.015704 3.077435 
0.296 1.80 1.95 0.4958 0.4832 0.1128 -0.0010 -0.015704 3.077435 
0.297 2.10 1.78 0.4706 0.4974 0.1132 -0.0010 -0.015704 3.077433 
0.298 1.84 1.85 0.4925 0.4913 0.1136 -0.0010 -0.015704 3.077431 
0.299 1.57 1.92 0.5146 0.4855 0.1142 -0.0010 -0.013086 3.077429 
0.300 2.04 2.02 0.4756 0.4778 0.1148 -0.0010 -0.015704 3.077426 
0.301 1.82 1.91 0.4941 0.4868 0.1152 -0.0010 -0.015704 3.077422 
0.302 1.86 1.55 0.4905 0.5166 0.1156 -0.0010 -0.015704 3.077421 
0.303 1.73 1.99 0.5019 0.4797 0.1160 -0.0010 -0.015704 3.077424 
0.304 1.76 1.93 0.4992 0.4846 0.1168 -0.0010 -0.015704 3.077426 
0.305 1.29 1.80 0.5380 0.4958 0.1172 -0.0011 -0.015704 3.077428 
0.306 1.73 1.97 0.5018 0.4817 0.1176 -0.0011 -0.015704 3.077427 
0.307 1.70 1.44 0.5040 0.5262 0.1180 -0.0011 -0.015704 3.077424 
0.308 2.27 1.58 0.4570 0.5141 0.1189 -0.0011 -0.015704 3.077422 
0.309 1.75 1.99 0.4996 0.4798 0.1193 -0.0011 -0.015704 3.077424 
0.310 1.39 1.92 0.5300 0.4856 0.1197 -0.0011 -0.015704 3.077425 
0.311 1.76 1.94 0.4989 0.4841 0.1201 -0.0011 -0.015704 3.077426 
0.312 1.96 1.96 0.4828 0.4827 0.1205 -0.0011 -0.015704 3.077430 
0.313 1.44 1.53 0.5255 0.5180 0.1213 -0.0011 -0.015704 3.077431 
0.314 1.80 1.89 0.4960 0.4879 0.1217 -0.0011 -0.015704 3.077427 
0.315 1.72 2.07 0.5026 0.4729 0.1221 -0.0011 -0.015704 3.077423 
0.316 1.74 1.95 0.5010 0.4831 0.1225 -0.0011 -0.015704 3.077422 
0.317 1.78 1.78 0.4978 0.4977 0.1231 -0.0011 -0.018321 3.077424 
0.318 1.49 1.83 0.5219 0.4932 0.1237 -0.0012 -0.015704 3.077426 
0.319 1.73 1.92 0.5016 0.4861 0.1241 -0.0012 -0.015704 3.077430 
0.320 1.85 1.57 0.4915 0.5152 0.1245 -0.0012 -0.015704 3.077434 
0.321 1.69 1.92 0.5050 0.4856 0.1251 -0.0012 -0.018321 3.077433 
0.322 1.74 1.90 0.5006 0.4876 0.1256 -0.0012 -0.018321 3.077432 
0.323 1.84 1.54 0.4928 0.5176 0.1262 -0.0012 -0.015704 3.077435 
0.324 1.82 1.94 0.4940 0.4838 0.1266 -0.0012 -0.015704 3.077441 
0.325 1.84 2.03 0.4928 0.4763 0.1272 -0.0012 -0.018321 3.077451 
0.326 1.99 1.98 0.4802 0.4806 0.1276 -0.0012 -0.018321 3.077460 
0.327 1.78 1.75 0.4971 0.5004 0.1280 -0.0012 -0.018321 3.077461 
0.328 1.56 1.85 0.5154 0.4913 0.1286 -0.0012 -0.015704 3.077459 
0.329 1.69 1.94 0.5046 0.4842 0.1290 -0.0012 -0.015704 3.077460 
0.330 1.75 1.63 0.5002 0.5098 0.1296 -0.0013 -0.018321 3.077467 
0.331 1.50 1.89 0.5207 0.4884 0.1300 -0.0013 -0.018321 3.077471 
0.332 1.74 1.98 0.5010 0.4812 0.1306 -0.0013 -0.015704 3.077469 
0.333 1.85 1.42 0.4920 0.5279 0.1310 -0.0013 -0.015704 3.077467 
0.334 1.71 1.91 0.5037 0.4870 0.1316 -0.0013 -0.018321 3.077463 
0.335 1.72 1.85 0.5023 0.4914 0.1320 -0.0013 -0.018321 3.077456 
0.336 2.03 1.98 0.4763 0.4807 0.1324 -0.0013 -0.018321 3.077451 
0.337 1.78 1.90 0.4971 0.4873 0.1331 -0.0013 -0.015704 3.077451 
0.338 1.76 1.39 0.4994 0.5296 0.1337 -0.0013 -0.018321 3.077451 
0.339 1.99 1.98 0.4799 0.4808 0.1341 -0.0013 -0.018321 3.077450 
0.340 1.80 2.07 0.4960 0.4731 0.1345 -0.0013 -0.018321 3.077447 
0.341 1.79 1.99 0.4964 0.4804 0.1349 -0.0013 -0.018321 3.077444 
0.342 1.68 2.05 0.5060 0.4752 0.1355 -0.0014 -0.015704 3.077440 
0.343 1.71 2.15 0.5030 0.4664 0.1361 -0.0014 -0.018321 3.077439 
0.344 1.27 1.96 0.5401 0.4822 0.1365 -0.0014 -0.018321 3.077446 
0.345 1.68 1.82 0.5060 0.4945 0.1369 -0.0014 -0.018321 3.077457 
0.346 1.72 1.98 0.5026 0.4811 0.1377 -0.0014 -0.018321 3.077462 
0.347 2.27 1.90 0.4570 0.4875 0.1381 -0.0014 -0.018321 3.077461 
0.348 1.79 1.58 0.4968 0.5139 0.1385 -0.0014 -0.018321 3.077461 
0.349 1.41 1.96 0.5284 0.4827 0.1389 -0.0014 -0.018321 3.077465 
0.350 1.80 1.87 0.4961 0.4901 0.1393 -0.0014 -0.018321 3.077465 
0.351 1.77 1.91 0.4981 0.4867 0.1402 -0.0014 -0.018321 3.077455 
0.352 1.46 1.92 0.5242 0.4862 0.1406 -0.0015 -0.018321 3.077449 
0.353 1.80 1.49 0.4960 0.5220 0.1410 -0.0015 -0.018321 3.077454 
0.354 1.76 1.85 0.4988 0.4915 0.1414 -0.0015 -0.018321 3.077464 
0.355 1.78 2.02 0.4973 0.4771 0.1418 -0.0015 -0.018321 3.077470 
0.356 1.80 1.74 0.4960 0.5011 0.1426 -0.0015 -0.018321 3.077469 
0.357 1.48 1.85 0.5221 0.4914 0.1430 -0.0015 -0.018321 3.077461 
0.358 1.77 1.79 0.4985 0.4962 0.1434 -0.0015 -0.018321 3.077453 
0.359 1.86 1.93 0.4911 0.4852 0.1438 -0.0015 -0.018321 3.077453 
0.360 1.66 1.91 0.5071 0.4866 0.1446 -0.0015 -0.018321 3.077460 
0.361 1.75 1.89 0.5002 0.4884 0.1450 -0.0015 -0.018321 3.077469 
0.362 1.84 1.97 0.4925 0.4813 0.1454 -0.0015 -0.018321 3.077473 
0.363 1.82 1.51 0.4939 0.5196 0.1458 -0.0015 -0.018321 3.077471 
0.364 1.78 1.90 0.4972 0.4875 0.1464 -0.0016 -0.020938 3.077470 
0.365 2.00 1.95 0.4796 0.4835 0.1470 -0.0016 -0.018321 3.077471 
0.366 1.79 1.71 0.4968 0.5032 0.1475 -0.0016 -0.018321 3.077473 
0.367 1.58 1.89 0.5142 0.4885 0.1479 -0.0016 -0.018321 3.077477 
0.368 1.70 1.85 0.5041 0.4917 0.1483 -0.0016 -0.018321 3.077479 
0.369 1.75 1.93 0.5002 0.4848 0.1489 -0.0016 -0.020938 3.077477 
0.370 1.51 1.85 0.5200 0.4920 0.1495 -0.0016 -0.018321 3.077474 
0.371 1.74 1.81 0.5011 0.4949 0.1499 -0.0016 -0.018321 3.077471 
0.372 1.84 1.91 0.4924 0.4867 0.1503 -0.0016 -0.018321 3.077469 
0.373 1.68 1.39 0.5055 0.5297 0.1509 -0.0016 -0.020938 3.077465 
0.374 1.74 1.80 0.5006 0.4956 0.1515 -0.0017 -0.018321 3.077457 
0.375 2.04 1.94 0.4757 0.4845 0.1519 -0.0017 -0.018321 3.077451 
0.376 1.77 1.83 0.4979 0.4936 0.1523 -0.0017 -0.018321 3.077451 
0.377 1.76 1.85 0.4993 0.4912 0.1529 -0.0017 -0.020938 3.077454 
0.378 1.98 1.61 0.4807 0.5120 0.1533 -0.0017 -0.020938 3.077454 
0.379 1.78 2.01 0.4973 0.4781 0.1539 -0.0017 -0.018321 3.077455 
0.380 1.82 1.93 0.4940 0.4848 0.1543 -0.0017 -0.018321 3.077460 
0.381 1.40 1.57 0.5289 0.5146 0.1550 -0.0017 -0.020938 3.077462 
0.382 1.72 2.01 0.5026 0.4783 0.1554 -0.0017 -0.020938 3.077461 
0.383 1.27 2.12 0.5402 0.4693 0.1558 -0.0017 -0.020938 3.077462 
0.384 1.71 1.83 0.5031 0.4933 0.1564 -0.0018 -0.018321 3.077467 
0.385 1.81 1.95 0.4950 0.4834 0.1570 -0.0018 -0.020938 3.077469 
0.386 2.27 1.42 0.4568 0.5272 0.1574 -0.0018 -0.020938 3.077470 
0.387 1.77 1.90 0.4982 0.4877 0.1578 -0.0018 -0.020938 3.077472 
0.388 1.38 1.97 0.5305 0.4813 0.1584 -0.0018 -0.018321 3.077470 
0.389 1.76 1.90 0.4987 0.4879 0.1588 -0.0018 -0.018321 3.077466 
0.390 1.75 1.90 0.4999 0.4878 0.1594 -0.0018 -0.020938 3.077464 
0.391 1.43 1.92 0.5263 0.4861 0.1598 -0.0018 -0.020938 3.077466 
0.392 1.79 1.93 0.4970 0.4852 0.1602 -0.0018 -0.020938 3.077470 
0.393 1.74 1.86 0.5006 0.4908 0.1608 -0.0018 -0.018321 3.077471 
0.394 1.91 2.02 0.4864 0.4771 0.1614 -0.0019 -0.020938 3.077471 
0.395 1.79 1.91 0.4965 0.4866 0.1619 -0.0019 -0.020938 3.077468 
0.396 1.46 1.70 0.5243 0.5043 0.1623 -0.0019 -0.020938 3.077467 
0.397 1.75 1.81 0.5000 0.4949 0.1627 -0.0019 -0.020938 3.077469 
0.398 1.84 1.89 0.4926 0.4886 0.1635 -0.0019 -0.020938 3.077472 
0.399 1.67 1.51 0.5066 0.5196 0.1639 -0.0019 -0.020938 3.077475 
0.400 1.73 1.87 0.5018 0.4899 0.1643 -0.0019 -0.020938 3.077476 
0.401 1.81 1.86 0.4948 0.4908 0.1647 -0.0019 -0.020938 3.077474 
0.402 -5.96 -6.25 0.4967 0.5210 0.1653 -0.0019 -0.018321 3.077473 
0.403 -5.99 -5.85 0.4990 0.4874 0.1659 -0.0019 -0.020938 3.077475 
0.404 -5.42 -5.53 0.4513 0.4608 0.1663 -0.0020 -0.020938 3.077477 
0.405 -5.00 -5.10 0.4170 0.4250 0.1667 -0.0020 -0.020938 3.077472 
0.406 -4.42 -4.62 0.3685 0.3847 0.1671 -0.0020 -0.020938 3.077469 
0.407 -4.28 -3.58 0.3566 0.2984 0.1673 -0.0020 -0.018321 3.077476 
0.408 -3.55 -3.58 0.2959 0.2984 0.1675 -0.0020 -0.020938 3.077477 
0.409 -2.76 -2.53 0.2297 0.2112 0.1679 -0.0020 -0.020938 3.077466 
0.410 -2.76 -2.53 0.2297 0.2112 0.1679 -0.0020 -0.020938 3.077460 
0.411 -2.44 -2.34 0.2033 0.1948 0.1679 -0.0020 -0.020938 3.077457 
0.412 -1.86 -1.58 0.1555 0.1315 0.1681 -0.0020 -0.023556 3.077453 
0.413 -1.86 -1.19 0.1555 0.0993 0.1681 -0.0020 -0.023556 3.077463 
0.414 -1.86 -0.96 0.1555 0.0797 0.1681 -0.0020 -0.023556 3.077475 
0.415 -1.44 -0.91 0.1197 0.0761 0.1683 -0.0020 -0.020938 3.077471 
0.416 -1.11 -0.91 0.0924 0.0761 0.1683 -0.0020 -0.020938 3.077449 
0.417 -0.90 -0.91 0.0753 0.0761 0.1683 -0.0020 -0.020938 3.077403 
0.418 -0.76 1.64 0.0635 -0.1364 0.1681 -0.0020 -0.023556 3.077386 
0.419 -0.66 1.64 0.0549 -0.1364 0.1681 -0.0020 -0.023556 3.077408 
0.420 -0.58 1.64 0.0483 -0.1364 0.1681 -0.0020 -0.023556 3.077451 
0.421 0.57 1.29 -0.0473 -0.1073 0.1679 -0.0020 -0.020938 3.077514 
0.422 0.57 1.02 -0.0473 -0.0848 0.1679 -0.0020 -0.020938 3.077545 
0.423 0.57 0.84 -0.0473 -0.0702 0.1679 -0.0020 -0.020938 3.077524 
0.424 0.57 0.72 -0.0473 -0.0598 0.1679 -0.0020 -0.020938 3.077482 
0.425 0.57 0.62 -0.0473 -0.0521 0.1679 -0.0020 -0.020938 3.077445 
0.426 0.84 -0.60 -0.0701 0.0500 0.1679 -0.0020 -0.015704 3.077437 
0.427 0.84 -0.60 -0.0701 0.0500 0.1679 -0.0020 -0.015704 3.077454 
0.428 0.84 -0.60 -0.0701 0.0500 0.1679 -0.0020 -0.015704 3.077469 
0.429 0.84 -0.60 -0.0701 0.0500 0.1679 -0.0020 -0.015704 3.077475 
0.430 0.84 -0.60 -0.0701 0.0500 0.1679 -0.0020 -0.015704 3.077473 
0.431 0.84 -0.60 -0.0701 0.0500 0.1679 -0.0020 -0.015704 3.077472 
0.432 0.81 -0.60 -0.0674 0.0500 0.1679 -0.0020 -0.015704 3.077473 
0.433 0.69 -0.60 -0.0578 0.0500 0.1679 -0.0020 -0.015704 3.077472 
0.434 0.61 -0.56 -0.0506 0.0468 0.1679 -0.0020 -0.015704 3.077471 
0.435 0.54 -0.50 -0.0450 0.0419 0.1679 -0.0020 -0.015704 3.077473 
0.436 0.48 -0.46 -0.0405 0.0380 0.1679 -0.0020 -0.015704 3.077476 
0.437 0.44 -0.42 -0.0368 0.0348 0.1679 -0.0020 -0.015704 3.077466 
0.438 0.41 -0.38 -0.0338 0.0320 0.1679 -0.0020 -0.015704 3.077448 
0.439 0.37 -0.36 -0.0312 0.0297 0.1679 -0.0020 -0.015704 3.077431 
0.440 0.35 -0.33 -0.0289 0.0277 0.1679 -0.0020 -0.015704 3.077425 
0.441 0.32 -0.31 -0.0270 0.0259 0.1679 -0.0020 -0.015704 3.077440 
0.442 0.30 -0.29 -0.0253 0.0243 0.1679 -0.0020 -0.015704 3.077464 
0.443 0.28 -0.28 -0.0238 0.0230 0.1679 -0.0020 -0.015704 3.077483 
0.444 0.27 -0.26 -0.0225 0.0217 0.1679 -0.0020 -0.015704 3.077488 
0.445 0.26 -0.25 -0.0213 0.0206 0.1679 -0.0020 -0.015704 3.077482 
0.446 0.24 -0.23 -0.0203 0.0196 0.1679 -0.0020 -0.015704 3.077468 
0.447 0.23 -0.22 -0.0193 0.0187 0.1679 -0.0020 -0.015704 3.077453 
0.448 0.22 -0.21 -0.0184 0.0179 0.1679 -0.0020 -0.015704 3.077445 
0.449 0.21 -0.20 -0.0176 0.0171 0.1679 -0.0020 -0.015704 3.077442 
0.450 0.20 -0.20 -0.0169 0.0164 0.1679 -0.0020 -0.015704 3.077445 
0.451 0.19 -0.19 -0.0162 0.0158 0.1679 -0.0020 -0.015704 3.077449 
0.452 0.19 -0.18 -0.0156 0.0152 0.1679 -0.0020 -0.015704 3.077455 
0.453 0.18 -0.17 -0.0150 0.0147 0.1679 -0.0020 -0.015704 3.077464 
0.454 0.17 -0.17 -0.0145 0.0142 0.1679 -0.0020 -0.015704 3.077471 
0.455 0.17 -0.16 -0.0140 0.0137 0.1679 -0.0020 -0.015704 3.077476 
0.456 0.16 -0.16 -0.0135 0.0132 0.1679 -0.0020 -0.015704 3.077483 
0.457 0.16 -0.15 -0.0131 0.0128 0.1679 -0.0020 -0.015704 3.077495 
0.458 0.15 -0.15 -0.0127 0.0124 0.1679 -0.0020 -0.015704 3.077510 
0.459 0.15 -0.14 -0.0123 0.0120 0.1679 -0.0020 -0.015704 3.077518 
0.460 0.14 -0.14 -0.0119 0.0117 0.1679 -0.0020 -0.015704 3.077514 
0.461 0.14 -0.14 -0.0116 0.0114 0.1679 -0.0020 -0.015704 3.077502 
0.462 0.14 -0.13 -0.0113 0.0111 0.1679 -0.0020 -0.015704 3.077490 
0.463 0.13 -0.13 -0.0110 0.0108 0.1679 -0.0020 -0.015704 3.077483 
0.464 0.13 -0.12 -0.0107 0.0105 0.1679 -0.0020 -0.015704 3.077484 
0.465 0.12 -0.12 -0.0104 0.0102 0.1679 -0.0020 -0.015704 3.077492 
0.466 0.12 -0.12 -0.0101 0.0100 0.1679 -0.0020 -0.015704 3.077499 
0.467 0.12 -0.12 -0.0099 0.0097 0.1679 -0.0020 -0.015704 3.077497 
0.468 0.12 -0.11 -0.0097 0.0095 0.1679 -0.0020 -0.015704 3.077493 
0.469 0.11 -0.11 -0.0094 0.0093 0.1679 -0.0020 -0.015704 3.077490 
0.470 0.11 -0.11 -0.0092 0.0091 0.1679 -0.0020 -0.015704 3.077492 
0.471 0.11 -0.11 -0.0090 0.0089 0.1679 -0.0020 -0.015704 3.077497 
0.472 0.10 -0.10 -0.0088 0.0087 0.1679 -0.0020 -0.015704 3.077500 
0.473 0.10 -0.10 -0.0086 0.0085 0.1679 -0.0020 -0.015704 3.077496 
0.474 0.10 -0.10 -0.0084 0.0083 0.1679 -0.0020 -0.015704 3.077487 
0.475 0.10 -0.10 -0.0083 0.0082 0.1679 -0.0020 -0.015704 3.077481 
0.476 0.10 -0.10 -0.0081 0.0080 0.1679 -0.0020 -0.015704 3.077477 
0.477 0.10 -0.09 -0.0080 0.0079 0.1677 -0.0020 -0.013086 3.077474 
0.478 0.10 -0.09 -0.0080 0.0077 0.1677 -0.0020 -0.013086 3.077478 
0.479 0.10 -0.09 -0.0080 0.0076 0.1677 -0.0020 -0.013086 3.077485 
0.480 0.10 -0.09 -0.0080 0.0074 0.1677 -0.0020 -0.013086 3.077490 
0.481 0.10 -0.09 -0.0080 0.0073 0.1677 -0.0020 -0.013086 3.077492 
0.482 0.10 -0.09 -0.0080 0.0072 0.1677 -0.0020 -0.013086 3.077489 
0.483 0.10 -0.08 -0.0080 0.0070 0.1677 -0.0020 -0.013086 3.077483 
0.484 0.10 -0.08 -0.0080 0.0069 0.1677 -0.0020 -0.013086 3.077479 
0.485 0.10 -0.08 -0.0080 0.0068 0.1677 -0.0020 -0.013086 3.077473 
0.486 0.10 -0.08 -0.0080 0.0067 0.1677 -0.0020 -0.013086 3.077468 
0.487 0.10 -0.08 -0.0080 0.0066 0.1677 -0.0020 -0.013086 3.077469 
0.488 0.10 -0.08 -0.0080 0.0065 0.1677 -0.0020 -0.013086 3.077473 
0.489 0.10 -0.08 -0.0080 0.0064 0.1677 -0.0020 -0.013086 3.077473 
0.490 0.10 -0.07 -0.0080 0.0063 0.1677 -0.0020 -0.013086 3.077474 
0.491 0.10 -0.07 -0.0080 0.0062 0.1677 -0.0020 -0.013086 3.077477 
0.492 0.10 -0.07 -0.0080 0.0061 0.1677 -0.0020 -0.013086 3.077480 
0.493 0.10 -0.07 -0.0080 0.0060 0.1677 -0.0020 -0.013086 3.077483 
0.494 0.10 -0.07 -0.0080 0.0059 0.1677 -0.0020 -0.013086 3.077489 
0.495 0.10 -0.07 -0.0080 0.0058 0.1677 -0.0020 -0.013086 3.077494 
0.496 0.10 -0.07 -0.0080 0.0057 0.1677 -0.0020 -0.013086 3.077498 
0.497 0.10 -0.07 -0.0080 0.0057 0.1677 -0.0020 -0.013086 3.077497 
0.498 0.10 -0.07 -0.0080 0.0056 0.1677 -0.0020 -0.013086 3.077487 
0.499 0.10 -0.07 -0.0080 0.0055 0.1677 -0.0020 -0.013086 3.077481 
0.500 0.10 -0.07 -0.0080 0.0054 0.1677 -0.0020 -0.013086 3.077481 
0.501 0.10 -0.06 -0.0080 0.0054 0.1677 -0.0020 -0.013086 3.077481 
0.502 0.10 -0.06 -0.0080 0.0053 0.1677 -0.0020 -0.013086 3.077475 
0.503 0.10 -0.06 -0.0080 0.0052 0.1677 -0.0020 -0.013086 3.077469 
0.504 0.10 -0.06 -0.0080 0.0052 0.1677 -0.0020 -0.013086 3.077466 
0.505 0.10 -0.06 -0.0080 0.0051 0.1677 -0.0020 -0.013086 3.077465 
0.506 0.10 -0.06 -0.0080 0.0050 0.1677 -0.0020 -0.013086 3.077463 
0.507 0.10 -0.06 -0.0080 0.0050 0.1677 -0.0020 -0.013086 3.077459 
0.508 0.10 -0.06 -0.0080 0.0049 0.1677 -0.0020 -0.013086 3.077456 
0.509 0.10 -0.06 -0.0080 0.0048 0.1677 -0.0020 -0.013086 3.077459 
0.510 0.10 -0.06 -0.0080 0.0048 0.1677 -0.0020 -0.013086 3.077462 
0.511 0.10 -0.06 -0.0080 0.0047 0.1677 -0.0020 -0.013086 3.077461 
0.512 0.10 -0.06 -0.0080 0.0047 0.1677 -0.0020 -0.013086 3.077459 
0.513 0.10 -0.06 -0.0080 0.0046 0.1677 -0.0020 -0.013086 3.077459 
0.514 0.10 -0.05 -0.0080 0.0046 0.1677 -0.0020 -0.013086 3.077461 
0.515 0.10 -0.05 -0.0080 0.0045 0.1677 -0.0020 -0.013086 3.077463 
0.516 0.10 -0.05 -0.0080 0.0045 0.1677 -0.0020 -0.013086 3.077464 
0.517 0.10 -0.05 -0.0080 0.0044 0.1677 -0.0020 -0.013086 3.077462 
0.518 0.10 -0.05 -0.0080 0.0044 0.1677 -0.0020 -0.013086 3.077459 
0.519 0.10 -0.05 -0.0080 0.0043 0.1677 -0.0020 -0.013086 3.077456 
0.520 0.10 -0.05 -0.0080 0.0043 0.1677 -0.0020 -0.013086 3.077457 
0.521 0.10 -0.05 -0.0080 0.0042 0.1677 -0.0020 -0.013086 3.077459 
0.522 0.10 -0.05 -0.0080 0.0042 0.1677 -0.0020 -0.013086 3.077461 
0.523 0.10 -0.05 -0.0080 0.0042 0.1677 -0.0020 -0.013086 3.077463 
0.524 0.10 -0.05 -0.0080 0.0041 0.1677 -0.0020 -0.013086 3.077463 
0.525 0.10 -0.05 -0.0080 0.0041 0.1677 -0.0020 -0.013086 3.077459 
0.526 0.10 -0.05 -0.0080 0.0040 0.1677 -0.0020 -0.013086 3.077456 
0.527 0.10 -0.05 -0.0080 0.0040 0.1677 -0.0020 -0.013086 3.077459 
0.528 0.10 -0.05 -0.0079 0.0040 0.1677 -0.0020 -0.013086 3.077462 
0.529 0.09 -0.05 -0.0078 0.0039 0.1677 -0.0020 -0.013086 3.077462 
0.530 0.09 -0.05 -0.0076 0.0039 0.1677 -0.0020 -0.013086 3.077460 
0.531 0.09 -0.05 -0.0075 0.0038 0.1677 -0.0020 -0.013086 3.077457 
0.532 0.09 -0.04 -0.0074 0.0038 0.1677 -0.0020 -0.013086 3.077452 
0.533 0.09 -0.04 -0.0072 0.0038 0.1677 -0.0020 -0.013086 3.077447 
0.534 0.09 -0.04 -0.0071 0.0037 0.1677 -0.0020 -0.013086 3.077445 
0.535 0.08 -0.04 -0.0070 0.0037 0.1677 -0.0020 -0.013086 3.077444 
0.536 0.08 -0.04 -0.0069 0.0037 0.1677 -0.0020 -0.013086 3.077442 
0.537 0.08 -0.04 -0.0067 0.0036 0.1677 -0.0020 -0.013086 3.077443 
0.538 0.08 -0.04 -0.0066 0.0036 0.1677 -0.0020 -0.013086 3.077446 
0.539 0.08 -0.04 -0.0065 0.0036 0.1677 -0.0020 -0.013086 3.077446 
0.540 0.08 -0.04 -0.0064 0.0035 0.1677 -0.0020 -0.013086 3.077443 
0.541 0.07 -0.04 -0.0063 0.0035 0.1677 -0.0020 -0.013086 3.077441 
0.542 0.07 -0.04 -0.0062 0.0035 0.1677 -0.0020 -0.013086 3.077441 
0.543 0.07 -0.04 -0.0061 0.0034 0.1677 -0.0020 -0.013086 3.077440 
0.544 0.07 -0.04 -0.0060 0.0034 0.1677 -0.0020 -0.013086 3.077438 
0.545 0.07 -0.04 -0.0059 0.0034 0.1677 -0.0020 -0.013086 3.077439 
0.546 0.07 -0.04 -0.0059 0.0034 0.1677 -0.0020 -0.013086 3.077436 
0.547 0.07 -0.04 -0.0058 0.0033 0.1677 -0.0020 -0.013086 3.077432 
0.548 0.07 -0.04 -0.0057 0.0033 0.1677 -0.0020 -0.013086 3.077429 
0.549 0.07 -0.04 -0.0056 0.0033 0.1677 -0.0020 -0.013086 3.077426 
0.550 0.07 -0.04 -0.0055 0.0033 0.1677 -0.0020 -0.013086 3.077425 
0.551 0.07 -0.04 -0.0055 0.0032 0.1677 -0.0020 -0.013086 3.077427 
0.552 0.06 -0.04 -0.0054 0.0032 0.1677 -0.0020 -0.013086 3.077430 
0.553 0.06 -0.04 -0.0053 0.0032 0.1677 -0.0020 -0.013086 3.077432 
0.554 0.06 -0.04 -0.0053 0.0032 0.1677 -0.0020 -0.013086 3.077436 
0.555 0.06 -0.04 -0.0052 0.0031 0.1677 -0.0020 -0.013086 3.077442 
0.556 0.06 -0.04 -0.0051 0.0031 0.1677 -0.0020 -0.013086 3.077447 
0.557 0.06 -0.04 -0.0051 0.0031 0.1677 -0.0020 -0.013086 3.077451 
0.558 0.06 -0.04 -0.0050 0.0031 0.1677 -0.0020 -0.013086 3.077455 
0.559 0.06 -0.04 -0.0049 0.0030 0.1677 -0.0020 -0.013086 3.077456 
0.560 0.06 -0.04 -0.0049 0.0030 0.1677 -0.0020 -0.013086 3.077456 
0.561 0.06 -0.04 -0.0048 0.0030 0.1677 -0.0020 -0.013086 3.077457 
0.562 0.06 -0.04 -0.0048 0.0030 0.1677 -0.0020 -0.013086 3.077458 
0.563 0.06 -0.04 -0.0047 0.0029 0.1677 -0.0020 -0.013086 3.077461 
0.564 0.06 -0.04 -0.0047 0.0029 0.1677 -0.0020 -0.013086 3.077466 
0.565 0.06 -0.03 -0.0046 0.0029 0.1677 -0.0020 -0.013086 3.077468 
0.566 0.05 -0.03 -0.0045 0.0029 0.1677 -0.0020 -0.013086 3.077469 
0.567 0.05 -0.03 -0.0045 0.0029 0.1677 -0.0020 -0.013086 3.077471 
0.568 0.05 -0.03 -0.0044 0.0028 0.1677 -0.0020 -0.013086 3.077471 
0.569 0.05 -0.03 -0.0044 0.0028 0.1677 -0.0020 -0.013086 3.077471 
0.570 0.05 -0.03 -0.0044 0.0028 0.1677 -0.0020 -0.013086 3.077474 
0.571 0.05 -0.03 -0.0043 0.0028 0.1677 -0.0020 -0.013086 3.077474 
0.572 0.05 -0.03 -0.0043 0.0028 0.1677 -0.0020 -0.013086 3.077473 
0.573 0.05 -0.03 -0.0042 0.0027 0.1677 -0.0020 -0.013086 3.077473 
0.574 0.05 -0.03 -0.0042 0.0027 0.1677 -0.0020 -0.013086 3.077475 
0.575 0.05 -0.03 -0.0041 0.0027 0.1677 -0.0020 -0.013086 3.077475 
0.576 0.05 -0.03 -0.0041 0.0027 0.1677 -0.0020 -0.013086 3.077476 
0.577 0.05 -0.03 -0.0040 0.0027 0.1677 -0.0020 -0.013086 3.077477 
0.578 0.05 -0.03 -0.0040 0.0027 0.1677 -0.0020 -0.013086 3.077478 
0.579 0.05 -0.03 -0.0040 0.0026 0.1677 -0.0020 -0.013086 3.077480 
0.580 0.05 -0.03 -0.0039 0.0026 0.1677 -0.0020 -0.013086 3.077482 
0.581 0.05 -0.03 -0.0039 0.0026 0.1677 -0.0020 -0.013086 3.077487 
0.582 0.05 -0.03 -0.0039 0.0026 0.1677 -0.0020 -0.013086 3.077494 
0.583 0.04 -0.03 -0.0038 0.0026 0.1677 -0.0020 -0.013086 3.077496 
0.584 0.04 -0.03 -0.0038 0.0026 0.1677 -0.0020 -0.013086 3.077495 
0.585 0.04 -0.03 -0.0037 0.0025 0.1677 -0.0020 -0.013086 3.077498 
0.586 0.04 -0.03 -0.0037 0.0025 0.1677 -0.0020 -0.013086 3.077500 
0.587 0.04 -0.03 -0.0037 0.0025 0.1677 -0.0020 -0.013086 3.077499 
0.588 0.04 -0.03 -0.0036 0.0025 0.1677 -0.0020 -0.013086 3.077499 
0.589 0.04 -0.03 -0.0036 0.0025 0.1677 -0.0020 -0.013086 3.077503 
0.590 0.04 -0.03 -0.0036 0.0025 0.1677 -0.0020 -0.013086 3.077506 
0.591 0.04 -0.03 -0.0036 0.0024 0.1677 -0.0020 -0.013086 3.077506 
0.592 0.04 -0.03 -0.0035 0.0024 0.1677 -0.0020 -0.013086 3.077507 
0.593 0.04 -0.03 -0.0035 0.0024 0.1677 -0.0020 -0.013086 3.077511 
0.594 0.04 -0.03 -0.0035 0.0024 0.1677 -0.0020 -0.013086 3.077510 
0.595 0.04 -0.03 -0.0034 0.0024 0.1677 -0.0020 -0.013086 3.077507 
0.596 0.04 -0.03 -0.0034 0.0024 0.1677 -0.0020 -0.013086 3.077505 
0.597 0.04 -0.03 -0.0034 0.0024 0.1677 -0.0020 -0.013086 3.077507 
0.598 0.04 -0.03 -0.0033 0.0023 0.1677 -0.0020 -0.013086 3.077511 
0.599 0.04 -0.03 -0.0033 0.0023 0.1677 -0.0020 -0.013086 3.077515 
0.600 0.04 -0.03 -0.0033 0.0023 0.1677 -0.0020 -0.013086 3.077517 
0.601 0.04 -0.03 -0.0033 0.0023 0.1677 -0.0020 -0.013086 3.077517 
0.602 0.04 -0.03 -0.0032 0.0023 0.1677 -0.0020 -0.013086 3.077516 
0.603 0.04 -0.03 -0.0032 0.0023 0.1677 -0.0020 -0.013086 3.077515 
0.604 0.04 -0.03 -0.0032 0.0023 0.1677 -0.0020 -0.013086 3.077515 
0.605 0.04 -0.03 -0.0032 0.0023 0.1677 -0.0020 -0.013086 3.077519 
0.606 0.04 -0.03 -0.0031 0.0022 0.1677 -0.0020 -0.013086 3.077523 
0.607 0.04 -0.03 -0.0031 0.0022 0.1677 -0.0020 -0.013086 3.077526 
0.608 0.04 -0.03 -0.0031 0.0022 0.1677 -0.0020 -0.013086 3.077528 
0.609 0.04 -0.03 -0.0031 0.0022 0.1677 -0.0020 -0.013086 3.077528 
0.610 0.04 -0.03 -0.0030 0.0022 0.1677 -0.0020 -0.013086 3.077529 
0.611 0.04 -0.03 -0.0030 0.0022 0.1677 -0.0020 -0.013086 3.077529 
0.612 0.04 -0.03 -0.0030 0.0022 0.1677 -0.0020 -0.013086 3.077530 
0.613 0.04 -0.03 -0.0030 0.0022 0.1677 -0.0020 -0.013086 3.077532 
0.614 0.04 -0.03 -0.0030 0.0022 0.1677 -0.0020 -0.013086 3.077535 
0.615 0.04 -0.03 -0.0029 0.0021 0.1677 -0.0020 -0.013086 3.077540 
0.616 0.03 -0.03 -0.0029 0.0021 0.1677 -0.0020 -0.013086 3.077549 
0.617 0.03 -0.03 -0.0029 0.0021 0.1677 -0.0020 -0.013086 3.077555 
0.618 0.03 -0.03 -0.0029 0.0021 0.1677 -0.0020 -0.013086 3.077557 
0.619 0.03 -0.03 -0.0029 0.0021 0.1677 -0.0020 -0.013086 3.077555 
0.620 0.03 -0.03 -0.0028 0.0021 0.1677 -0.0020 -0.013086 3.077551 
0.621 0.03 -0.02 -0.0028 0.0021 0.1677 -0.0020 -0.013086 3.077550 
0.622 0.03 -0.02 -0.0028 0.0021 0.1677 -0.0020 -0.013086 3.077555 
0.623 0.03 -0.02 -0.0028 0.0021 0.1677 -0.0020 -0.013086 3.077557 
0.624 0.03 -0.02 -0.0028 0.0020 0.1677 -0.0020 -0.013086 3.077551 
0.625 0.03 -0.02 -0.0027 0.0020 0.1677 -0.0020 -0.013086 3.077543 
0.626 0.03 -0.02 -0.0027 0.0020 0.1677 -0.0020 -0.013086 3.077538 
0.627 0.03 -0.02 -0.0027 0.0020 0.1677 -0.0020 -0.013086 3.077538 
0.628 0.03 -0.02 -0.0027 0.0020 0.1677 -0.0020 -0.013086 3.077537 
0.629 0.03 -0.02 -0.0027 0.0020 0.1677 -0.0020 -0.013086 3.077535 
0.630 0.03 -0.02 -0.0026 0.0020 0.1677 -0.0020 -0.013086 3.077536 
0.631 0.03 -0.02 -0.0026 0.0020 0.1677 -0.0020 -0.013086 3.077534 
0.632 0.03 -0.02 -0.0026 0.0020 0.1677 -0.0020 -0.013086 3.077529 
0.633 0.03 -0.02 -0.0026 0.0020 0.1677 -0.0020 -0.013086 3.077525 
0.634 0.03 -0.02 -0.0026 0.0019 0.1677 -0.0020 -0.013086 3.077524 
0.635 0.03 -0.02 -0.0026 0.0019 0.1677 -0.0020 -0.013086 3.077525 
0.636 0.03 -0.02 -0.0025 0.0019 0.1677 -0.0020 -0.013086 3.077524 
0.637 0.03 -0.02 -0.0025 0.0019 0.1677 -0.0020 -0.013086 3.077523 
0.638 0.03 -0.02 -0.0025 0.0019 0.1677 -0.0020 -0.013086 3.077522 
0.639 0.03 -0.02 -0.0025 0.0019 0.1677 -0.0020 -0.013086 3.077520 
0.640 0.03 -0.02 -0.0025 0.0019 0.1677 -0.0020 -0.013086 3.077519 
0.641 0.03 -0.02 -0.0025 0.0019 0.1677 -0.0020 -0.013086 3.077519 
0.642 0.03 -0.02 -0.0025 0.0019 0.1677 -0.0020 -0.013086 3.077520 
0.643 0.03 -0.02 -0.0024 0.0019 0.1677 -0.0020 -0.013086 3.077523 
0.644 0.03 -0.02 -0.0024 0.0019 0.1677 -0.0020 -0.013086 3.077528 
0.645 0.03 -0.02 -0.0024 0.0018 0.1677 -0.0020 -0.013086 3.077530 
0.646 0.03 -0.02 -0.0024 0.0018 0.1677 -0.0020 -0.013086 3.077532 
0.647 0.03 -0.02 -0.0024 0.0018 0.1677 -0.0020 -0.013086 3.077533 
0.648 0.03 -0.02 -0.0024 0.0018 0.1677 -0.0020 -0.013086 3.077533 
0.649 0.03 -0.02 -0.0024 0.0018 0.1677 -0.0020 -0.013086 3.077532 
0.650 0.03 -0.02 -0.0023 0.0018 0.1677 -0.0020 -0.013086 3.077531 
0.651 0.03 -0.02 -0.0023 0.0018 0.1677 -0.0020 -0.013086 3.077530 
0.652 0.03 -0.02 -0.0023 0.0018 0.1677 -0.0020 -0.013086 3.077532 
0.653 0.03 -0.02 -0.0023 0.0018 0.1677 -0.0020 -0.013086 3.077535 
0.654 0.03 -0.02 -0.0023 0.0018 0.1677 -0.0020 -0.013086 3.077536 
0.655 0.03 -0.02 -0.0023 0.0018 0.1677 -0.0020 -0.013086 3.077536 
0.656 0.03 -0.02 -0.0023 0.0018 0.1677 -0.0020 -0.013086 3.077538 
0.657 0.03 -0.02 -0.0023 0.0018 0.1677 -0.0020 -0.013086 3.077538 
0.658 0.03 -0.02 -0.0022 0.0017 0.1677 -0.0020 -0.013086 3.077536 
0.659 0.03 -0.02 -0.0022 0.0017 0.1677 -0.0020 -0.013086 3.077531 
0.660 0.03 -0.02 -0.0022 0.0017 0.1677 -0.0020 -0.013086 3.077525 
0.661 0.03 -0.02 -0.0022 0.0017 0.1677 -0.0020 -0.013086 3.077522 
0.662 0.03 -0.02 -0.0022 0.0017 0.1677 -0.0020 -0.013086 3.077519 
0.663 0.03 -0.02 -0.0022 0.0017 0.1677 -0.0020 -0.013086 3.077517 
0.664 0.03 -0.02 -0.0022 0.0017 0.1677 -0.0020 -0.013086 3.077518 
0.665 0.03 -0.02 -0.0022 0.0017 0.1677 -0.0020 -0.013086 3.077519 
0.666 0.03 -0.02 -0.0021 0.0017 0.1677 -0.0020 -0.013086 3.077520 
0.667 0.03 -0.02 -0.0021 0.0017 0.1677 -0.0020 -0.013086 3.077519 
0.668 0.03 -0.02 -0.0021 0.0017 0.1677 -0.0020 -0.013086 3.077519 
0.669 0.03 -0.02 -0.0021 0.0017 0.1677 -0.0020 -0.013086 3.077517 
0.670 0.03 -0.02 -0.0021 0.0017 0.1677 -0.0020 -0.013086 3.077516 
0.671 0.03 -0.02 -0.0021 0.0017 0.1677 -0.0020 -0.013086 3.077514 
0.672 0.02 -0.02 -0.0021 0.0016 0.1677 -0.0020 -0.013086 3.077510 
0.673 0.02 -0.02 -0.0021 0.0016 0.1677 -0.0020 -0.013086 3.077509 
0.674 0.02 -0.02 -0.0021 0.0016 0.1677 -0.0020 -0.013086 3.077512 
0.675 0.02 -0.02 -0.0020 0.0016 0.1677 -0.0020 -0.013086 3.077513 
0.676 0.02 -0.02 -0.0020 0.0016 0.1677 -0.0020 -0.013086 3.077512 
0.677 0.02 -0.02 -0.0020 0.0016 0.1677 -0.0020 -0.013086 3.077514 
0.678 0.02 -0.02 -0.0020 0.0016 0.1677 -0.0020 -0.013086 3.077518 
0.679 0.02 -0.02 -0.0020 0.0016 0.1677 -0.0020 -0.013086 3.077521 
0.680 0.02 -0.02 -0.0020 0.0016 0.1677 -0.0020 -0.013086 3.077524 
0.681 0.02 -0.02 -0.0020 0.0016 0.1677 -0.0020 -0.013086 3.077527 
0.682 0.02 -0.02 -0.0020 0.0016 0.1677 -0.0020 -0.013086 3.077529 
0.683 0.02 -0.02 -0.0020 0.0016 0.1677 -0.0020 -0.013086 3.077531 
0.684 0.02 -0.02 -0.0020 0.0016 0.1677 -0.0020 -0.013086 3.077533 
0.685 0.02 -0.02 -0.0019 0.0016 0.1677 -0.0020 -0.013086 3.077536 
0.686 0.02 -0.02 -0.0019 0.0016 0.1677 -0.0020 -0.013086 3.077540 
0.687 0.02 -0.02 -0.0019 0.0016 0.1677 -0.0020 -0.013086 3.077545 
0.688 0.02 -0.02 -0.0019 0.0015 0.1677 -0.0020 -0.013086 3.077548 
0.689 0.02 -0.02 -0.0019 0.0015 0.1677 -0.0020 -0.013086 3.077548 
0.690 0.02 -0.02 -0.0019 0.0015 0.1677 -0.0020 -0.013086 3.077545 
0.691 0.02 -0.02 -0.0019 0.0015 0.1677 -0.0020 -0.013086 3.077542 
0.692 0.02 -0.02 -0.0019 0.0015 0.1677 -0.0020 -0.013086 3.077538 
0.693 0.02 -0.02 -0.0019 0.0015 0.1677 -0.0020 -0.013086 3.077536 
0.694 0.02 -0.02 -0.0019 0.0015 0.1677 -0.0020 -0.013086 3.077535 
0.695 0.02 -0.02 -0.0019 0.0015 0.1677 -0.0020 -0.013086 3.077535 
0.696 0.02 -0.02 -0.0019 0.0015 0.1677 -0.0020 -0.013086 3.077533 
0.697 0.02 -0.02 -0.0018 0.0015 0.1677 -0.0020 -0.013086 3.077529 
0.698 0.02 -0.02 -0.0018 0.0015 0.1677 -0.0020 -0.013086 3.077527 
0.699 0.02 -0.02 -0.0018 0.0015 0.1677 -0.0020 -0.013086 3.077531 
0.700 0.02 -0.02 -0.0018 0.0015 0.1677 -0.0020 -0.013086 3.077536 
0.701 0.02 -0.02 -0.0018 0.0015 0.1677 -0.0020 -0.013086 3.077537 
0.702 0.02 -0.02 -0.0018 0.0015 0.1677 -0.0020 -0.013086 3.077536 
0.703 0.02 -0.02 -0.0018 0.0015 0.1677 -0.0020 -0.013086 3.077531 
0.704 0.02 -0.02 -0.0018 0.0015 0.1677 -0.0020 -0.013086 3.077526 
0.705 0.02 -0.02 -0.0018 0.0015 0.1677 -0.0020 -0.013086 3.077524 
0.706 0.02 -0.02 -0.0018 0.0014 0.1677 -0.0020 -0.013086 3.077525 
0.707 0.02 -0.02 -0.0018 0.0014 0.1677 -0.0020 -0.013086 3.077528 
0.708 0.02 -0.02 -0.0018 0.0014 0.1677 -0.0020 -0.013086 3.077529 
0.709 0.02 -0.02 -0.0017 0.0014 0.1677 -0.0020 -0.013086 3.077532 
0.710 0.02 -0.02 -0.0017 0.0014 0.1677 -0.0020 -0.013086 3.077533 
0.711 0.02 -0.02 -0.0017 0.0014 0.1677 -0.0020 -0.013086 3.077531 
0.712 0.02 -0.02 -0.0017 0.0014 0.1677 -0.0020 -0.013086 3.077531 
0.713 0.02 -0.02 -0.0017 0.0014 0.1677 -0.0020 -0.013086 3.077534 
0.714 0.02 -0.02 -0.0017 0.0014 0.1677 -0.0020 -0.013086 3.077537 
0.715 0.02 -0.02 -0.0017 0.0014 0.1677 -0.0020 -0.013086 3.077540 
0.716 0.02 -0.02 -0.0017 0.0014 0.1677 -0.0020 -0.013086 3.077539 
0.717 0.02 -0.02 -0.0017 0.0014 0.1677 -0.0020 -0.013086 3.077536 
0.718 0.02 -0.02 -0.0017 0.0014 0.1677 -0.0020 -0.013086 3.077535 
0.719 0.02 -0.02 -0.0017 0.0014 0.1677 -0.0020 -0.013086 3.077536 
0.720 0.02 -0.02 -0.0017 0.0014 0.1677 -0.0020 -0.013086 3.077537 
0.721 0.02 -0.02 -0.0017 0.0014 0.1677 -0.0020 -0.013086 3.077535 
0.722 0.02 -0.02 -0.0017 0.0014 0.1677 -0.0020 -0.013086 3.077530 
0.723 0.02 -0.02 -0.0016 0.0014 0.1677 -0.0020 -0.013086 3.077529 
0.724 0.02 -0.02 -0.0016 0.0014 0.1677 -0.0020 -0.013086 3.077534 
0.725 0.02 -0.02 -0.0016 0.0014 0.1677 -0.0020 -0.013086 3.077538 
0.726 0.02 -0.02 -0.0016 0.0013 0.1677 -0.0020 -0.013086 3.077538 
0.727 0.02 -0.02 -0.0016 0.0013 0.1677 -0.0020 -0.013086 3.077536 
0.728 0.02 -0.02 -0.0016 0.0013 0.1677 -0.0020 -0.013086 3.077533 
0.729 0.02 -0.02 -0.0016 0.0013 0.1677 -0.0020 -0.013086 3.077532 
0.730 0.02 -0.01 -0.0016 0.0013 0.1677 -0.0020 -0.013086 3.077533 
0.731 0.02 -0.01 -0.0016 0.0013 0.1677 -0.0020 -0.013086 3.077530 
0.732 0.02 -0.01 -0.0016 0.0013 0.1677 -0.0020 -0.013086 3.077528 
0.733 0.02 -0.01 -0.0016 0.0013 0.1677 -0.0020 -0.013086 3.077529 
0.734 0.02 -0.01 -0.0016 0.0013 0.1677 -0.0020 -0.013086 3.077528 
0.735 0.02 -0.01 -0.0016 0.0013 0.1677 -0.0020 -0.013086 3.077528 
0.736 0.02 -0.01 -0.0016 0.0013 0.1677 -0.0020 -0.013086 3.077530 
0.737 0.02 -0.01 -0.0016 0.0013 0.1677 -0.0020 -0.013086 3.077533 
0.738 0.02 -0.01 -0.0016 0.0013 0.1677 -0.0020 -0.013086 3.077536 
0.739 0.02 -0.01 -0.0015 0.0013 0.1677 -0.0020 -0.013086 3.077536 
0.740 0.02 -0.01 -0.0015 0.0013 0.1677 -0.0020 -0.013086 3.077538 
0.741 0.02 -0.01 -0.0015 0.0013 0.1677 -0.0020 -0.013086 3.077540 
0.742 0.02 -0.01 -0.0015 0.0013 0.1677 -0.0020 -0.013086 3.077540 
0.743 0.02 -0.01 -0.0015 0.0013 0.1677 -0.0020 -0.013086 3.077538 
0.744 0.02 -0.01 -0.0015 0.0013 0.1677 -0.0020 -0.013086 3.077537 
0.745 0.02 -0.01 -0.0015 0.0013 0.1677 -0.0020 -0.013086 3.077537 
0.746 0.02 -0.01 -0.0015 0.0013 0.1677 -0.0020 -0.013086 3.077537 
0.747 0.02 -0.01 -0.0015 0.0013 0.1677 -0.0020 -0.013086 3.077535 
0.748 0.02 -0.01 -0.0015 0.0013 0.1677 -0.0020 -0.013086 3.077533 
0.749 0.02 -0.01 -0.0015 0.0013 0.1677 -0.0020 -0.013086 3.077535 
0.750 0.02 -0.01 -0.0015 0.0012 0.1677 -0.0020 -0.013086 3.077536 
0.751 0.02 -0.01 -0.0015 0.0012 0.1677 -0.0020 -0.013086 3.077534 
0.752 0.02 -0.01 -0.0015 0.0012 0.1677 -0.0020 -0.013086 3.077534 
0.753 0.02 -0.01 -0.0015 0.0012 0.1677 -0.0020 -0.013086 3.077538 
0.754 0.02 -0.01 -0.0015 0.0012 0.1677 -0.0020 -0.013086 3.077539 
0.755 0.02 -0.01 -0.0015 0.0012 0.1677 -0.0020 -0.013086 3.077539 
0.756 0.02 -0.01 -0.0015 0.0012 0.1677 -0.0020 -0.013086 3.077541 
0.757 0.02 -0.01 -0.0014 0.0012 0.1677 -0.0020 -0.013086 3.077541 
0.758 0.02 -0.01 -0.0014 0.0012 0.1677 -0.0020 -0.013086 3.077539 
0.759 0.02 -0.01 -0.0014 0.0012 0.1677 -0.0020 -0.013086 3.077537 
0.760 0.02 -0.01 -0.0014 0.0012 0.1677 -0.0020 -0.013086 3.077536 
0.761 0.02 -0.01 -0.0014 0.0012 0.1677 -0.0020 -0.013086 3.077537 
0.762 0.02 -0.01 -0.0014 0.0012 0.1677 -0.0020 -0.013086 3.077538 
0.763 0.02 -0.01 -0.0014 0.0012 0.1677 -0.0020 -0.013086 3.077540 
0.764 0.02 -0.01 -0.0014 0.0012 0.1677 -0.0020 -0.013086 3.077541 
0.765 0.02 -0.01 -0.0014 0.0012 0.1677 -0.0020 -0.013086 3.077540 
0.766 0.02 -0.01 -0.0014 0.0012 0.1677 -0.0020 -0.013086 3.077536 
0.767 0.02 -0.01 -0.0014 0.0012 0.1677 -0.0020 -0.013086 3.077533 
0.768 0.02 -0.01 -0.0014 0.0012 0.1677 -0.0020 -0.013086 3.077534 
0.769 0.02 -0.01 -0.0014 0.0012 0.1677 -0.0020 -0.013086 3.077537 
0.770 0.02 -0.01 -0.0014 0.0012 0.1677 -0.0020 -0.013086 3.077537 
0.771 0.02 -0.01 -0.0014 0.0012 0.1677 -0.0020 -0.013086 3.077536 
0.772 0.02 -0.01 -0.0014 0.0012 0.1677 -0.0020 -0.013086 3.077537 
0.773 0.02 -0.01 -0.0014 0.0012 0.1677 -0.0020 -0.013086 3.077538 
0.774 0.02 -0.01 -0.0014 0.0012 0.1677 -0.0020 -0.013086 3.077543 
0.775 0.02 -0.01 -0.0014 0.0012 0.1677 -0.0020 -0.013086 3.077546 
0.776 0.02 -0.01 -0.0014 0.0012 0.1677 -0.0020 -0.013086 3.077545 
0.777 0.02 -0.01 -0.0014 0.0012 0.1677 -0.0020 -0.013086 3.077544 
0.778 0.02 -0.01 -0.0013 0.0012 0.1677 -0.0020 -0.013086 3.077546 
0.779 0.02 -0.01 -0.0013 0.0011 0.1677 -0.0020 -0.013086 3.077547 
0.780 0.02 -0.01 -0.0013 0.0011 0.1677 -0.0020 -0.013086 3.077545 
0.781 0.02 -0.01 -0.0013 0.0011 0.1677 -0.0020 -0.013086 3.077541 
0.782 0.01 -0.01 -0.0013 0.0011 0.1677 -0.0020 -0.013086 3.077539 
0.783 0.01 -0.01 -0.0013 0.0011 0.1677 -0.0020 -0.013086 3.077542 
0.784 0.01 -0.01 -0.0013 0.0011 0.1677 -0.0020 -0.013086 3.077545 
0.785 0.01 -0.01 -0.0013 0.0011 0.1677 -0.0020 -0.013086 3.077548 
0.786 0.01 -0.01 -0.0013 0.0011 0.1677 -0.0020 -0.013086 3.077548 
0.787 0.01 -0.01 -0.0013 0.0011 0.1677 -0.0020 -0.013086 3.077545 
0.788 0.01 -0.01 -0.0013 0.0011 0.1677 -0.0020 -0.013086 3.077542 
0.789 0.01 -0.01 -0.0013 0.0011 0.1677 -0.0020 -0.013086 3.077536 
0.790 0.01 -0.01 -0.0013 0.0011 0.1677 -0.0020 -0.013086 3.077532 
0.791 0.01 -0.01 -0.0013 0.0011 0.1677 -0.0020 -0.013086 3.077529 
0.792 0.01 -0.01 -0.0013 0.0011 0.1677 -0.0020 -0.013086 3.077525 
0.793 0.01 -0.01 -0.0013 0.0011 0.1677 -0.0020 -0.013086 3.077521 
0.794 0.01 -0.01 -0.0013 0.0011 0.1677 -0.0020 -0.013086 3.077520 
0.795 0.01 -0.01 -0.0013 0.0011 0.1677 -0.0020 -0.013086 3.077520 
0.796 0.01 -0.01 -0.0013 0.0011 0.1677 -0.0020 -0.013086 3.077518 
0.797 0.01 -0.01 -0.0013 0.0011 0.1677 -0.0020 -0.013086 3.077518 
0.798 0.01 -0.01 -0.0013 0.0011 0.1677 -0.0020 -0.013086 3.077518 
0.799 0.01 -0.01 -0.0013 0.0011 0.1677 -0.0020 -0.013086 3.077519 
0.800 0.01 -0.01 -0.0013 0.0011 0.1677 -0.0020 -0.013086 3.077518 
0.801 0.01 -0.01 -0.0013 0.0011 0.1677 -0.0020 -0.013086 3.077518 
0.802 0.01 -0.01 -0.0012 0.0011 0.1677 -0.0020 -0.013086 3.077517 
0.803 0.01 -0.01 -0.0012 0.0011 0.1677 -0.0020 -0.013086 3.077516 
0.804 0.01 -0.01 -0.0012 0.0011 0.1677 -0.0020 -0.013086 3.077515 
0.805 0.01 -0.01 -0.0012 0.0011 0.1677 -0.0020 -0.013086 3.077512 
0.806 0.01 -0.01 -0.0012 0.0011 0.1677 -0.0020 -0.013086 3.077509 
0.807 0.01 -0.01 -0.0012 0.0011 0.1677 -0.0020 -0.013086 3.077509 
0.808 0.01 -0.01 -0.0012 0.0011 0.1677 -0.0020 -0.013086 3.077511 
0.809 0.01 -0.01 -0.0012 0.0011 0.1677 -0.0020 -0.013086 3.077511 
0.810 0.01 -0.01 -0.0012 0.0011 0.1677 -0.0020 -0.013086 3.077511 
0.811 0.01 -0.01 -0.0012 0.0011 0.1677 -0.0020 -0.013086 3.077509 
0.812 0.01 -0.01 -0.0012 0.0010 0.1677 -0.0020 -0.013086 3.077507 
0.813 0.01 -0.01 -0.0012 0.0010 0.1677 -0.0020 -0.013086 3.077507 
0.814 0.01 -0.01 -0.0012 0.0010 0.1677 -0.0020 -0.013086 3.077506 
0.815 0.01 -0.01 -0.0012 0.0010 0.1677 -0.0020 -0.013086 3.077504 
0.816 0.01 -0.01 -0.0012 0.0010 0.1677 -0.0020 -0.013086 3.077504 
0.817 0.01 -0.01 -0.0012 0.0010 0.1677 -0.0020 -0.013086 3.077505 
0.818 0.01 -0.01 -0.0012 0.0010 0.1677 -0.0020 -0.013086 3.077505 
0.819 0.01 -0.01 -0.0012 0.0010 0.1677 -0.0020 -0.013086 3.077503 
0.820 0.01 -0.01 -0.0012 0.0010 0.1677 -0.0020 -0.013086 3.077502 
0.821 0.01 -0.01 -0.0012 0.0010 0.1677 -0.0020 -0.013086 3.077503 
0.822 0.01 -0.01 -0.0012 0.0010 0.1677 -0.0020 -0.013086 3.077507 
0.823 0.01 -0.01 -0.0012 0.0010 0.1677 -0.0020 -0.013086 3.077510 
0.824 0.01 -0.01 -0.0012 0.0010 0.1677 -0.0020 -0.013086 3.077514 
0.825 0.01 -0.01 -0.0012 0.0010 0.1677 -0.0020 -0.013086 3.077516 
0.826 0.01 -0.01 -0.0012 0.0010 0.1677 -0.0020 -0.013086 3.077513 
0.827 0.01 -0.01 -0.0012 0.0010 0.1677 -0.0020 -0.013086 3.077508 
0.828 0.01 -0.01 -0.0012 0.0010 0.1677 -0.0020 -0.013086 3.077506 
0.829 0.01 -0.01 -0.0012 0.0010 0.1677 -0.0020 -0.013086 3.077504 
0.830 0.01 -0.01 -0.0011 0.0010 0.1677 -0.0020 -0.013086 3.077501 
0.831 0.01 -0.01 -0.0011 0.0010 0.1677 -0.0020 -0.013086 3.077499 
0.832 0.01 -0.01 -0.0011 0.0010 0.1677 -0.0020 -0.013086 3.077497 
0.833 0.01 -0.01 -0.0011 0.0010 0.1677 -0.0020 -0.013086 3.077498 
0.834 0.01 -0.01 -0.0011 0.0010 0.1677 -0.0020 -0.013086 3.077504 
0.835 0.01 -0.01 -0.0011 0.0010 0.1677 -0.0020 -0.013086 3.077513 
0.836 0.01 -0.01 -0.0011 0.0010 0.1677 -0.0020 -0.013086 3.077518 
0.837 0.01 -0.01 -0.0011 0.0010 0.1677 -0.0020 -0.013086 3.077521 
0.838 0.01 -0.01 -0.0011 0.0010 0.1677 -0.0020 -0.013086 3.077523 
0.839 0.01 -0.01 -0.0011 0.0010 0.1677 -0.0020 -0.013086 3.077526 
0.840 0.01 -0.01 -0.0011 0.0010 0.1677 -0.0020 -0.013086 3.077528 
0.841 0.01 -0.01 -0.0011 0.0010 0.1677 -0.0020 -0.013086 3.077530 
0.842 0.01 -0.01 -0.0011 0.0010 0.1677 -0.0020 -0.013086 3.077531 
0.843 0.01 -0.01 -0.0011 0.0010 0.1677 -0.0020 -0.013086 3.077530 
0.844 0.01 -0.01 -0.0011 0.0010 0.1677 -0.0020 -0.013086 3.077527 
0.845 0.01 -0.01 -0.0011 0.0010 0.1677 -0.0020 -0.013086 3.077523 
0.846 0.01 -0.01 -0.0011 0.0010 0.1677 -0.0020 -0.013086 3.077524 
0.847 0.01 -0.01 -0.0011 0.0010 0.1677 -0.0020 -0.013086 3.077528 
0.848 0.01 -0.01 -0.0011 0.0010 0.1677 -0.0020 -0.013086 3.077531 
0.849 0.01 -0.01 -0.0011 0.0010 0.1677 -0.0020 -0.013086 3.077530 
0.850 0.01 -0.01 -0.0011 0.0010 0.1677 -0.0020 -0.013086 3.077529 
0.851 0.01 -0.01 -0.0011 0.0010 0.1677 -0.0020 -0.013086 3.077531 
0.852 0.01 -0.01 -0.0011 0.0010 0.1677 -0.0020 -0.013086 3.077532 
0.853 0.01 -0.01 -0.0011 0.0009 0.1677 -0.0020 -0.013086 3.077532 
0.854 0.01 -0.01 -0.0011 0.0009 0.1677 -0.0020 -0.013086 3.077532 
0.855 0.01 -0.01 -0.0011 0.0009 0.1677 -0.0020 -0.013086 3.077531 
0.856 0.01 -0.01 -0.0011 0.0009 0.1677 -0.0020 -0.013086 3.077533 
0.857 0.01 -0.01 -0.0011 0.0009 0.1677 -0.0020 -0.013086 3.077538 
0.858 0.01 -0.01 -0.0011 0.0009 0.1677 -0.0020 -0.013086 3.077543 
0.859 0.01 -0.01 -0.0011 0.0009 0.1677 -0.0020 -0.013086 3.077544 
0.860 0.01 -0.01 -0.0011 0.0009 0.1677 -0.0020 -0.013086 3.077542 
0.861 0.01 -0.01 -0.0011 0.0009 0.1677 -0.0020 -0.013086 3.077539 
0.862 0.01 -0.01 -0.0011 0.0009 0.1677 -0.0020 -0.013086 3.077538 
0.863 0.01 -0.01 -0.0011 0.0009 0.1677 -0.0020 -0.013086 3.077536 
0.864 0.01 -0.01 -0.0010 0.0009 0.1677 -0.0020 -0.013086 3.077534 
0.865 0.01 -0.01 -0.0010 0.0009 0.1677 -0.0020 -0.013086 3.077533 
0.866 0.01 -0.01 -0.0010 0.0009 0.1677 -0.0020 -0.013086 3.077533 
0.867 0.01 -0.01 -0.0010 0.0009 0.1677 -0.0020 -0.013086 3.077532 
0.868 0.01 -0.01 -0.0010 0.0009 0.1677 -0.0020 -0.013086 3.077530 
0.869 0.01 -0.01 -0.0010 0.0009 0.1677 -0.0020 -0.013086 3.077529 
0.870 0.01 -0.01 -0.0010 0.0009 0.1677 -0.0020 -0.013086 3.077530 
0.871 0.01 -0.01 -0.0010 0.0009 0.1677 -0.0020 -0.013086 3.077530 
0.872 0.01 -0.01 -0.0010 0.0009 0.1677 -0.0020 -0.013086 3.077529 
0.873 0.01 -0.01 -0.0010 0.0009 0.1677 -0.0020 -0.013086 3.077530 
0.874 0.01 -0.01 -0.0010 0.0009 0.1677 -0.0020 -0.013086 3.077529 
0.875 0.01 -0.01 -0.0010 0.0009 0.1677 -0.0020 -0.013086 3.077527 
0.876 0.01 -0.01 -0.0010 0.0009 0.1677 -0.0020 -0.013086 3.077527 
0.877 0.01 -0.01 -0.0010 0.0009 0.1677 -0.0020 -0.013086 3.077526 
0.878 0.01 -0.01 -0.0010 0.0009 0.1677 -0.0020 -0.013086 3.077524 
0.879 0.01 -0.01 -0.0010 0.0009 0.1677 -0.0020 -0.013086 3.077519 
0.880 0.01 -0.01 -0.0010 0.0009 0.1677 -0.0020 -0.013086 3.077516 
0.881 0.01 -0.01 -0.0010 0.0009 0.1677 -0.0020 -0.013086 3.077515 
0.882 0.01 -0.01 -0.0010 0.0009 0.1677 -0.0020 -0.013086 3.077515 
0.883 0.01 -0.01 -0.0010 0.0009 0.1677 -0.0020 -0.013086 3.077515 
0.884 0.01 -0.01 -0.0010 0.0009 0.1677 -0.0020 -0.013086 3.077519 
0.885 0.01 -0.01 -0.0010 0.0009 0.1677 -0.0020 -0.013086 3.077523 
0.886 0.01 -0.01 -0.0010 0.0009 0.1677 -0.0020 -0.013086 3.077524 
0.887 0.01 -0.01 -0.0010 0.0009 0.1677 -0.0020 -0.013086 3.077521 
0.888 0.01 -0.01 -0.0010 0.0009 0.1677 -0.0020 -0.013086 3.077517 
0.889 0.01 -0.01 -0.0010 0.0009 0.1677 -0.0020 -0.013086 3.077513 
0.890 0.01 -0.01 -0.0010 0.0009 0.1677 -0.0020 -0.013086 3.077511 
0.891 0.01 -0.01 -0.0010 0.0009 0.1677 -0.0020 -0.013086 3.077509 
0.892 0.01 -0.01 -0.0010 0.0009 0.1677 -0.0020 -0.013086 3.077508 
0.893 0.01 -0.01 -0.0010 0.0009 0.1677 -0.0020 -0.013086 3.077508 
0.894 0.01 -0.01 -0.0010 0.0009 0.1677 -0.0020 -0.013086 3.077507 
0.895 0.01 -0.01 -0.0010 0.0009 0.1677 -0.0020 -0.013086 3.077503 
0.896 0.01 -0.01 -0.0010 0.0009 0.1677 -0.0020 -0.013086 3.077498 
0.897 0.01 -0.01 -0.0010 0.0009 0.1677 -0.0020 -0.013086 3.077498 
0.898 0.01 -0.01 -0.0010 0.0009 0.1677 -0.0020 -0.013086 3.077502 
0.899 0.01 -0.01 -0.0010 0.0009 0.1677 -0.0020 -0.013086 3.077503 
0.900 0.01 -0.01 -0.0010 0.0009 0.1677 -0.0020 -0.013086 3.077499 
0.901 0.01 -0.01 -0.0010 0.0009 0.1677 -0.0020 -0.013086 3.077495 
0.902 0.01 -0.01 -0.0010 0.0009 0.1677 -0.0020 -0.013086 3.077493 
0.903 0.01 -0.01 -0.0010 0.0008 0.1677 -0.0020 -0.013086 3.077489 
0.904 0.01 -0.01 -0.0009 0.0008 0.1677 -0.0020 -0.013086 3.077487 
0.905 0.01 -0.01 -0.0009 0.0008 0.1677 -0.0020 -0.013086 3.077488 
0.906 0.01 -0.01 -0.0009 0.0008 0.1677 -0.0020 -0.013086 3.077492 
0.907 0.01 -0.01 -0.0009 0.0008 0.1677 -0.0020 -0.013086 3.077496 
0.908 0.01 -0.01 -0.0009 0.0008 0.1677 -0.0020 -0.013086 3.077493 
0.909 0.01 -0.01 -0.0009 0.0008 0.1677 -0.0020 -0.013086 3.077489 
0.910 0.01 -0.01 -0.0009 0.0008 0.1677 -0.0020 -0.013086 3.077488 
0.911 0.01 -0.01 -0.0009 0.0008 0.1677 -0.0020 -0.013086 3.077488 
0.912 0.01 -0.01 -0.0009 0.0008 0.1677 -0.0020 -0.013086 3.077487 
0.913 0.01 -0.01 -0.0009 0.0008 0.1677 -0.0020 -0.013086 3.077488 
0.914 0.01 -0.01 -0.0009 0.0008 0.1677 -0.0020 -0.013086 3.077489 
0.915 0.01 -0.01 -0.0009 0.0008 0.1677 -0.0020 -0.013086 3.077490 
0.916 0.01 -0.01 -0.0009 0.0008 0.1677 -0.0020 -0.013086 3.077492 
0.917 0.01 -0.01 -0.0009 0.0008 0.1677 -0.0020 -0.013086 3.077493 
0.918 0.01 -0.01 -0.0009 0.0008 0.1677 -0.0020 -0.013086 3.077495 
0.919 0.01 -0.01 -0.0009 0.0008 0.1677 -0.0020 -0.013086 3.077498 
0.920 0.01 -0.01 -0.0009 0.0008 0.1677 -0.0020 -0.013086 3.077500 
0.921 0.01 -0.01 -0.0009 0.0008 0.1677 -0.0020 -0.013086 3.077504 
0.922 0.01 -0.01 -0.0009 0.0008 0.1677 -0.0020 -0.013086 3.077508 
0.923 0.01 -0.01 -0.0009 0.0008 0.1677 -0.0020 -0.013086 3.077512 
0.924 0.01 -0.01 -0.0009 0.0008 0.1677 -0.0020 -0.013086 3.077513 
0.925 0.01 -0.01 -0.0009 0.0008 0.1677 -0.0020 -0.013086 3.077513 
0.926 0.01 0.00 -0.0009 0.0000 0.1677 -0.0020 -0.013086 3.077513 
0.927 0.01 0.00 -0.0009 0.0000 0.1677 -0.0020 -0.013086 3.077515 
0.928 0.01 0.00 -0.0009 0.0000 0.1677 -0.0020 -0.013086 3.077517 
0.929 0.01 0.00 -0.0009 0.0000 0.1677 -0.0020 -0.013086 3.077517 
0.930 0.01 0.00 -0.0009 0.0000 0.1677 -0.0020 -0.013086 3.077518 
0.931 0.01 0.00 -0.0009 0.0000 0.1677 -0.0020 -0.013086 3.077518 
0.932 0.01 0.00 -0.0009 0.0000 0.1677 -0.0020 -0.013086 3.077519 
0.933 0.01 0.00 -0.0009 0.0000 0.1677 -0.0020 -0.013086 3.077521 
0.934 0.01 0.00 -0.0009 0.0000 0.1677 -0.0020 -0.013086 3.077523 
0.935 0.01 0.00 -0.0009 0.0000 0.1677 -0.0020 -0.013086 3.077524 
