%% logfile from robot Freja (4)
% Freja (4)
%  1    time 0.000 sec
%  2  3 Motor voltage [V] left, right: 9.00 9.00
%  4  5 Wheel velocity [m/s] left, right: 0.0000 -0.0000
%  6  7  8  9 Pose x,y,h,tilt [m,m,rad,rad]: 0 0 0 3.07898
0.000 9.00 9.00 0.0000 -0.0000 0.0000 0.0000 0.000000 3.078980 
0.001 9.00 9.00 0.0000 -0.0000 0.0000 0.0000 0.000000 3.078976 
0.002 9.00 9.00 0.0000 -0.0000 0.0000 0.0000 0.000000 3.078974 
0.003 9.00 9.00 0.0000 -0.0000 0.0000 0.0000 0.000000 3.078977 
0.004 9.00 9.00 0.0002 0.0000 0.0004 0.0000 0.000000 3.078980 
0.005 9.00 9.00 0.0002 0.0000 0.0004 0.0000 0.000000 3.078981 
0.006 8.50 9.00 0.2150 0.0000 0.0008 0.0000 0.000000 3.078982 
0.007 -3.13 9.00 0.3313 0.0000 0.0010 -0.0000 -0.002617 3.078992 
0.008 -9.00 -3.45 0.4013 0.3345 0.0014 -0.0000 -0.002617 3.079006 
0.009 -9.00 -9.00 0.4013 0.4402 0.0018 -0.0000 0.002617 3.078998 
0.010 -7.95 -9.00 0.3795 0.4665 0.0022 -0.0000 0.002617 3.079024 
0.011 -2.59 -9.00 0.3259 0.4554 0.0026 0.0000 0.002617 3.079088 
0.012 6.01 -9.00 0.2399 0.3933 0.0028 0.0000 0.005235 3.079034 
0.013 8.83 -2.91 0.2117 0.3291 0.0032 0.0000 0.005235 3.078918 
0.014 8.83 -2.68 0.2117 0.3268 0.0032 0.0000 0.005235 3.078912 
0.015 9.00 7.15 0.1599 0.2285 0.0037 0.0000 0.005235 3.078907 
0.016 9.00 7.15 0.1599 0.2285 0.0037 0.0000 0.005235 3.078856 
0.017 5.90 9.00 0.2410 0.1831 0.0041 0.0000 0.005235 3.078840 
0.018 -2.23 9.00 0.3223 0.1829 0.0043 0.0000 0.002617 3.078883 
0.019 -9.00 7.38 0.3946 0.2262 0.0047 0.0000 0.002617 3.078985 
0.020 -9.00 7.38 0.4229 0.2262 0.0049 0.0000 -0.000000 3.079015 
0.021 -9.00 -2.31 0.4090 0.3231 0.0053 0.0000 -0.000000 3.078947 
0.022 -0.89 -9.00 0.3089 0.4762 0.0059 0.0000 0.002617 3.078918 
0.023 -0.59 -9.00 0.3059 0.4576 0.0061 0.0000 0.005235 3.078934 
0.024 9.00 -9.00 0.2035 0.4236 0.0063 0.0000 0.007852 3.078986 
0.025 9.00 -6.09 0.1744 0.3610 0.0067 0.0000 0.007852 3.079081 
0.026 9.00 -6.09 0.1744 0.3610 0.0067 0.0000 0.007852 3.079096 
0.027 9.00 3.33 0.1523 0.2667 0.0069 0.0000 0.010469 3.079033 
0.028 9.00 4.20 0.1491 0.2580 0.0071 0.0000 0.007852 3.079054 
0.029 4.71 9.00 0.2529 0.1573 0.0073 0.0000 0.005235 3.079100 
0.030 -3.13 9.00 0.3313 0.1257 0.0077 0.0000 0.005235 3.079102 
0.031 -9.00 9.00 0.3944 0.1257 0.0079 0.0000 0.002617 3.079161 
0.032 -9.00 9.00 0.4307 0.1257 0.0081 0.0000 -0.000000 3.079210 
0.033 -8.03 9.00 0.3803 0.1717 0.0085 0.0000 -0.000000 3.079185 
0.034 -7.79 0.64 0.3779 0.2936 0.0087 0.0000 0.002617 3.079104 
0.035 1.37 -9.00 0.2863 0.3906 0.0091 0.0000 0.002617 3.079017 
0.036 5.57 -9.00 0.2443 0.4213 0.0093 0.0000 0.005235 3.079021 
0.037 9.00 -9.00 0.1524 0.4280 0.0095 0.0000 0.007852 3.079103 
0.038 9.00 -7.92 0.1288 0.3792 0.0099 0.0000 0.007852 3.079149 
0.039 9.00 -1.41 0.1288 0.3141 0.0101 0.0000 0.010469 3.079121 
0.040 9.00 -1.41 0.1288 0.3141 0.0101 0.0000 0.010469 3.079082 
0.041 9.00 9.00 0.1488 0.1768 0.0103 0.0000 0.007852 3.079077 
0.042 3.52 9.00 0.2648 0.1507 0.0108 0.0000 0.007852 3.079111 
0.043 -3.31 9.00 0.3331 0.1507 0.0110 0.0000 0.005235 3.079144 
0.044 -9.00 9.00 0.4026 0.1507 0.0112 0.0000 0.002617 3.079142 
0.045 -9.00 9.00 0.4366 0.1287 0.0116 0.0000 0.002617 3.079122 
0.046 -7.19 9.00 0.3719 0.1287 0.0118 0.0000 -0.000000 3.079116 
0.047 -7.19 3.18 0.3719 0.2682 0.0120 0.0000 0.002617 3.079120 
0.048 4.15 -6.07 0.2585 0.3607 0.0124 0.0000 0.002617 3.079133 
0.049 4.15 -9.00 0.2585 0.4140 0.0126 0.0000 0.005235 3.079119 
0.050 9.00 -9.00 0.1664 0.4137 0.0130 0.0000 0.010469 3.079073 
0.051 9.00 -9.00 0.1191 0.4047 0.0132 0.0000 0.007852 3.079059 
0.052 9.00 -3.94 0.1191 0.3394 0.0134 0.0001 0.010469 3.079068 
0.053 9.00 7.49 0.1191 0.2251 0.0134 0.0001 0.010469 3.079076 
0.054 9.00 8.09 0.1709 0.2191 0.0138 0.0001 0.010469 3.079101 
0.055 2.07 9.00 0.2793 0.2077 0.0140 0.0001 0.007852 3.079148 
0.056 -6.66 9.00 0.3666 0.1374 0.0142 0.0001 0.005235 3.079187 
0.057 -9.00 9.00 0.3941 0.1363 0.0146 0.0001 0.005235 3.079189 
0.058 -9.00 6.82 0.4220 0.2318 0.0150 0.0001 0.005235 3.079156 
0.059 -6.62 6.82 0.3662 0.2318 0.0150 0.0001 0.005235 3.079091 
0.060 -3.22 -2.29 0.3322 0.3229 0.0154 0.0001 0.005235 3.079021 
0.061 8.55 -9.00 0.2145 0.4373 0.0158 0.0001 0.010469 3.078986 
0.062 9.00 -9.00 0.2051 0.4300 0.0162 0.0001 0.010469 3.078984 
0.063 9.00 -9.00 0.2051 0.4334 0.0164 0.0001 0.013086 3.079002 
0.064 9.00 -5.78 0.1394 0.3578 0.0164 0.0001 0.013086 3.079055 
0.065 9.00 -1.95 0.1245 0.3195 0.0168 0.0001 0.013086 3.079109 
0.066 9.00 8.21 0.1245 0.2179 0.0168 0.0001 0.013086 3.079138 
0.067 7.63 9.00 0.2237 0.1972 0.0172 0.0001 0.013086 3.079147 
0.068 -3.01 9.00 0.3301 0.1972 0.0174 0.0001 0.010469 3.079150 
0.069 -9.00 9.00 0.4177 0.1445 0.0176 0.0001 0.007852 3.079169 
0.070 -9.00 9.00 0.4339 0.1279 0.0181 0.0001 0.007852 3.079184 
0.071 -9.00 4.74 0.4225 0.2526 0.0185 0.0001 0.007852 3.079184 
0.072 -8.24 4.74 0.3824 0.2526 0.0187 0.0001 0.005235 3.079178 
0.073 0.22 -3.78 0.2978 0.3378 0.0191 0.0001 0.005235 3.079163 
0.074 0.22 -8.00 0.2978 0.3800 0.0193 0.0001 0.007852 3.079142 
0.075 9.00 -9.00 0.1751 0.4036 0.0195 0.0001 0.010469 3.079114 
0.076 9.00 -9.00 0.1223 0.4193 0.0197 0.0001 0.013086 3.079082 
0.077 9.00 -3.02 0.1075 0.3302 0.0201 0.0001 0.013086 3.079062 
0.078 9.00 3.99 0.1075 0.2601 0.0201 0.0001 0.013086 3.079065 
0.079 9.00 9.00 0.1075 0.1886 0.0203 0.0001 0.015704 3.079081 
0.080 9.00 9.00 0.1547 0.1886 0.0205 0.0001 0.013086 3.079098 
0.081 2.19 9.00 0.2781 0.1687 0.0207 0.0001 0.010469 3.079128 
0.082 -4.44 9.00 0.3444 0.1280 0.0211 0.0001 0.010469 3.079156 
0.083 -9.00 9.00 0.4095 0.1280 0.0213 0.0001 0.007852 3.079157 
0.084 -9.00 4.85 0.4477 0.2515 0.0217 0.0001 0.007852 3.079136 
0.085 -9.00 -3.21 0.3971 0.3321 0.0221 0.0001 0.007852 3.079082 
0.086 -0.74 -8.56 0.3074 0.3856 0.0225 0.0001 0.007852 3.079018 
0.087 -0.74 -9.00 0.3074 0.3922 0.0227 0.0001 0.010469 3.078988 
0.088 9.00 -8.38 0.1982 0.3838 0.0229 0.0001 0.013086 3.079010 
0.089 9.00 -2.31 0.1664 0.3231 0.0231 0.0001 0.010469 3.079080 
0.090 9.00 2.03 0.1664 0.2797 0.0233 0.0001 0.013086 3.079140 
0.091 9.00 7.55 0.1554 0.2245 0.0233 0.0001 0.013086 3.079143 
0.092 9.00 9.00 0.1413 0.1445 0.0235 0.0001 0.010469 3.079113 
0.093 5.10 9.00 0.2490 0.1367 0.0239 0.0001 0.010469 3.079075 
0.094 5.10 9.00 0.2490 0.1367 0.0239 0.0001 0.010469 3.079049 
0.095 -2.67 9.00 0.3267 0.1638 0.0243 0.0002 0.010469 3.079063 
0.096 -8.56 -0.12 0.3856 0.3012 0.0247 0.0002 0.010469 3.079082 
0.097 -9.00 -0.12 0.4244 0.3012 0.0249 0.0002 0.007852 3.079098 
0.098 -9.00 -5.55 0.4261 0.3555 0.0254 0.0002 0.007852 3.079116 
0.099 -4.90 -6.86 0.3490 0.3686 0.0258 0.0002 0.007852 3.079089 
0.100 5.39 -6.77 0.2461 0.3677 0.0262 0.0002 0.007852 3.079068 
0.101 5.39 -3.56 0.2461 0.3356 0.0264 0.0002 0.010469 3.079076 
0.102 9.00 2.27 0.1935 0.2773 0.0264 0.0002 0.010469 3.079041 
0.103 9.00 7.41 0.1372 0.2259 0.0268 0.0002 0.010469 3.079034 
0.104 9.00 7.41 0.1372 0.2259 0.0268 0.0002 0.010469 3.079078 
0.105 9.00 9.00 0.2098 0.1521 0.0270 0.0002 0.007852 3.079123 
0.106 9.00 9.00 0.2098 0.1498 0.0272 0.0002 0.010469 3.079169 
0.107 -0.49 8.34 0.3049 0.2166 0.0276 0.0002 0.010469 3.079195 
0.108 -8.82 8.34 0.3883 0.2166 0.0278 0.0002 0.007852 3.079198 
0.109 -9.00 -2.60 0.4875 0.3260 0.0284 0.0002 0.005235 3.079163 
0.110 -9.00 -7.95 0.4644 0.3795 0.0288 0.0002 0.005235 3.079128 
0.111 -9.00 -9.00 0.4126 0.4214 0.0292 0.0002 0.005235 3.079080 
0.112 -3.42 -9.00 0.3342 0.4132 0.0296 0.0002 0.005235 3.079010 
0.113 -3.42 -9.00 0.3342 0.4059 0.0298 0.0002 0.007852 3.079008 
0.114 7.79 2.44 0.2221 0.2756 0.0302 0.0002 0.007852 3.079074 
0.115 7.79 2.44 0.2221 0.2756 0.0302 0.0002 0.007852 3.079164 
0.116 9.00 9.00 0.1807 0.1721 0.0302 0.0002 0.007852 3.079226 
0.117 9.00 9.00 0.1500 0.1215 0.0306 0.0002 0.007852 3.079212 
0.118 9.00 9.00 0.1500 0.1215 0.0306 0.0002 0.007852 3.079161 
0.119 6.18 9.00 0.2382 0.1215 0.0308 0.0002 0.005235 3.079121 
0.120 -6.09 9.00 0.3609 0.1666 0.0312 0.0002 0.005235 3.079066 
0.121 -9.00 1.10 0.4215 0.2890 0.0316 0.0002 0.005235 3.079042 
0.122 -9.00 -5.92 0.4504 0.3592 0.0320 0.0002 0.005235 3.079077 
0.123 -9.00 -9.00 0.4289 0.4240 0.0325 0.0002 0.005235 3.079088 
0.124 -8.78 -6.95 0.3878 0.3695 0.0329 0.0002 0.005235 3.079076 
0.125 -2.13 -6.95 0.3213 0.3695 0.0331 0.0002 0.002617 3.079097 
0.126 5.15 0.54 0.2485 0.2946 0.0333 0.0002 0.005235 3.079125 
0.127 6.09 4.95 0.2391 0.2505 0.0335 0.0002 0.002617 3.079141 
0.128 9.00 9.00 0.2094 0.1853 0.0337 0.0002 0.005235 3.079168 
0.129 9.00 9.00 0.1582 0.1853 0.0339 0.0002 0.002617 3.079193 
0.130 9.00 9.00 0.1582 0.1670 0.0339 0.0002 0.002617 3.079223 
0.131 4.46 9.00 0.2554 0.1581 0.0343 0.0002 0.002617 3.079189 
0.132 -3.56 5.04 0.3356 0.2496 0.0347 0.0002 0.002617 3.079109 
0.133 -9.00 -3.21 0.4124 0.3321 0.0351 0.0002 0.002617 3.079111 
0.134 -9.00 -3.21 0.4427 0.3321 0.0355 0.0002 0.002617 3.079152 
0.135 -9.00 -9.00 0.3985 0.3953 0.0359 0.0002 0.002617 3.079147 
0.136 -8.24 -9.00 0.3824 0.4057 0.0361 0.0002 -0.000000 3.079113 
0.137 -1.71 -6.41 0.3171 0.3641 0.0365 0.0002 -0.000000 3.079100 
0.138 -0.82 -1.16 0.3082 0.3116 0.0367 0.0002 0.002617 3.079133 
0.139 9.00 4.22 0.1752 0.2578 0.0367 0.0002 0.002617 3.079243 
0.140 9.00 9.00 0.1672 0.1576 0.0371 0.0002 0.002617 3.079368 
0.141 9.00 9.00 0.1672 0.1569 0.0371 0.0002 0.002617 3.079388 
0.142 9.00 9.00 0.1405 0.1569 0.0371 0.0002 0.002617 3.079304 
0.143 9.00 9.00 0.1292 0.1460 0.0375 0.0002 0.002617 3.079246 
0.144 2.09 9.00 0.2791 0.1460 0.0377 0.0002 -0.000000 3.079223 
0.145 -9.00 3.58 0.3952 0.2642 0.0381 0.0002 -0.000000 3.079191 
0.146 -9.00 -5.47 0.4234 0.3548 0.0385 0.0002 -0.000000 3.079188 
0.147 -9.00 -9.00 0.4297 0.4112 0.0389 0.0002 -0.000000 3.079224 
0.148 -7.84 -9.00 0.3784 0.4270 0.0394 0.0002 -0.000000 3.079241 
0.149 -1.35 -9.00 0.3135 0.3959 0.0396 0.0002 0.002617 3.079201 
0.150 -0.06 -4.47 0.3006 0.3447 0.0400 0.0002 0.002617 3.079184 
0.151 9.00 9.00 0.2084 0.2906 0.0400 0.0002 0.002617 3.079215 
0.152 9.00 9.00 0.1992 0.2005 0.0404 0.0002 0.002617 3.079272 
0.153 9.00 9.00 0.1992 0.2005 0.0404 0.0002 0.002617 3.079326 
0.154 9.00 9.00 0.1714 0.1711 0.0406 0.0002 -0.000000 3.079339 
0.155 9.00 9.00 0.2663 0.1520 0.0410 0.0002 -0.000000 3.079336 
0.156 9.00 9.00 0.2663 0.2673 0.0412 0.0002 0.002617 3.079324 
0.157 9.00 9.00 0.3601 0.3621 0.0416 0.0002 0.002617 3.079284 
0.158 0.99 8.52 0.4901 0.4148 0.0422 0.0002 -0.000000 3.079251 
0.159 -2.58 3.84 0.5258 0.4616 0.0426 0.0002 -0.000000 3.079234 
0.160 -4.20 0.28 0.5420 0.4972 0.0430 0.0002 -0.000000 3.079225 
0.161 -0.56 -7.00 0.5056 0.5700 0.0436 0.0002 -0.002617 3.079249 
0.162 2.06 -4.14 0.4794 0.5414 0.0442 0.0002 -0.000000 3.079304 
0.163 7.03 -0.88 0.4297 0.5088 0.0446 0.0002 -0.000000 3.079331 
0.164 7.62 -1.18 0.4237 0.5118 0.0450 0.0002 -0.000000 3.079347 
0.165 5.85 5.28 0.4415 0.4472 0.0454 0.0002 -0.000000 3.079322 
0.166 4.38 8.78 0.4561 0.4122 0.0458 0.0002 -0.000000 3.079232 
0.167 2.00 9.00 0.4800 0.4010 0.0462 0.0002 -0.000000 3.079175 
0.168 -7.10 6.66 0.5710 0.4334 0.0469 0.0002 -0.002617 3.079177 
0.169 -6.91 -1.13 0.5691 0.5113 0.0475 0.0002 -0.000000 3.079184 
0.170 -5.81 -4.77 0.5581 0.5477 0.0479 0.0002 -0.000000 3.079185 
0.171 -0.11 -9.00 0.5011 0.5986 0.0485 0.0002 -0.002617 3.079238 
0.172 5.19 -7.30 0.4481 0.5730 0.0491 0.0002 -0.000000 3.079313 
0.173 9.00 -2.55 0.3970 0.5255 0.0495 0.0002 -0.000000 3.079337 
0.174 9.00 -1.52 0.4003 0.5152 0.0499 0.0002 -0.000000 3.079304 
0.175 5.47 8.73 0.4453 0.4127 0.0503 0.0002 -0.000000 3.079260 
0.176 2.74 9.00 0.4726 0.3558 0.0507 0.0002 -0.000000 3.079265 
0.177 -0.18 9.00 0.5018 0.3262 0.0511 0.0002 -0.000000 3.079332 
0.178 -6.70 9.00 0.5670 0.3724 0.0517 0.0002 -0.002617 3.079399 
0.179 -8.34 8.31 0.5834 0.4169 0.0521 0.0002 -0.002617 3.079461 
0.180 -3.87 -0.42 0.5387 0.5042 0.0527 0.0002 -0.005235 3.079483 
0.181 -2.61 0.34 0.5261 0.4965 0.0531 0.0002 -0.005235 3.079399 
0.182 7.30 -5.11 0.4270 0.5511 0.0538 0.0002 -0.002617 3.079313 
0.183 9.00 -9.00 0.3658 0.5900 0.0542 0.0002 -0.002617 3.079311 
0.184 9.00 -3.43 0.3400 0.5343 0.0546 0.0002 -0.002617 3.079371 
0.185 9.00 3.67 0.3400 0.4633 0.0550 0.0002 0.002617 3.079445 
0.186 9.00 6.51 0.3413 0.4349 0.0554 0.0002 0.002617 3.079493 
0.187 -0.20 9.00 0.5021 0.4061 0.0560 0.0002 -0.000000 3.079490 
0.188 -1.95 4.12 0.5195 0.4587 0.0564 0.0002 -0.000000 3.079462 
0.189 -4.04 4.49 0.5404 0.4551 0.0568 0.0002 -0.000000 3.079432 
0.190 -9.00 -1.71 0.5939 0.5171 0.0574 0.0002 -0.002617 3.079433 
0.191 -3.98 -0.73 0.5398 0.5073 0.0578 0.0002 -0.002617 3.079464 
0.192 -1.23 -2.75 0.5123 0.5275 0.0584 0.0002 -0.000000 3.079476 
0.193 4.22 -1.61 0.4578 0.5161 0.0588 0.0002 -0.000000 3.079460 
0.194 9.00 0.21 0.4072 0.4979 0.0592 0.0002 -0.000000 3.079433 
0.195 9.00 -0.73 0.3854 0.5073 0.0596 0.0002 -0.000000 3.079411 
0.196 9.00 4.93 0.4042 0.4507 0.0600 0.0002 -0.000000 3.079417 
0.197 7.47 8.23 0.4253 0.4177 0.0604 0.0002 -0.000000 3.079461 
0.198 -2.84 9.00 0.5284 0.4026 0.0611 0.0002 -0.002617 3.079507 
0.199 -7.45 6.42 0.5745 0.4358 0.0617 0.0002 -0.000000 3.079516 
0.200 -7.36 2.28 0.5736 0.4772 0.0621 0.0002 -0.000000 3.079485 
0.201 -2.20 -0.42 0.5220 0.5042 0.0627 0.0002 -0.002617 3.079428 
0.202 3.83 -6.65 0.4617 0.5665 0.0631 0.0002 -0.002617 3.079396 
0.203 9.00 -4.85 0.4060 0.5485 0.0637 0.0002 -0.000000 3.079405 
0.204 9.00 -1.80 0.3562 0.5180 0.0641 0.0002 -0.000000 3.079420 
0.205 9.00 -1.96 0.3888 0.5196 0.0645 0.0002 -0.000000 3.079419 
0.206 4.87 5.00 0.4513 0.4499 0.0649 0.0002 -0.000000 3.079396 
0.207 1.16 9.00 0.4884 0.4058 0.0653 0.0002 -0.000000 3.079344 
0.208 -1.33 9.00 0.5133 0.3888 0.0657 0.0002 -0.000000 3.079329 
0.209 -8.11 8.29 0.5811 0.4171 0.0663 0.0002 -0.002617 3.079422 
0.210 -6.04 5.68 0.5604 0.4432 0.0667 0.0002 -0.002617 3.079537 
0.211 -3.02 -3.57 0.5302 0.5357 0.0673 0.0002 -0.000000 3.079612 
0.212 1.64 -9.00 0.4836 0.6021 0.0677 0.0002 -0.000000 3.079599 
0.213 6.70 -9.00 0.4330 0.5969 0.0684 0.0002 0.002617 3.079488 
0.214 9.00 -5.74 0.3981 0.5574 0.0688 0.0002 0.002617 3.079399 
0.215 9.00 -5.25 0.3648 0.5525 0.0692 0.0002 0.002617 3.079360 
0.216 9.00 5.54 0.3934 0.4445 0.0696 0.0002 0.002617 3.079359 
0.217 0.46 9.00 0.4954 0.3725 0.0702 0.0002 -0.000000 3.079404 
0.218 -2.96 9.00 0.5296 0.3006 0.0706 0.0002 -0.000000 3.079468 
0.219 -8.29 9.00 0.5829 0.3215 0.0710 0.0002 -0.000000 3.079548 
0.220 -9.00 9.00 0.5923 0.3215 0.0714 0.0002 -0.005235 3.079571 
0.221 -9.00 4.09 0.6009 0.4591 0.0720 0.0002 -0.002617 3.079505 
0.222 -1.17 4.07 0.5117 0.4593 0.0724 0.0002 -0.002617 3.079448 
0.223 8.08 0.76 0.4192 0.4924 0.0728 0.0002 -0.002617 3.079421 
0.224 9.00 -3.09 0.3718 0.5309 0.0732 0.0002 -0.002617 3.079405 
0.225 9.00 -5.32 0.3089 0.5532 0.0738 0.0002 -0.000000 3.079412 
0.226 9.00 -3.83 0.3212 0.5383 0.0742 0.0002 -0.000000 3.079408 
0.227 9.00 -3.38 0.3482 0.5338 0.0746 0.0002 -0.000000 3.079427 
0.228 6.42 2.66 0.4358 0.4734 0.0753 0.0002 0.002617 3.079497 
0.229 -1.15 2.31 0.5115 0.4769 0.0757 0.0002 0.002617 3.079536 
0.230 -2.41 8.53 0.5241 0.4147 0.0761 0.0002 0.002617 3.079541 
0.231 -7.39 7.17 0.5739 0.4283 0.0767 0.0002 -0.000000 3.079560 
0.232 -9.00 8.46 0.6005 0.4154 0.0771 0.0002 -0.000000 3.079575 
0.233 -3.09 4.46 0.5309 0.4554 0.0775 0.0002 -0.000000 3.079565 
0.234 4.34 1.00 0.4566 0.4900 0.0781 0.0002 -0.002617 3.079526 
0.235 9.00 -3.18 0.4059 0.5318 0.0787 0.0002 -0.000000 3.079482 
0.236 9.00 -8.57 0.3977 0.5858 0.0791 0.0002 -0.000000 3.079450 
0.237 6.23 -4.32 0.4377 0.5432 0.0795 0.0002 -0.000000 3.079424 
0.238 3.64 -0.52 0.4636 0.5052 0.0799 0.0002 -0.000000 3.079420 
0.239 -0.08 5.82 0.5008 0.4418 0.0803 0.0002 -0.000000 3.079455 
0.240 -7.24 8.45 0.5724 0.4155 0.0809 0.0002 -0.002617 3.079498 
0.241 -7.24 9.00 0.5724 0.3819 0.0813 0.0002 -0.002617 3.079497 
0.242 -4.91 9.00 0.5491 0.3875 0.0817 0.0002 -0.002617 3.079469 
0.243 -1.07 1.37 0.5107 0.4863 0.0824 0.0002 -0.000000 3.079445 
0.244 5.26 -1.27 0.4474 0.5127 0.0828 0.0002 -0.000000 3.079437 
0.245 9.00 -4.81 0.3847 0.5481 0.0832 0.0002 -0.000000 3.079432 
0.246 9.00 -9.00 0.3237 0.5976 0.0838 0.0002 0.002617 3.079414 
0.247 9.00 -3.98 0.3442 0.5399 0.0842 0.0002 0.002617 3.079391 
0.248 9.00 0.50 0.4023 0.4950 0.0846 0.0002 0.002617 3.079362 
0.249 5.59 4.52 0.4441 0.4548 0.0850 0.0002 0.002617 3.079345 
0.250 2.00 6.99 0.4800 0.4301 0.0854 0.0002 0.002617 3.079360 
0.251 -9.00 9.00 0.5941 0.3944 0.0860 0.0002 -0.000000 3.079405 
0.252 -9.00 9.00 0.6000 0.4018 0.0864 0.0002 -0.000000 3.079480 
0.253 -7.30 7.59 0.5730 0.4241 0.0870 0.0002 -0.002617 3.079547 
0.254 -3.62 -1.43 0.5362 0.5143 0.0876 0.0002 -0.000000 3.079559 
0.255 2.35 -4.28 0.4765 0.5428 0.0880 0.0002 -0.000000 3.079518 
0.256 9.00 -5.75 0.4095 0.5575 0.0884 0.0002 -0.000000 3.079463 
0.257 9.00 -3.89 0.3836 0.5389 0.0890 0.0002 0.002617 3.079425 
0.258 9.00 -0.80 0.4023 0.5080 0.0895 0.0002 0.002617 3.079419 
0.259 7.75 5.15 0.4225 0.4485 0.0899 0.0002 0.002617 3.079448 
0.260 3.92 8.86 0.4608 0.4114 0.0903 0.0002 0.002617 3.079488 
0.261 -6.28 9.00 0.5628 0.3874 0.0909 0.0002 -0.000000 3.079530 
0.262 -9.00 6.41 0.5995 0.4359 0.0913 0.0002 -0.000000 3.079580 
0.263 -7.52 6.88 0.5752 0.4312 0.0919 0.0002 -0.002617 3.079599 
0.264 -6.89 2.71 0.5689 0.4729 0.0923 0.0002 -0.002617 3.079574 
0.265 3.36 -9.00 0.4664 0.5959 0.0929 0.0002 -0.000000 3.079535 
0.266 9.00 -8.02 0.3876 0.5802 0.0933 0.0002 -0.000000 3.079497 
0.267 9.00 -6.79 0.3153 0.5679 0.0939 0.0002 0.002617 3.079472 
0.268 9.00 -3.68 0.3153 0.5368 0.0941 0.0002 0.005235 3.079460 
0.269 9.00 2.91 0.2971 0.4709 0.0945 0.0002 0.005235 3.079458 
0.270 9.00 4.48 0.3763 0.4552 0.0949 0.0002 0.005235 3.079472 
0.271 4.28 9.00 0.4572 0.3728 0.0953 0.0002 0.005235 3.079498 
0.272 -2.89 9.00 0.5289 0.3779 0.0959 0.0002 0.002617 3.079509 
0.273 -9.00 9.00 0.5911 0.3697 0.0963 0.0002 0.002617 3.079487 
0.274 -9.00 7.23 0.6142 0.4277 0.0970 0.0002 -0.000000 3.079484 
0.275 -9.00 2.06 0.5999 0.4794 0.0974 0.0002 -0.000000 3.079508 
0.276 -0.30 -4.62 0.5030 0.5462 0.0982 0.0002 -0.000000 3.079504 
0.277 4.74 -9.00 0.4526 0.6123 0.0986 0.0002 -0.000000 3.079469 
0.278 8.08 -7.51 0.4192 0.5751 0.0990 0.0002 -0.000000 3.079417 
0.279 9.00 0.25 0.3800 0.4975 0.0996 0.0002 0.002617 3.079375 
0.280 9.00 4.88 0.3938 0.4512 0.1000 0.0002 0.002617 3.079370 
0.281 5.80 9.00 0.4420 0.3926 0.1004 0.0002 0.002617 3.079390 
0.282 0.23 9.00 0.4977 0.3839 0.1008 0.0002 0.002617 3.079429 
0.283 -2.95 9.00 0.5295 0.3984 0.1012 0.0002 0.002617 3.079471 
0.284 -5.47 2.41 0.5547 0.4759 0.1018 0.0002 -0.000000 3.079489 
0.285 -4.11 -0.07 0.5411 0.5007 0.1022 0.0002 -0.000000 3.079497 
0.286 -2.24 -4.73 0.5224 0.5473 0.1028 0.0002 0.002617 3.079522 
0.287 4.22 -9.00 0.4577 0.6160 0.1032 0.0002 0.002617 3.079520 
0.288 7.76 -6.68 0.4223 0.5668 0.1037 0.0002 0.002617 3.079473 
0.289 9.00 0.80 0.3988 0.4920 0.1043 0.0002 0.005235 3.079443 
0.290 9.00 4.84 0.3885 0.4516 0.1047 0.0002 0.005235 3.079453 
0.291 8.74 9.00 0.4126 0.3948 0.1051 0.0002 0.005235 3.079478 
0.292 -3.98 9.00 0.5398 0.3865 0.1057 0.0002 0.002617 3.079494 
0.293 -6.95 9.00 0.5695 0.4073 0.1061 0.0002 0.002617 3.079515 
0.294 -9.00 2.85 0.5903 0.4714 0.1065 0.0002 0.002617 3.079564 
0.295 -7.83 -0.02 0.5783 0.5002 0.1071 0.0002 -0.000000 3.079598 
0.296 -3.12 -2.80 0.5312 0.5280 0.1075 0.0002 -0.000000 3.079582 
0.297 4.11 -8.70 0.4589 0.5870 0.1081 0.0002 0.002617 3.079538 
0.298 8.52 -3.10 0.4148 0.5310 0.1085 0.0002 0.002617 3.079495 
0.299 9.00 -0.70 0.3849 0.5070 0.1089 0.0002 0.002617 3.079476 
0.300 9.00 5.87 0.3612 0.4413 0.1093 0.0002 0.002617 3.079493 
0.301 9.00 9.00 0.3881 0.3990 0.1097 0.0002 0.002617 3.079522 
0.302 4.27 9.00 0.4573 0.3698 0.1101 0.0002 0.002617 3.079535 
0.303 -0.20 8.46 0.5020 0.4154 0.1105 0.0003 0.002617 3.079531 
0.304 -9.00 8.51 0.5946 0.4149 0.1112 0.0003 -0.000000 3.079525 
0.305 -7.78 3.88 0.5778 0.4612 0.1116 0.0003 -0.000000 3.079522 
0.306 -4.13 -9.00 0.5414 0.6074 0.1124 0.0003 -0.000000 3.079519 
0.307 1.55 -9.00 0.4845 0.5968 0.1128 0.0003 -0.000000 3.079521 
0.308 8.58 -9.00 0.4142 0.6011 0.1134 0.0003 0.002617 3.079522 
0.309 9.00 -8.25 0.3381 0.5825 0.1138 0.0003 0.002617 3.079503 
0.310 9.00 -1.81 0.3704 0.5181 0.1142 0.0003 0.002617 3.079468 
0.311 6.63 7.93 0.4337 0.4206 0.1146 0.0003 0.002617 3.079444 
0.312 4.13 9.00 0.4587 0.3897 0.1150 0.0003 0.002617 3.079446 
0.313 0.13 9.00 0.4987 0.3486 0.1154 0.0003 0.002617 3.079458 
0.314 -9.00 9.00 0.6198 0.3305 0.1160 0.0003 -0.000000 3.079456 
0.315 -9.00 9.00 0.5984 0.3846 0.1164 0.0003 -0.000000 3.079446 
0.316 -7.61 6.16 0.5761 0.4384 0.1168 0.0003 -0.000000 3.079455 
0.317 -0.69 1.63 0.5069 0.4837 0.1174 0.0003 -0.002617 3.079486 
0.318 4.12 -9.00 0.4588 0.5960 0.1181 0.0003 -0.000000 3.079492 
0.319 7.98 -8.84 0.4202 0.5884 0.1185 0.0003 -0.000000 3.079457 
0.320 9.00 -5.53 0.3740 0.5553 0.1191 0.0003 0.002617 3.079412 
0.321 9.00 -1.86 0.3799 0.5186 0.1195 0.0003 0.002617 3.079384 
0.322 7.52 5.28 0.4248 0.4472 0.1199 0.0003 0.002617 3.079372 
0.323 2.21 9.00 0.4779 0.4079 0.1203 0.0003 0.002617 3.079371 
0.324 -1.62 9.00 0.5162 0.3790 0.1207 0.0003 0.002617 3.079397 
0.325 -5.56 7.70 0.5556 0.4230 0.1213 0.0003 -0.000000 3.079438 
0.326 -5.43 5.71 0.5543 0.4429 0.1217 0.0003 -0.000000 3.079480 
0.327 -3.93 0.43 0.5393 0.4957 0.1221 0.0003 -0.000000 3.079524 
0.328 1.00 -9.00 0.4900 0.6102 0.1227 0.0003 0.002617 3.079523 
0.329 4.81 -8.91 0.4519 0.5892 0.1231 0.0003 0.002617 3.079469 
0.330 8.31 -4.12 0.4169 0.5412 0.1237 0.0003 0.005235 3.079421 
0.331 9.00 -1.32 0.3829 0.5132 0.1241 0.0003 0.005235 3.079402 
0.332 9.00 6.61 0.3865 0.4339 0.1245 0.0003 0.005235 3.079402 
0.333 0.54 9.00 0.4946 0.3811 0.1252 0.0003 0.002617 3.079409 
0.334 -3.03 9.00 0.5303 0.3557 0.1256 0.0003 0.002617 3.079432 
0.335 -5.69 9.00 0.5569 0.4028 0.1260 0.0003 0.002617 3.079481 
0.336 -8.15 6.66 0.5815 0.4334 0.1266 0.0003 -0.000000 3.079528 
0.337 -4.99 2.38 0.5499 0.4762 0.1270 0.0003 -0.000000 3.079543 
0.338 0.86 -1.14 0.4914 0.5114 0.1274 0.0003 -0.000000 3.079515 
0.339 4.35 -6.72 0.4565 0.5673 0.1280 0.0003 0.002617 3.079454 
0.340 7.56 -7.75 0.4244 0.5776 0.1284 0.0003 0.002617 3.079394 
0.341 9.00 -3.57 0.3681 0.5357 0.1290 0.0003 0.005235 3.079389 
0.342 9.00 1.62 0.3587 0.4838 0.1294 0.0003 0.005235 3.079424 
0.343 9.00 2.53 0.4087 0.4747 0.1298 0.0003 0.005235 3.079462 
0.344 4.65 9.00 0.4535 0.4045 0.1302 0.0003 0.005235 3.079501 
0.345 -6.48 9.00 0.5648 0.3884 0.1308 0.0003 0.002617 3.079517 
0.346 -6.86 8.49 0.5686 0.4151 0.1312 0.0003 0.002617 3.079511 
0.347 -6.65 1.68 0.5665 0.4832 0.1318 0.0003 -0.000000 3.079499 
0.348 -2.60 -0.01 0.5260 0.5001 0.1323 0.0003 -0.000000 3.079487 
0.349 3.33 -6.67 0.4667 0.5667 0.1329 0.0003 0.002617 3.079474 
0.350 9.00 -7.84 0.3792 0.5784 0.1333 0.0003 0.002617 3.079439 
0.351 9.00 -4.92 0.3816 0.5492 0.1337 0.0003 0.002617 3.079397 
0.352 7.99 4.00 0.4201 0.4600 0.1343 0.0003 0.005235 3.079387 
0.353 6.38 8.02 0.4362 0.4198 0.1347 0.0003 0.005235 3.079390 
0.354 2.47 9.00 0.4753 0.3598 0.1351 0.0003 0.005235 3.079388 
0.355 -9.00 9.00 0.6169 0.3591 0.1355 0.0003 -0.000000 3.079399 
0.356 -9.00 6.76 0.6050 0.4324 0.1361 0.0003 0.002617 3.079422 
0.357 -8.34 2.28 0.5834 0.4772 0.1367 0.0003 -0.000000 3.079440 
0.358 -2.75 -1.18 0.5275 0.5118 0.1371 0.0003 -0.000000 3.079437 
0.359 1.81 -8.31 0.4819 0.5831 0.1375 0.0003 -0.000000 3.079451 
0.360 6.15 -4.78 0.4385 0.5478 0.1381 0.0003 0.002617 3.079477 
0.361 9.00 -3.10 0.3654 0.5311 0.1385 0.0003 0.002617 3.079454 
0.362 9.00 -0.32 0.3498 0.5032 0.1389 0.0003 0.002617 3.079393 
0.363 9.00 5.23 0.3806 0.4477 0.1394 0.0003 0.002617 3.079342 
0.364 6.37 8.34 0.4363 0.4166 0.1398 0.0003 0.002617 3.079345 
0.365 2.19 9.00 0.4781 0.3899 0.1402 0.0003 0.002617 3.079400 
0.366 -0.73 7.63 0.5073 0.4237 0.1406 0.0003 0.002617 3.079468 
0.367 -5.67 6.52 0.5567 0.4348 0.1412 0.0003 -0.000000 3.079519 
0.368 -6.71 -2.41 0.5671 0.5241 0.1418 0.0003 0.002617 3.079549 
0.369 -3.60 -9.00 0.5361 0.6071 0.1422 0.0003 0.002617 3.079539 
0.370 0.96 -7.34 0.4903 0.5734 0.1430 0.0003 0.002617 3.079489 
0.371 6.26 -5.11 0.4374 0.5511 0.1434 0.0003 0.002617 3.079459 
0.372 8.84 -2.47 0.4116 0.5247 0.1438 0.0003 0.002617 3.079456 
0.373 8.87 5.11 0.4113 0.4489 0.1442 0.0003 0.002617 3.079455 
0.374 3.94 9.00 0.4605 0.3852 0.1446 0.0003 0.002617 3.079442 
0.375 0.77 9.00 0.4923 0.3285 0.1450 0.0003 0.002617 3.079427 
0.376 -2.84 9.00 0.5284 0.3548 0.1454 0.0003 0.002617 3.079444 
0.377 -8.35 9.00 0.5835 0.3819 0.1460 0.0003 -0.000000 3.079488 
0.378 -7.91 6.44 0.5791 0.4356 0.1464 0.0003 -0.000000 3.079514 
0.379 -0.70 2.58 0.5070 0.4742 0.1471 0.0003 -0.002617 3.079491 
0.380 3.05 -6.13 0.4695 0.5613 0.1477 0.0003 -0.000000 3.079454 
0.381 9.00 -9.00 0.3867 0.5972 0.1481 0.0003 -0.000000 3.079436 
0.382 9.00 -8.56 0.3728 0.5856 0.1483 0.0003 0.002617 3.079431 
0.383 9.00 -2.75 0.3442 0.5275 0.1489 0.0003 0.005235 3.079437 
0.384 9.00 -1.75 0.3794 0.5175 0.1493 0.0003 0.005235 3.079442 
0.385 2.38 8.37 0.4762 0.4163 0.1499 0.0003 0.002617 3.079444 
0.386 -3.96 9.00 0.5396 0.3681 0.1503 0.0003 0.002617 3.079451 
0.387 -4.40 9.00 0.5440 0.3662 0.1507 0.0003 0.002617 3.079457 
0.388 -5.60 7.43 0.5560 0.4257 0.1513 0.0003 -0.000000 3.079471 
0.389 -3.12 5.67 0.5313 0.4432 0.1517 0.0003 -0.000000 3.079498 
0.390 1.39 1.35 0.4861 0.4865 0.1521 0.0003 -0.000000 3.079512 
0.391 9.00 -6.97 0.4073 0.5697 0.1527 0.0003 0.002617 3.079501 
0.392 9.00 -6.99 0.4093 0.5699 0.1531 0.0003 0.002617 3.079474 
0.393 6.85 -9.00 0.4315 0.6090 0.1535 0.0003 0.002617 3.079424 
0.394 6.42 -1.15 0.4358 0.5115 0.1542 0.0003 0.005235 3.079386 
0.395 -3.25 8.89 0.5325 0.4111 0.1548 0.0003 0.002617 3.079371 
0.396 -9.00 9.00 0.6016 0.3608 0.1550 0.0003 -0.000000 3.079365 
0.397 -8.69 9.00 0.5869 0.3521 0.1556 0.0003 -0.002617 3.079395 
0.398 -5.20 9.00 0.5520 0.3569 0.1560 0.0003 -0.002617 3.079446 
0.399 0.33 9.00 0.4967 0.4005 0.1564 0.0003 -0.002617 3.079494 
0.400 5.09 -3.97 0.4491 0.5397 0.1570 0.0003 -0.000000 3.079537 
0.401 8.43 -5.79 0.4157 0.5579 0.1574 0.0003 -0.000000 3.079539 
0.402 -9.00 -9.00 0.3680 0.5889 0.1580 0.0003 0.002617 3.079497 
0.403 -9.00 -9.00 0.3787 0.5864 0.1584 0.0003 0.002617 3.079448 
0.404 -9.00 -9.00 0.3815 0.5374 0.1588 0.0003 0.002617 3.079440 
0.405 -9.00 -9.00 0.3311 0.4979 0.1592 0.0003 0.002617 3.079476 
0.406 -9.00 -9.00 0.3311 0.4336 0.1594 0.0003 0.005235 3.079544 
0.407 -9.00 -9.00 0.2295 0.3829 0.1598 0.0003 0.005235 3.079643 
0.408 -9.00 -9.00 0.2295 0.2509 0.1600 0.0003 0.007852 3.079738 
0.409 -9.00 -9.00 0.1746 0.2509 0.1600 0.0003 0.007852 3.079759 
0.410 -9.00 -9.00 0.1219 0.1864 0.1600 0.0003 0.007852 3.079694 
0.411 -9.00 -9.00 0.0938 0.1279 0.1600 0.0003 0.007852 3.079613 
0.412 -7.62 -9.00 0.0762 0.0972 0.1600 0.0003 0.007852 3.079542 
0.413 6.74 8.45 -0.0674 -0.0845 0.1596 0.0003 0.007852 3.079533 
0.414 6.74 8.45 -0.0674 -0.0845 0.1596 0.0003 0.007852 3.079627 
0.415 9.00 9.00 -0.2128 -0.2196 0.1592 0.0003 0.007852 3.079645 
0.416 9.00 9.00 -0.2128 -0.2196 0.1592 0.0003 0.007852 3.079532 
0.417 9.00 9.00 -0.1693 -0.1891 0.1590 0.0003 0.005235 3.079446 
0.418 9.00 9.00 -0.1459 -0.1891 0.1588 0.0003 0.007852 3.079445 
0.419 9.00 9.00 -0.1459 -0.1705 0.1588 0.0003 0.007852 3.079478 
0.420 -9.00 -9.00 0.1857 0.1297 0.1592 0.0003 0.007852 3.079537 
0.421 -9.00 -9.00 0.1857 0.1297 0.1592 0.0003 0.007852 3.079651 
0.422 -9.00 -9.00 0.1669 0.1297 0.1592 0.0003 0.007852 3.079743 
0.423 -9.00 -9.00 0.1182 0.1492 0.1594 0.0003 0.010469 3.079697 
0.424 -9.00 -9.00 0.0915 0.1492 0.1594 0.0003 0.010469 3.079661 
0.425 -7.47 -9.00 0.0747 0.1492 0.1594 0.0003 0.010469 3.079642 
0.426 -6.31 9.00 0.0631 -0.1395 0.1592 0.0003 0.007852 3.079281 
0.427 5.57 9.00 -0.0557 -0.1395 0.1590 0.0003 0.010469 3.079002 
0.428 5.57 9.00 -0.0557 -0.1778 0.1588 0.0003 0.007852 3.079075 
0.429 9.00 9.00 -0.2488 -0.1778 0.1586 0.0003 0.010469 3.079096 
0.430 9.00 9.00 -0.2488 -0.1730 0.1586 0.0003 0.010469 3.079102 
0.431 9.00 9.00 -0.2005 -0.1213 0.1584 0.0003 0.013086 3.079121 
0.432 9.00 9.00 -0.2005 -0.0934 0.1584 0.0003 0.013086 3.079134 
0.433 9.00 -7.84 -0.1624 0.0785 0.1586 0.0003 0.015704 3.079145 
0.434 9.00 -7.84 -0.1160 0.0785 0.1586 0.0003 0.015704 3.079103 
0.435 -9.00 -9.00 0.1104 0.2504 0.1590 0.0003 0.015704 3.079117 
0.436 -9.00 -9.00 0.1104 0.2504 0.1590 0.0003 0.015704 3.079213 
0.437 -9.00 -9.00 0.2117 0.1596 0.1594 0.0003 0.015704 3.079224 
0.438 -9.00 -9.00 0.2117 0.1596 0.1594 0.0003 0.015704 3.079225 
0.439 -9.00 9.00 0.1598 -0.2110 0.1594 0.0003 0.010469 3.079324 
0.440 -9.00 9.00 0.1598 -0.2110 0.1594 0.0003 0.010469 3.079147 
0.441 -9.00 9.00 0.1598 -0.1944 0.1594 0.0003 0.010469 3.078761 
0.442 9.00 9.00 -0.1641 -0.1312 0.1592 0.0003 0.013086 3.078654 
0.443 9.00 9.00 -0.1641 -0.0991 0.1592 0.0003 0.013086 3.078736 
0.444 9.00 7.97 -0.1519 -0.0797 0.1590 0.0003 0.015704 3.078949 
0.445 9.00 6.66 -0.1519 -0.0666 0.1590 0.0003 0.015704 3.079212 
0.446 9.00 -6.20 -0.1519 0.0620 0.1592 0.0003 0.018321 3.079283 
0.447 9.00 -9.00 -0.1256 0.2778 0.1594 0.0003 0.020938 3.079234 
0.448 9.00 -9.00 -0.0959 0.2778 0.1594 0.0003 0.020938 3.079283 
0.449 -8.71 -9.00 0.0871 0.2844 0.1598 0.0004 0.020938 3.079359 
0.450 -8.71 -9.00 0.0871 0.2444 0.1598 0.0004 0.020938 3.079429 
0.451 -9.00 -9.00 0.1978 0.1525 0.1600 0.0004 0.018321 3.079444 
0.452 -9.00 -9.00 0.1978 0.1107 0.1600 0.0004 0.018321 3.079558 
0.453 -9.00 -8.70 0.1611 0.0870 0.1600 0.0004 0.018321 3.079819 
0.454 -9.00 -7.16 0.1152 0.0716 0.1600 0.0004 0.018321 3.079731 
0.455 -8.97 -6.09 0.0897 0.0609 0.1600 0.0004 0.018321 3.079533 
0.456 -7.35 5.96 0.0735 -0.0596 0.1598 0.0004 0.015704 3.079561 
0.457 -6.22 9.00 0.0622 -0.2405 0.1596 0.0004 0.013086 3.079778 
0.458 5.62 9.00 -0.0563 -0.2405 0.1594 0.0004 0.015704 3.079972 
0.459 5.62 9.00 -0.0563 -0.2762 0.1592 0.0003 0.013086 3.079967 
0.460 9.00 9.00 -0.2446 -0.2390 0.1590 0.0003 0.015704 3.079792 
0.461 9.00 9.00 -0.2446 -0.1502 0.1590 0.0003 0.015704 3.079698 
0.462 9.00 9.00 -0.2357 -0.1096 0.1588 0.0003 0.018321 3.079696 
0.463 9.00 8.62 -0.2100 -0.0862 0.1588 0.0003 0.018321 3.079602 
0.464 9.00 7.12 -0.1385 -0.0712 0.1588 0.0003 0.018321 3.079633 
0.465 9.00 6.05 -0.1032 -0.0605 0.1588 0.0003 0.018321 3.079745 
0.466 8.24 -6.01 -0.0824 0.0601 0.1590 0.0003 0.020938 3.079811 
0.467 -7.87 -9.00 0.0787 0.2786 0.1594 0.0004 0.020938 3.079731 
0.468 -9.00 -9.00 0.2366 0.3144 0.1598 0.0004 0.020938 3.079344 
0.469 -9.00 -9.00 0.2366 0.3144 0.1598 0.0004 0.020938 3.079184 
0.470 -9.00 -9.00 0.2504 0.2872 0.1602 0.0004 0.020938 3.079504 
0.471 -9.00 -9.00 0.2504 0.2269 0.1602 0.0004 0.020938 3.079604 
0.472 -9.00 -9.00 0.1665 0.1456 0.1602 0.0004 0.020938 3.079543 
0.473 -9.00 -9.00 0.1181 0.1071 0.1602 0.0004 0.020938 3.079576 
0.474 -9.00 -8.48 0.0914 0.0848 0.1602 0.0004 0.020938 3.079530 
0.475 -7.46 -7.01 0.0746 0.0701 0.1602 0.0004 0.020938 3.079490 
0.476 -6.30 -5.98 0.0630 0.0598 0.1602 0.0004 0.020938 3.079488 
0.477 5.89 5.86 -0.0589 -0.0586 0.1598 0.0004 0.020938 3.079579 
0.478 5.89 9.00 -0.0589 -0.2350 0.1596 0.0004 0.018321 3.079728 
0.479 9.00 9.00 -0.2446 -0.2350 0.1594 0.0004 0.020938 3.079772 
0.480 9.00 9.00 -0.2479 -0.2328 0.1590 0.0003 0.020938 3.079746 
0.481 9.00 9.00 -0.2479 -0.2328 0.1590 0.0003 0.020938 3.079615 
0.482 9.00 9.00 -0.1797 -0.1695 0.1590 0.0003 0.020938 3.079394 
0.483 9.00 9.00 -0.1245 -0.1196 0.1590 0.0003 0.020938 3.079369 
0.484 9.00 9.00 -0.0953 -0.0923 0.1590 0.0003 0.020938 3.079454 
0.485 7.71 7.52 -0.0771 -0.0752 0.1590 0.0003 0.020938 3.079462 
0.486 -7.12 -7.20 0.0712 0.0720 0.1594 0.0004 0.020938 3.079467 
0.487 -7.12 -7.20 0.0712 0.0720 0.1594 0.0004 0.020938 3.079381 
0.488 -9.00 -9.00 0.2381 0.2275 0.1598 0.0004 0.020938 3.079436 
0.489 -9.00 -9.00 0.2420 0.2574 0.1602 0.0004 0.020938 3.079720 
0.490 -9.00 -9.00 0.2420 0.2574 0.1602 0.0004 0.020938 3.079765 
0.491 -9.00 -9.00 0.1862 0.1691 0.1602 0.0004 0.020938 3.079799 
0.492 -9.00 -9.00 0.1276 0.1193 0.1602 0.0004 0.020938 3.079956 
0.493 -9.00 -9.00 0.0972 0.0923 0.1602 0.0004 0.020938 3.079945 
0.494 -7.84 -7.52 0.0784 0.0752 0.1602 0.0004 0.020938 3.079818 
0.495 -6.57 -6.34 0.0657 0.0634 0.1602 0.0004 0.020938 3.079610 
0.496 6.07 5.82 -0.0607 -0.0582 0.1598 0.0004 0.020938 3.079521 
0.497 6.07 5.82 -0.0607 -0.0582 0.1598 0.0004 0.020938 3.079602 
0.498 9.00 9.00 -0.2443 -0.2323 0.1594 0.0004 0.020938 3.079768 
0.499 9.00 9.00 -0.2404 -0.2323 0.1592 0.0004 0.023556 3.079886 
0.500 9.00 9.00 -0.2404 -0.2014 0.1590 0.0003 0.020938 3.079769 
0.501 9.00 9.00 -0.1888 -0.2014 0.1590 0.0003 0.020938 3.079565 
0.502 9.00 9.00 -0.1288 -0.1522 0.1590 0.0003 0.020938 3.079487 
0.503 9.00 9.00 -0.0978 -0.1107 0.1590 0.0003 0.020938 3.079530 
0.504 7.88 -9.00 -0.0788 0.0937 0.1592 0.0004 0.023556 3.079655 
0.505 -7.68 -9.00 0.0768 0.0937 0.1594 0.0004 0.020938 3.079766 
0.506 -9.00 -9.00 0.2342 0.0937 0.1596 0.0004 0.018321 3.079722 
0.507 -9.00 -9.00 0.2342 0.1629 0.1598 0.0004 0.020938 3.079706 
0.508 -9.00 -9.00 0.2572 0.1629 0.1600 0.0004 0.018321 3.079752 
0.509 -9.00 -9.00 0.2572 0.1426 0.1600 0.0004 0.018321 3.079393 
0.510 -9.00 -9.00 0.1586 0.1055 0.1600 0.0004 0.018321 3.079075 
0.511 -9.00 9.00 0.1140 -0.0906 0.1598 0.0004 0.015704 3.079175 
0.512 -8.90 9.00 0.0890 -0.0906 0.1598 0.0004 0.015704 3.079217 
0.513 -7.30 9.00 0.0730 -0.1760 0.1596 0.0004 0.013086 3.079158 
0.514 -6.19 9.00 0.0619 -0.1760 0.1596 0.0004 0.013086 3.079107 
0.515 5.52 9.00 -0.0552 -0.1760 0.1594 0.0004 0.015704 3.079093 
0.516 5.52 9.00 -0.0552 -0.1326 0.1594 0.0004 0.015704 3.079103 
0.517 9.00 9.00 -0.2604 -0.1000 0.1592 0.0004 0.018321 3.079229 
0.518 9.00 -8.19 -0.2466 0.0819 0.1592 0.0004 0.023556 3.079607 
0.519 9.00 -8.19 -0.2466 0.0819 0.1592 0.0004 0.023556 3.079908 
0.520 9.00 -8.19 -0.2021 0.0819 0.1592 0.0004 0.023556 3.079884 
0.521 9.00 -9.00 -0.1349 0.1743 0.1594 0.0004 0.026173 3.079834 
0.522 9.00 -9.00 -0.1012 0.1743 0.1594 0.0004 0.026173 3.079811 
0.523 8.11 -9.00 -0.0811 0.1460 0.1594 0.0004 0.026173 3.079534 
0.524 -7.58 -9.00 0.0759 0.1072 0.1596 0.0004 0.023556 3.079267 
0.525 -7.58 -8.48 0.0759 0.0848 0.1596 0.0004 0.023556 3.079262 
0.526 -9.00 7.64 0.2370 -0.0764 0.1596 0.0004 0.018321 3.079193 
0.527 -9.00 7.64 0.2364 -0.0764 0.1598 0.0004 0.015704 3.079336 
0.528 -9.00 9.00 0.2364 -0.2040 0.1596 0.0004 0.013086 3.079600 
0.529 -9.00 9.00 0.1817 -0.2040 0.1596 0.0004 0.013086 3.079592 
0.530 -9.00 9.00 0.1255 -0.1716 0.1594 0.0004 0.010469 3.079645 
0.531 -9.00 9.00 0.0959 -0.1716 0.1594 0.0004 0.010469 3.079736 
0.532 -7.75 9.00 0.0775 -0.1716 0.1594 0.0004 0.010469 3.079931 
0.533 -6.51 -9.00 0.0651 0.1514 0.1596 0.0004 0.013086 3.080099 
0.534 6.39 -9.00 -0.0639 0.1514 0.1594 0.0004 0.015704 3.080049 
0.535 9.00 -9.00 -0.2467 0.1514 0.1592 0.0004 0.018321 3.080104 
0.536 9.00 -9.00 -0.2467 0.1179 0.1592 0.0004 0.018321 3.080238 
0.537 9.00 -9.00 -0.2756 0.1162 0.1592 0.0004 0.023556 3.080375 
0.538 9.00 9.00 -0.2294 -0.2629 0.1590 0.0004 0.020938 3.080279 
0.539 9.00 9.00 -0.1642 -0.2629 0.1588 0.0003 0.023556 3.080093 
0.540 9.00 9.00 -0.1642 -0.1686 0.1588 0.0003 0.023556 3.080204 
0.541 -9.00 9.00 0.2376 -0.1190 0.1590 0.0004 0.020938 3.080277 
0.542 -9.00 9.00 0.2376 -0.0922 0.1590 0.0004 0.020938 3.080181 
0.543 -9.00 7.51 0.1566 -0.0751 0.1590 0.0004 0.020938 3.080093 
0.544 -9.00 6.33 0.1391 -0.0633 0.1592 0.0004 0.018321 3.080020 
0.545 -9.00 -5.88 0.1391 0.0588 0.1594 0.0004 0.020938 3.080056 
0.546 9.00 -5.88 -0.1550 0.0588 0.1592 0.0004 0.023556 3.080192 
0.547 9.00 -9.00 -0.1550 0.2644 0.1594 0.0004 0.026173 3.080188 
0.548 9.00 -9.00 -0.1550 0.2286 0.1596 0.0004 0.028790 3.080079 
0.549 9.00 -9.00 -0.1328 0.2286 0.1596 0.0004 0.028790 3.080034 
0.550 9.00 -9.00 -0.1001 0.1851 0.1596 0.0004 0.028790 3.080044 
0.551 8.02 -9.00 -0.0802 0.1270 0.1596 0.0004 0.028790 3.079969 
0.552 6.69 -9.00 -0.0669 0.0967 0.1596 0.0004 0.028790 3.079868 
0.553 -6.42 -7.81 0.0642 0.0781 0.1598 0.0004 0.026173 3.079806 
0.554 -6.42 -6.55 0.0642 0.0655 0.1598 0.0004 0.026173 3.079683 
0.555 -9.00 6.24 0.2259 -0.0624 0.1598 0.0004 0.020938 3.079456 
0.556 -9.00 9.00 0.2252 -0.2425 0.1598 0.0004 0.015704 3.079434 
0.557 -9.00 9.00 0.2252 -0.2425 0.1598 0.0004 0.015704 3.079783 
0.558 -9.00 9.00 0.1897 -0.2375 0.1596 0.0004 0.013086 3.079895 
0.559 -9.00 9.00 0.1292 -0.2375 0.1596 0.0004 0.013086 3.079662 
0.560 -9.00 9.00 0.0980 -0.1752 0.1596 0.0004 0.013086 3.079504 
0.561 -7.89 9.00 0.0789 -0.1224 0.1596 0.0004 0.013086 3.079540 
0.562 -6.61 9.00 0.0661 -0.0939 0.1596 0.0004 0.013086 3.079643 
0.563 6.31 7.63 -0.0631 -0.0763 0.1594 0.0004 0.015704 3.079684 
0.564 9.00 -7.44 -0.2560 0.0744 0.1594 0.0004 0.020938 3.079792 
0.565 9.00 -9.00 -0.2560 0.2236 0.1596 0.0004 0.023556 3.079786 
0.566 9.00 -9.00 -0.2719 0.2236 0.1594 0.0004 0.026173 3.079553 
0.567 9.00 -9.00 -0.2485 0.2355 0.1596 0.0004 0.028790 3.079457 
0.568 9.00 -9.00 -0.1543 0.2355 0.1596 0.0004 0.028790 3.079749 
0.569 9.00 -9.00 -0.1118 0.1744 0.1596 0.0004 0.028790 3.080262 
0.570 8.76 -9.00 -0.0876 0.1220 0.1596 0.0004 0.028790 3.080580 
0.571 7.21 -9.00 -0.0721 0.0938 0.1596 0.0004 0.028790 3.080641 
0.572 -6.67 -7.62 0.0667 0.0762 0.1598 0.0004 0.026173 3.080591 
0.573 -6.67 -6.41 0.0667 0.0641 0.1598 0.0004 0.026173 3.080508 
0.574 -9.00 6.02 0.2486 -0.0602 0.1598 0.0004 0.020938 3.080407 
0.575 -9.00 6.02 0.2598 -0.0602 0.1600 0.0004 0.018321 3.080372 
0.576 -9.00 9.00 0.2598 -0.2527 0.1598 0.0004 0.015704 3.080306 
0.577 -9.00 9.00 0.1722 -0.2485 0.1596 0.0004 0.013086 3.080052 
0.578 -9.00 9.00 0.1208 -0.2485 0.1596 0.0004 0.013086 3.080079 
0.579 -9.00 9.00 0.0931 -0.1726 0.1596 0.0004 0.013086 3.080413 
0.580 -7.57 9.00 0.0757 -0.1210 0.1596 0.0004 0.013086 3.080637 
0.581 -6.38 9.00 0.0638 -0.0932 0.1596 0.0004 0.013086 3.080752 
0.582 -5.51 7.58 0.0552 -0.0758 0.1596 0.0004 0.013086 3.080780 
0.583 5.29 -6.54 -0.0529 0.0654 0.1596 0.0004 0.018321 3.080732 
0.584 9.00 -6.54 -0.2626 0.0654 0.1594 0.0004 0.020938 3.080653 
0.585 9.00 -9.00 -0.2626 0.2306 0.1596 0.0004 0.023556 3.080580 
0.586 9.00 -9.00 -0.2765 0.2306 0.1594 0.0004 0.026173 3.080503 
0.587 9.00 -9.00 -0.2428 0.1815 0.1596 0.0004 0.028790 3.080472 
0.588 9.00 -9.00 -0.1519 0.1815 0.1596 0.0004 0.028790 3.080487 
0.589 9.00 -9.00 -0.1106 0.1815 0.1596 0.0004 0.028790 3.080459 
0.590 8.68 -9.00 -0.0868 0.1288 0.1596 0.0004 0.028790 3.080445 
0.591 7.15 -9.00 -0.0715 0.0977 0.1596 0.0004 0.028790 3.080482 
0.592 -6.11 9.00 0.0611 -0.0960 0.1596 0.0004 0.023556 3.080495 
0.593 -6.11 9.00 0.0611 -0.0960 0.1596 0.0004 0.023556 3.080437 
0.594 -9.00 9.00 0.2577 -0.1873 0.1596 0.0004 0.018321 3.080420 
0.595 -9.00 9.00 0.2577 -0.1873 0.1596 0.0004 0.018321 3.080557 
0.596 -9.00 9.00 0.2299 -0.1470 0.1598 0.0004 0.015704 3.080447 
0.597 -9.00 9.00 0.2299 -0.1080 0.1598 0.0004 0.015704 3.080219 
0.598 -9.00 8.53 0.1507 -0.0853 0.1598 0.0004 0.015704 3.080311 
0.599 -9.00 7.05 0.1100 -0.0705 0.1598 0.0004 0.015704 3.080422 
0.600 -8.65 6.00 0.0865 -0.0600 0.1598 0.0004 0.015704 3.080482 
0.601 -7.13 -5.93 0.0713 0.0593 0.1600 0.0004 0.018321 3.080524 
0.602 6.68 -9.00 -0.0668 0.2356 0.1600 0.0004 0.023556 3.080538 
0.603 9.00 -9.00 -0.2505 0.2356 0.1598 0.0004 0.026173 3.080487 
0.604 9.00 -9.00 -0.2505 0.2285 0.1600 0.0004 0.028790 3.080348 
0.605 9.00 -9.00 -0.2575 0.2285 0.1598 0.0004 0.031408 3.080244 
0.606 9.00 -9.00 -0.2575 0.1675 0.1598 0.0004 0.031408 3.080199 
0.607 9.00 -9.00 -0.1671 0.1185 0.1598 0.0004 0.031408 3.080293 
0.608 9.00 -9.00 -0.1184 0.0918 0.1598 0.0004 0.031408 3.080330 
0.609 9.00 -7.48 -0.0917 0.0748 0.1598 0.0004 0.031408 3.080172 
0.610 7.48 -6.32 -0.0748 0.0632 0.1598 0.0004 0.031408 3.080022 
0.611 -7.13 5.50 0.0714 -0.0550 0.1598 0.0004 0.026173 3.079986 
0.612 -9.00 5.50 0.2453 -0.0550 0.1600 0.0004 0.023556 3.080047 
0.613 -9.00 9.00 0.2453 -0.2062 0.1598 0.0004 0.020938 3.080088 
0.614 -9.00 9.00 0.2523 -0.2062 0.1600 0.0004 0.018321 3.080283 
0.615 -9.00 9.00 0.2523 -0.1949 0.1600 0.0004 0.018321 3.080695 
0.616 -9.00 9.00 0.1637 -0.1317 0.1600 0.0004 0.018321 3.080889 
0.617 -9.00 9.00 0.1166 -0.0994 0.1600 0.0004 0.018321 3.080901 
0.618 -9.00 7.98 0.0906 -0.0798 0.1600 0.0004 0.018321 3.080927 
0.619 -7.40 6.67 0.0740 -0.0667 0.1600 0.0004 0.018321 3.080928 
0.620 -6.26 -5.89 0.0626 0.0589 0.1602 0.0004 0.020938 3.080884 
0.621 5.67 -5.89 -0.0567 0.0589 0.1600 0.0004 0.023556 3.080782 
0.622 5.67 -9.00 -0.0567 0.1887 0.1602 0.0004 0.026173 3.080747 
0.623 9.00 -9.00 -0.2571 0.1887 0.1600 0.0004 0.028790 3.080891 
0.624 9.00 -9.00 -0.2524 0.1887 0.1598 0.0004 0.031408 3.081112 
0.625 9.00 -9.00 -0.2524 0.1336 0.1598 0.0004 0.031408 3.081192 
0.626 9.00 -9.00 -0.1896 0.1004 0.1598 0.0004 0.031408 3.081108 
0.627 9.00 -8.05 -0.1293 0.0805 0.1598 0.0004 0.031408 3.081044 
0.628 9.00 -6.72 -0.0980 0.0672 0.1598 0.0004 0.031408 3.080992 
0.629 7.90 -5.76 -0.0790 0.0576 0.1598 0.0004 0.031408 3.080844 
0.630 -7.10 5.62 0.0710 -0.0562 0.1598 0.0004 0.026173 3.080739 
0.631 -7.10 5.62 0.0710 -0.0562 0.1598 0.0004 0.026173 3.080734 
0.632 -9.00 9.00 0.2307 -0.2084 0.1598 0.0004 0.020938 3.080824 
0.633 -9.00 9.00 0.2307 -0.2084 0.1598 0.0004 0.020938 3.081020 
0.634 -9.00 9.00 0.2083 -0.2124 0.1598 0.0004 0.015704 3.081096 
0.635 -9.00 9.00 0.2083 -0.2062 0.1598 0.0004 0.015704 3.081017 
0.636 -9.00 9.00 0.1494 -0.1367 0.1598 0.0004 0.015704 3.080940 
0.637 -9.00 9.00 0.1092 -0.1023 0.1598 0.0004 0.015704 3.080892 
0.638 -8.61 -8.58 0.0861 0.0858 0.1600 0.0004 0.018321 3.080944 
0.639 7.61 -8.58 -0.0761 0.0858 0.1598 0.0004 0.020938 3.081042 
0.640 7.61 -8.58 -0.0761 0.0858 0.1598 0.0004 0.020938 3.081064 
0.641 9.00 -9.00 -0.2262 0.1580 0.1598 0.0004 0.026173 3.081054 
0.642 9.00 -9.00 -0.2262 0.1580 0.1598 0.0004 0.026173 3.080978 
0.643 9.00 -9.00 -0.1967 0.1518 0.1596 0.0004 0.028790 3.080653 
0.644 9.00 -9.00 -0.1967 0.1105 0.1596 0.0004 0.028790 3.080486 
0.645 9.00 9.00 -0.1606 -0.0976 0.1594 0.0004 0.026173 3.080620 
0.646 -9.00 9.00 0.1154 -0.0976 0.1596 0.0004 0.023556 3.080584 
0.647 -9.00 9.00 0.1154 -0.0976 0.1596 0.0004 0.023556 3.080427 
0.648 -9.00 9.00 0.1154 -0.1437 0.1594 0.0004 0.020938 3.080343 
0.649 -9.00 9.00 0.1542 -0.1437 0.1596 0.0004 0.018321 3.080304 
0.650 -9.00 9.00 0.1542 -0.1437 0.1596 0.0004 0.018321 3.080428 
0.651 -9.00 -9.00 0.1542 0.1116 0.1598 0.0004 0.020938 3.080854 
0.652 9.00 -9.00 -0.1633 0.1116 0.1596 0.0004 0.023556 3.081178 
0.653 9.00 -9.00 -0.1633 0.1116 0.1596 0.0004 0.023556 3.081233 
0.654 9.00 -9.00 -0.1694 0.1116 0.1594 0.0004 0.026173 3.081218 
0.655 9.00 -9.00 -0.1694 0.1000 0.1594 0.0004 0.026173 3.081060 
0.656 9.00 -8.02 -0.1623 0.0802 0.1594 0.0004 0.026173 3.080877 
0.657 9.00 -6.70 -0.1159 0.0670 0.1594 0.0004 0.026173 3.080776 
0.658 9.00 5.87 -0.0902 -0.0587 0.1592 0.0004 0.023556 3.080719 
0.659 -8.47 5.87 0.0847 -0.0587 0.1594 0.0004 0.020938 3.080669 
0.660 -8.47 9.00 0.0847 -0.1971 0.1592 0.0004 0.018321 3.080631 
0.661 -9.00 9.00 0.1946 -0.1971 0.1594 0.0004 0.015704 3.080688 
0.662 -9.00 9.00 0.1946 -0.1935 0.1594 0.0004 0.015704 3.080839 
0.663 -9.00 9.00 0.1546 -0.1311 0.1594 0.0004 0.015704 3.080890 
0.664 -9.00 9.00 0.1278 -0.0990 0.1596 0.0004 0.013086 3.080621 
0.665 -9.00 7.96 0.1278 -0.0796 0.1596 0.0004 0.013086 3.080466 
0.666 9.00 6.66 -0.2144 -0.0666 0.1594 0.0004 0.015704 3.080573 
0.667 9.00 -6.05 -0.2144 0.0605 0.1596 0.0004 0.018321 3.080657 
0.668 9.00 -6.05 -0.1587 0.0605 0.1596 0.0004 0.018321 3.080734 
0.669 9.00 -9.00 -0.1272 0.2474 0.1596 0.0004 0.023556 3.081175 
0.670 9.00 -9.00 -0.1272 0.2626 0.1598 0.0004 0.026173 3.081539 
0.671 9.00 -9.00 -0.1272 0.2626 0.1598 0.0004 0.026173 3.081426 
0.672 -9.00 -9.00 0.1459 0.1843 0.1600 0.0004 0.023556 3.081341 
0.673 -9.00 -9.00 0.1459 0.1268 0.1600 0.0004 0.023556 3.081460 
0.674 -9.00 -9.00 0.1624 0.0963 0.1602 0.0004 0.020938 3.081753 
0.675 -9.00 -7.79 0.1624 0.0779 0.1602 0.0004 0.020938 3.081915 
0.676 -9.00 -6.54 0.1624 0.0654 0.1602 0.0004 0.020938 3.081899 
0.677 -9.00 -5.63 0.1314 0.0564 0.1602 0.0004 0.020938 3.081910 
0.678 9.00 5.21 -0.1020 -0.0521 0.1598 0.0004 0.020938 3.081952 
0.679 9.00 5.21 -0.1020 -0.0521 0.1598 0.0004 0.020938 3.081926 
0.680 9.00 9.00 -0.1020 -0.2563 0.1596 0.0004 0.018321 3.081849 
0.681 9.00 9.00 -0.1020 -0.2333 0.1594 0.0004 0.015704 3.081761 
0.682 9.00 9.00 -0.0987 -0.2333 0.1594 0.0004 0.015704 3.081774 
0.683 7.93 9.00 -0.0793 -0.1936 0.1594 0.0004 0.015704 3.081788 
0.684 6.64 9.00 -0.0664 -0.1312 0.1594 0.0004 0.015704 3.081629 
0.685 5.70 9.00 -0.0570 -0.0991 0.1594 0.0004 0.015704 3.081476 
0.686 -5.56 7.96 0.0556 -0.0796 0.1596 0.0004 0.013086 3.081415 
0.687 -5.56 -7.37 0.0556 0.0737 0.1598 0.0004 0.015704 3.081437 
0.688 -9.00 -7.37 0.2089 0.0737 0.1600 0.0004 0.013086 3.081773 
0.689 -9.00 -9.00 0.2089 0.2259 0.1602 0.0004 0.015704 3.082262 
0.690 -9.00 -9.00 0.1896 0.2259 0.1604 0.0004 0.013086 3.082355 
0.691 -9.00 -9.00 0.1896 0.2023 0.1606 0.0004 0.015704 3.082161 
0.692 -9.00 -9.00 0.1481 0.2023 0.1606 0.0004 0.015704 3.082038 
0.693 -9.00 -9.00 0.1085 0.1455 0.1606 0.0004 0.015704 3.082012 
0.694 -8.56 -9.00 0.0856 0.1071 0.1606 0.0004 0.015704 3.082108 
0.695 7.44 -8.47 -0.0744 0.0847 0.1604 0.0004 0.018321 3.082204 
0.696 7.44 7.43 -0.0744 -0.0743 0.1602 0.0004 0.015704 3.082226 
0.697 9.00 7.43 -0.1957 -0.0743 0.1600 0.0004 0.018321 3.082242 
0.698 9.00 9.00 -0.1957 -0.2152 0.1598 0.0004 0.015704 3.082167 
0.699 9.00 9.00 -0.1830 -0.2152 0.1598 0.0004 0.015704 3.082031 
0.700 9.00 9.00 -0.1263 -0.1660 0.1598 0.0004 0.015704 3.082197 
0.701 9.00 9.00 -0.0963 -0.1383 0.1596 0.0004 0.013086 3.082675 
0.702 7.77 -9.00 -0.0777 0.2689 0.1598 0.0004 0.015704 3.082913 
0.703 6.53 -9.00 -0.0653 0.2689 0.1598 0.0004 0.015704 3.082884 
0.704 -6.08 -9.00 0.0608 0.2022 0.1600 0.0004 0.013086 3.082836 
0.705 -6.08 -9.00 0.0608 0.1350 0.1600 0.0004 0.013086 3.082743 
0.706 -9.00 -9.00 0.1855 0.1013 0.1602 0.0004 0.010469 3.082565 
0.707 -9.00 -8.10 0.1855 0.0810 0.1602 0.0004 0.010469 3.082539 
0.708 -9.00 7.48 0.1718 -0.0748 0.1600 0.0004 0.007852 3.082733 
0.709 -9.00 7.48 0.1208 -0.0748 0.1600 0.0004 0.007852 3.082740 
0.710 -9.00 9.00 0.0931 -0.2477 0.1598 0.0004 0.005235 3.082733 
0.711 -7.57 9.00 0.0757 -0.2250 0.1596 0.0004 0.002617 3.082792 
0.712 -6.38 9.00 0.0638 -0.2250 0.1596 0.0004 0.002617 3.082674 
0.713 6.04 9.00 -0.0604 -0.1897 0.1594 0.0004 0.005235 3.082601 
0.714 6.04 9.00 -0.0604 -0.1290 0.1594 0.0004 0.005235 3.082693 
0.715 9.00 9.00 -0.2141 -0.0980 0.1592 0.0004 0.007852 3.082823 
0.716 9.00 -8.49 -0.2141 0.0850 0.1594 0.0004 0.010469 3.082874 
0.717 9.00 -8.49 -0.1935 0.0850 0.1592 0.0004 0.013086 3.082799 
0.718 9.00 -9.00 -0.1935 0.2095 0.1594 0.0004 0.015704 3.082769 
0.719 9.00 -9.00 -0.1528 0.2095 0.1594 0.0004 0.015704 3.082844 
0.720 9.00 -9.00 -0.1111 0.1670 0.1594 0.0004 0.015704 3.082890 
0.721 -9.00 -9.00 0.0950 0.1184 0.1596 0.0004 0.013086 3.082911 
0.722 -9.00 -9.00 0.0950 0.0916 0.1596 0.0004 0.013086 3.082933 
0.723 -9.00 -7.48 0.0950 0.0748 0.1596 0.0004 0.013086 3.082857 
0.724 -9.00 -6.31 0.1263 0.0631 0.1598 0.0004 0.010469 3.082752 
0.725 -9.00 6.18 0.1263 -0.0618 0.1596 0.0004 0.007852 3.082774 
0.726 -9.00 9.00 0.1263 -0.2625 0.1594 0.0004 0.005235 3.082803 
0.727 9.00 9.00 -0.1462 -0.3169 0.1590 0.0004 0.005235 3.082808 
0.728 9.00 9.00 -0.1462 -0.3169 0.1590 0.0004 0.005235 3.082777 
0.729 9.00 9.00 -0.1462 -0.2317 0.1588 0.0004 0.002617 3.082576 
0.730 9.00 9.00 -0.1196 -0.2317 0.1588 0.0004 0.002617 3.082424 
0.731 9.00 9.00 -0.0924 -0.1769 0.1588 0.0004 0.002617 3.082426 
0.732 7.52 9.00 -0.0752 -0.1232 0.1588 0.0004 0.002617 3.082457 
0.733 6.34 9.00 -0.0635 -0.0945 0.1588 0.0004 0.002617 3.082472 
0.734 5.49 7.66 -0.0549 -0.0766 0.1588 0.0004 0.002617 3.082440 
0.735 -5.39 -7.60 0.0539 0.0760 0.1592 0.0004 0.002617 3.082409 
0.736 -5.39 -7.60 0.0539 0.0760 0.1592 0.0004 0.002617 3.082420 
0.737 -9.00 -9.00 0.1723 0.2020 0.1596 0.0004 0.002617 3.082596 
0.738 -9.00 -9.00 0.1723 0.2340 0.1598 0.0004 0.005235 3.082826 
0.739 -9.00 -9.00 0.1618 0.2340 0.1598 0.0004 0.005235 3.082849 
0.740 -9.00 -9.00 0.1157 0.1835 0.1598 0.0004 0.005235 3.082760 
0.741 -8.99 -9.00 0.0899 0.1262 0.1598 0.0004 0.005235 3.082640 
0.742 -7.36 -9.00 0.0736 0.0963 0.1598 0.0004 0.005235 3.082528 
0.743 -6.23 -7.78 0.0623 0.0778 0.1598 0.0004 0.005235 3.082505 
0.744 5.58 7.35 -0.0558 -0.0735 0.1594 0.0004 0.005235 3.082548 
0.745 5.58 9.00 -0.0558 -0.2391 0.1592 0.0004 0.002617 3.082635 
0.746 9.00 9.00 -0.2226 -0.2391 0.1590 0.0004 0.005235 3.082654 
0.747 9.00 9.00 -0.2226 -0.2297 0.1588 0.0004 0.002617 3.082583 
0.748 9.00 9.00 -0.1776 -0.2297 0.1586 0.0004 0.005235 3.082469 
0.749 9.00 9.00 -0.1776 -0.1818 0.1586 0.0004 0.005235 3.082418 
0.750 9.00 9.00 -0.1776 -0.1254 0.1586 0.0004 0.005235 3.082597 
0.751 9.00 9.00 -0.1293 -0.0959 0.1586 0.0004 0.005235 3.082824 
0.752 -9.00 7.76 0.1141 -0.0776 0.1588 0.0004 0.002617 3.082906 
0.753 -9.00 -6.69 0.1141 0.0669 0.1590 0.0004 0.005235 3.082891 
0.754 -9.00 -6.69 0.1141 0.0669 0.1590 0.0004 0.005235 3.082823 
0.755 -9.00 -9.00 0.1287 0.1969 0.1594 0.0004 0.005235 3.082656 
0.756 -9.00 -9.00 0.1287 0.1969 0.1594 0.0004 0.005235 3.082601 
0.757 -9.00 -9.00 0.1287 0.1932 0.1594 0.0004 0.005235 3.082851 
0.758 9.00 -9.00 -0.1564 0.1305 0.1592 0.0004 0.007852 3.083040 
0.759 9.00 -9.00 -0.1564 0.0989 0.1592 0.0004 0.007852 3.083082 
0.760 9.00 -7.95 -0.1432 0.0795 0.1592 0.0004 0.007852 3.083040 
0.761 9.00 -6.65 -0.1057 0.0665 0.1592 0.0004 0.007852 3.082910 
0.762 9.00 5.81 -0.0991 -0.0581 0.1588 0.0004 0.007852 3.082773 
0.763 -9.00 5.81 0.2689 -0.0581 0.1590 0.0004 0.005235 3.082661 
0.764 -9.00 9.00 0.2689 -0.2354 0.1588 0.0004 0.002617 3.082702 
0.765 -9.00 9.00 0.1816 -0.2354 0.1588 0.0004 0.002617 3.082787 
0.766 -9.00 9.00 0.1256 -0.2125 0.1586 0.0004 -0.000000 3.082793 
0.767 -9.00 9.00 0.0958 -0.2125 0.1586 0.0004 -0.000000 3.082863 
0.768 -7.75 9.00 0.0775 -0.1630 0.1586 0.0004 -0.000000 3.083129 
0.769 6.69 9.00 -0.0669 -0.1165 0.1584 0.0004 0.002617 3.083350 
0.770 6.69 9.00 -0.0669 -0.0904 0.1584 0.0004 0.002617 3.083310 
0.771 9.00 7.40 -0.2197 -0.0740 0.1582 0.0004 0.005235 3.083233 
0.772 9.00 -7.12 -0.2197 0.0713 0.1584 0.0004 0.007852 3.083240 
0.773 9.00 -7.12 -0.1745 0.0713 0.1584 0.0004 0.007852 3.083032 
0.774 9.00 -9.00 -0.1219 0.1763 0.1586 0.0004 0.010469 3.082774 
0.775 9.00 -9.00 -0.0938 0.1763 0.1586 0.0004 0.010469 3.082782 
0.776 7.62 -9.00 -0.0762 0.1631 0.1586 0.0004 0.010469 3.082697 
0.777 -6.71 -9.00 0.0671 0.1164 0.1588 0.0004 0.007852 3.082560 
0.778 -6.71 -9.00 0.0671 0.0903 0.1588 0.0004 0.007852 3.082568 
0.779 -9.00 -7.38 0.2259 0.0738 0.1590 0.0004 0.005235 3.082549 
0.780 -9.00 -6.25 0.2259 0.0625 0.1590 0.0004 0.005235 3.082571 
0.781 -9.00 5.43 0.1629 -0.0543 0.1588 0.0004 0.002617 3.082889 
0.782 -9.00 5.43 0.1581 -0.0543 0.1590 0.0004 -0.000000 3.083271 
0.783 -9.00 9.00 0.1581 -0.2232 0.1588 0.0004 -0.002617 3.083325 
0.784 -9.00 9.00 0.1393 -0.2232 0.1588 0.0004 -0.002617 3.083309 
0.785 9.00 9.00 -0.1077 -0.1842 0.1586 0.0004 -0.000000 3.083327 
0.786 9.00 9.00 -0.1077 -0.1639 0.1584 0.0004 -0.002617 3.083363 
0.787 9.00 9.00 -0.1077 -0.1639 0.1584 0.0004 -0.002617 3.083503 
0.788 9.00 9.00 -0.1326 -0.1483 0.1582 0.0004 -0.000000 3.083564 
0.789 9.00 -9.00 -0.1326 0.1245 0.1584 0.0004 0.002617 3.083638 
0.790 9.00 -9.00 -0.1326 0.1245 0.1584 0.0004 0.002617 3.083750 
0.791 -9.00 -9.00 0.1418 0.1245 0.1586 0.0004 -0.000000 3.083789 
0.792 -9.00 -9.00 0.1418 0.1169 0.1586 0.0004 -0.000000 3.083817 
0.793 -9.00 -9.00 0.1418 0.0908 0.1586 0.0004 -0.000000 3.083759 
0.794 -9.00 -7.42 0.1255 0.0742 0.1586 0.0004 -0.000000 3.083590 
0.795 -9.00 -6.27 0.0958 0.0627 0.1586 0.0004 -0.000000 3.083382 
0.796 -7.76 -5.43 0.0776 0.0543 0.1586 0.0004 -0.000000 3.083317 
0.797 -6.51 5.38 0.0651 -0.0538 0.1584 0.0004 -0.002617 3.083327 
0.798 -5.61 5.38 0.0561 -0.0538 0.1584 0.0004 -0.002617 3.083175 
0.799 5.57 9.00 -0.0557 -0.2034 0.1580 0.0004 -0.002617 3.083167 
0.800 9.00 9.00 -0.2366 -0.2034 0.1578 0.0004 -0.000000 3.083344 
0.801 9.00 9.00 -0.2366 -0.2038 0.1576 0.0004 -0.002617 3.083315 
0.802 9.00 9.00 -0.2357 -0.2038 0.1574 0.0004 -0.000000 3.083103 
0.803 9.00 9.00 -0.2357 -0.1380 0.1574 0.0004 -0.000000 3.082928 
0.804 9.00 9.00 -0.1616 -0.1029 0.1574 0.0004 -0.000000 3.083039 
0.805 9.00 -8.88 -0.1155 0.0889 0.1576 0.0004 0.002617 3.083263 
0.806 9.00 -8.88 -0.0900 0.0889 0.1576 0.0004 0.002617 3.083338 
0.807 7.36 -8.88 -0.0736 0.0889 0.1576 0.0004 0.002617 3.083380 
0.808 -6.99 -9.00 0.0699 0.1637 0.1580 0.0004 0.002617 3.083524 
0.809 -9.00 -9.00 0.2475 0.1637 0.1582 0.0004 -0.000000 3.083812 
0.810 -9.00 -9.00 0.2475 0.1398 0.1582 0.0004 -0.000000 3.084056 
0.811 -9.00 -9.00 0.2709 0.1040 0.1584 0.0004 -0.002617 3.084002 
0.812 -9.00 8.39 0.2577 -0.0839 0.1582 0.0004 -0.005235 3.083881 
0.813 -9.00 8.39 0.1646 -0.0839 0.1584 0.0004 -0.007852 3.083886 
0.814 -9.00 8.39 0.1646 -0.0839 0.1584 0.0004 -0.007852 3.083960 
0.815 -9.00 9.00 0.1646 -0.1650 0.1582 0.0004 -0.010469 3.084031 
0.816 -9.00 9.00 0.1306 -0.1650 0.1582 0.0004 -0.010469 3.083961 
0.817 9.00 9.00 -0.1261 -0.1559 0.1580 0.0004 -0.007852 3.083789 
0.818 9.00 9.00 -0.1261 -0.1125 0.1580 0.0004 -0.007852 3.083722 
0.819 9.00 -9.00 -0.1633 0.0929 0.1580 0.0004 -0.002617 3.083945 
0.820 9.00 -9.00 -0.1633 0.0929 0.1580 0.0004 -0.002617 3.084105 
0.821 9.00 -9.00 -0.1633 0.0929 0.1580 0.0004 -0.002617 3.084022 
0.822 9.00 -9.00 -0.1191 0.1485 0.1582 0.0004 -0.000000 3.083919 
0.823 9.00 -9.00 -0.0921 0.1485 0.1582 0.0004 -0.000000 3.083897 
0.824 7.51 -9.00 -0.0751 0.1485 0.1582 0.0004 -0.000000 3.083861 
0.825 -6.96 -9.00 0.0696 0.1156 0.1584 0.0004 -0.002617 3.083835 
0.826 -6.96 9.00 0.0696 -0.1109 0.1582 0.0004 -0.005235 3.083944 
0.827 -9.00 9.00 0.2043 -0.1109 0.1584 0.0004 -0.007852 3.084012 
0.828 -9.00 9.00 0.2043 -0.1628 0.1582 0.0004 -0.010469 3.083902 
0.829 -9.00 9.00 0.1566 -0.1628 0.1582 0.0004 -0.010469 3.083824 
0.830 -9.00 9.00 0.1130 -0.1628 0.1582 0.0004 -0.010469 3.083920 
0.831 -8.85 9.00 0.0885 -0.1210 0.1582 0.0004 -0.010469 3.083977 
0.832 -7.26 9.00 0.0726 -0.0931 0.1582 0.0004 -0.010469 3.083919 
0.833 -6.16 7.58 0.0616 -0.0758 0.1582 0.0004 -0.010469 3.083789 
0.834 -5.35 -6.98 0.0535 0.0698 0.1584 0.0004 -0.007852 3.083699 
0.835 5.03 -6.98 -0.0503 0.0698 0.1582 0.0004 -0.005235 3.083693 
0.836 5.03 -9.00 -0.0503 0.2090 0.1584 0.0004 -0.002617 3.083681 
0.837 9.00 -9.00 -0.2311 0.2090 0.1582 0.0004 -0.000000 3.083741 
0.838 9.00 -9.00 -0.2291 0.1997 0.1584 0.0004 0.002617 3.083700 
0.839 9.00 -9.00 -0.2161 0.1997 0.1582 0.0004 0.005235 3.083599 
0.840 9.00 -9.00 -0.2143 0.1578 0.1582 0.0004 0.005235 3.083682 
0.841 9.00 -9.00 -0.1401 0.1135 0.1582 0.0004 0.005235 3.083688 
0.842 9.00 -8.87 -0.1042 0.0887 0.1582 0.0004 0.005235 3.083632 
0.843 -8.41 8.62 0.0841 -0.0862 0.1582 0.0004 -0.000000 3.083600 
0.844 -8.41 8.62 0.0841 -0.0862 0.1582 0.0004 -0.000000 3.083548 
0.845 -8.41 9.00 0.0841 -0.2022 0.1580 0.0004 -0.002617 3.083571 
0.846 -9.00 9.00 0.1624 -0.2022 0.1582 0.0004 -0.005235 3.083638 
0.847 -9.00 9.00 0.1624 -0.1881 0.1580 0.0004 -0.007852 3.083793 
0.848 -9.00 9.00 0.1576 -0.1881 0.1580 0.0004 -0.007852 3.083984 
0.849 -9.00 9.00 0.1136 -0.1500 0.1580 0.0004 -0.007852 3.083981 
0.850 9.00 -9.00 -0.0980 0.1169 0.1580 0.0004 -0.002617 3.083873 
0.851 9.00 -9.00 -0.0980 0.1169 0.1580 0.0004 -0.002617 3.083789 
0.852 9.00 -9.00 -0.0980 0.1169 0.1580 0.0004 -0.002617 3.083659 
0.853 9.00 -9.00 -0.1519 0.1376 0.1580 0.0004 0.002617 3.083564 
0.854 9.00 -9.00 -0.1519 0.1376 0.1580 0.0004 0.002617 3.083517 
0.855 9.00 9.00 -0.1471 -0.2002 0.1578 0.0004 -0.000000 3.083413 
0.856 9.00 9.00 -0.1079 -0.2002 0.1578 0.0004 -0.000000 3.083106 
0.857 -9.00 9.00 0.1045 -0.1798 0.1580 0.0004 -0.002617 3.082968 
0.858 -9.00 9.00 0.1045 -0.1244 0.1580 0.0004 -0.002617 3.083165 
0.859 -9.00 9.00 0.1822 -0.0952 0.1582 0.0004 -0.005235 3.083145 
0.860 -9.00 7.72 0.1822 -0.0772 0.1582 0.0004 -0.005235 3.083091 
0.861 -9.00 6.48 0.1532 -0.0648 0.1582 0.0004 -0.005235 3.083236 
0.862 -9.00 -6.46 0.1112 0.0646 0.1584 0.0004 -0.002617 3.083106 
0.863 -8.72 -9.00 0.0872 0.2386 0.1586 0.0004 -0.000000 3.082866 
0.864 -7.18 -9.00 0.0718 0.2386 0.1586 0.0004 -0.000000 3.082969 
0.865 -6.10 -9.00 0.0610 0.1874 0.1588 0.0004 0.002617 3.083229 
0.866 5.77 -9.00 -0.0577 0.1874 0.1586 0.0004 0.005235 3.083433 
0.867 5.77 -9.00 -0.0577 0.1874 0.1586 0.0004 0.005235 3.083376 
0.868 9.00 -9.00 -0.2477 0.1305 0.1584 0.0004 0.007852 3.083227 
0.869 9.00 -9.00 -0.2564 0.0987 0.1582 0.0004 0.010469 3.083107 
0.870 9.00 -7.94 -0.2564 0.0794 0.1582 0.0004 0.010469 3.082999 
0.871 9.00 -6.64 -0.1692 0.0664 0.1582 0.0004 0.010469 3.083074 
0.872 9.00 6.45 -0.1195 -0.0645 0.1580 0.0004 0.007852 3.083241 
0.873 9.00 6.45 -0.0923 -0.0645 0.1580 0.0004 0.007852 3.083320 
0.874 7.51 9.00 -0.0752 -0.2027 0.1578 0.0004 0.005235 3.083111 
0.875 -6.47 9.00 0.0647 -0.2027 0.1580 0.0004 0.002617 3.082824 
0.876 -6.47 9.00 0.0647 -0.1981 0.1578 0.0004 -0.000000 3.082691 
0.877 -9.00 9.00 0.2430 -0.1981 0.1580 0.0004 -0.002617 3.082729 
0.878 -9.00 9.00 0.2430 -0.1462 0.1580 0.0004 -0.002617 3.082911 
0.879 -9.00 9.00 0.2166 -0.1074 0.1582 0.0004 -0.005235 3.083020 
0.880 -9.00 -9.00 0.2166 0.0985 0.1584 0.0004 -0.002617 3.083041 
0.881 -9.00 -9.00 0.1569 0.0985 0.1584 0.0004 -0.002617 3.082978 
0.882 -9.00 -9.00 0.1133 0.1726 0.1586 0.0004 -0.000000 3.082900 
0.883 -8.85 -9.00 0.0885 0.1726 0.1586 0.0004 -0.000000 3.082960 
0.884 -7.27 -9.00 0.0727 0.1726 0.1586 0.0004 -0.000000 3.083063 
0.885 7.21 -9.00 -0.0721 0.1226 0.1584 0.0004 0.002617 3.083151 
0.886 9.00 -9.00 -0.2450 0.0943 0.1582 0.0004 0.005235 3.083257 
0.887 9.00 -7.64 -0.2450 0.0764 0.1582 0.0004 0.005235 3.083191 
0.888 9.00 7.39 -0.2780 -0.0739 0.1578 0.0004 0.005235 3.083102 
0.889 9.00 7.39 -0.2201 -0.0739 0.1578 0.0004 0.005235 3.083199 
0.890 9.00 9.00 -0.1744 -0.2015 0.1574 0.0004 0.005235 3.083298 
0.891 9.00 9.00 -0.1744 -0.2015 0.1574 0.0004 0.005235 3.083360 
0.892 -9.00 9.00 0.2033 -0.1946 0.1574 0.0004 -0.000000 3.083320 
0.893 -9.00 9.00 0.2033 -0.1946 0.1574 0.0004 -0.000000 3.083164 
0.894 -9.00 9.00 0.1607 -0.1492 0.1574 0.0004 -0.000000 3.083092 
0.895 -9.00 9.00 0.1536 -0.1092 0.1576 0.0004 -0.002617 3.083068 
0.896 -9.00 -9.00 0.1536 0.1010 0.1578 0.0004 -0.000000 3.083208 
0.897 -9.00 -9.00 0.1408 0.1010 0.1578 0.0004 -0.000000 3.083443 
0.898 9.00 -9.00 -0.1298 0.1639 0.1578 0.0004 0.005235 3.083380 
0.899 9.00 -9.00 -0.1298 0.1639 0.1578 0.0004 0.005235 3.083155 
0.900 9.00 -9.00 -0.1958 0.1639 0.1576 0.0004 0.007852 3.082933 
0.901 9.00 -9.00 -0.1958 0.1259 0.1576 0.0004 0.007852 3.082951 
0.902 9.00 -9.00 -0.1513 0.0961 0.1576 0.0004 0.007852 3.083151 
0.903 9.00 -7.77 -0.1102 0.0777 0.1576 0.0004 0.007852 3.083172 
0.904 8.66 7.02 -0.0866 -0.0702 0.1574 0.0004 0.005235 3.083078 
0.905 7.14 7.02 -0.0714 -0.0702 0.1574 0.0004 0.005235 3.082884 
0.906 -7.04 9.00 0.0704 -0.2145 0.1574 0.0004 -0.000000 3.082686 
0.907 -9.00 9.00 0.2243 -0.2145 0.1576 0.0004 -0.002617 3.082746 
0.908 -9.00 9.00 0.2243 -0.1847 0.1574 0.0004 -0.005235 3.083018 
0.909 -9.00 9.00 0.2543 -0.1847 0.1576 0.0004 -0.007852 3.083254 
0.910 -9.00 9.00 0.2543 -0.1723 0.1576 0.0004 -0.007852 3.083461 
0.911 -9.00 -9.00 0.1609 0.1248 0.1578 0.0004 -0.005235 3.083593 
0.912 -9.00 -9.00 0.1154 0.1248 0.1578 0.0004 -0.005235 3.083648 
0.913 -8.98 -9.00 0.0898 0.1248 0.1578 0.0004 -0.005235 3.083679 
0.914 -7.35 -9.00 0.0735 0.1248 0.1578 0.0004 -0.005235 3.083649 
0.915 -6.22 -9.00 0.0622 0.0988 0.1578 0.0004 -0.005235 3.083739 
0.916 5.95 -7.95 -0.0595 0.0795 0.1576 0.0004 -0.002617 3.083719 
0.917 9.00 -6.64 -0.2919 0.0664 0.1574 0.0004 -0.000000 3.083435 
0.918 9.00 5.77 -0.3248 -0.0577 0.1570 0.0004 -0.000000 3.083303 
0.919 9.00 5.77 -0.3248 -0.0577 0.1570 0.0004 -0.000000 3.083319 
0.920 9.00 9.00 -0.2735 -0.2156 0.1566 0.0004 -0.000000 3.083331 
0.921 9.00 9.00 -0.2574 -0.2156 0.1566 0.0004 -0.000000 3.083400 
0.922 9.00 9.00 -0.1575 -0.1848 0.1566 0.0004 -0.000000 3.083434 
0.923 9.00 9.00 -0.1134 -0.1815 0.1564 0.0004 -0.002617 3.083424 
0.924 8.86 9.00 -0.0886 -0.1815 0.1564 0.0004 -0.002617 3.083447 
0.925 -8.07 9.00 0.0807 -0.1370 0.1566 0.0004 -0.005235 3.083434 
0.926 -8.07 -9.00 0.0807 0.1290 0.1568 0.0004 -0.002617 3.083420 
0.927 -9.00 -9.00 0.2366 0.1290 0.1570 0.0004 -0.005235 3.083439 
0.928 -9.00 -9.00 0.2208 0.1543 0.1572 0.0004 -0.002617 3.083519 
0.929 -9.00 -9.00 0.1739 0.1543 0.1574 0.0004 -0.005235 3.083696 
0.930 -9.00 -9.00 0.1739 0.1543 0.1574 0.0004 -0.005235 3.083633 
0.931 -9.00 -9.00 0.1620 0.1273 0.1574 0.0004 -0.005235 3.083445 
0.932 9.00 -9.00 -0.1292 0.0969 0.1572 0.0004 -0.002617 3.083474 
0.933 9.00 7.82 -0.1292 -0.0782 0.1570 0.0004 -0.005235 3.083597 
0.934 9.00 7.81 -0.1292 -0.0781 0.1570 0.0004 -0.005235 3.083644 
0.935 9.00 7.81 -0.1452 -0.0781 0.1568 0.0004 -0.002617 3.083629 
