%% logfile from robot Freja (4)
% Freja (4)
%  1    time 0.000 sec
%  2  3 Motor voltage [V] left, right: 3.60 3.60
%  4  5 Wheel velocity [m/s] left, right: 0.0000 -0.0000
%  6  7  8  9 Pose x,y,h,tilt [m,m,rad,rad]: 0 0 0 3.07722
0.000 3.60 3.60 0.0000 -0.0000 0.0000 0.0000 0.000000 3.077223 
0.001 3.60 3.60 0.0000 -0.0000 0.0000 0.0000 0.000000 3.077226 
0.002 3.60 3.60 0.0000 -0.0000 0.0000 0.0000 0.000000 3.077231 
0.003 3.60 3.60 0.0000 -0.0000 0.0000 0.0000 0.000000 3.077235 
0.004 3.60 3.60 0.0000 0.0000 0.0002 0.0000 0.002617 3.077238 
0.005 3.60 3.60 0.0000 0.0000 0.0002 0.0000 0.002617 3.077240 
0.006 3.60 3.60 0.0000 0.0000 0.0004 0.0000 0.000000 3.077239 
0.007 3.60 3.60 0.0000 0.0000 0.0004 0.0000 0.000000 3.077238 
0.008 3.60 3.60 0.0000 0.0000 0.0006 0.0000 0.002617 3.077244 
0.009 2.02 3.60 0.1316 0.0000 0.0008 0.0000 0.000000 3.077257 
0.010 2.02 1.19 0.1316 0.2005 0.0010 0.0000 0.002617 3.077269 
0.011 1.17 1.03 0.2021 0.2141 0.0014 0.0000 0.002617 3.077272 
0.012 1.17 1.03 0.2021 0.2141 0.0014 0.0000 0.002617 3.077272 
0.013 0.70 0.88 0.2416 0.2271 0.0018 0.0000 0.002617 3.077277 
0.014 0.87 0.88 0.2276 0.2271 0.0020 0.0000 0.000000 3.077284 
0.015 0.87 0.67 0.2276 0.2441 0.0022 0.0000 0.002617 3.077328 
0.016 0.81 0.67 0.2323 0.2441 0.0024 0.0000 0.000000 3.077387 
0.017 0.81 0.60 0.2323 0.2501 0.0026 0.0000 0.002617 3.077328 
0.018 0.78 0.73 0.2353 0.2387 0.0030 0.0000 0.002617 3.077252 
0.019 0.71 0.73 0.2409 0.2387 0.0032 0.0000 0.000000 3.077278 
0.020 0.71 0.47 0.2409 0.2612 0.0034 0.0000 0.002617 3.077333 
0.021 0.73 0.72 0.2394 0.2399 0.0039 0.0000 0.002617 3.077383 
0.022 0.73 0.72 0.2394 0.2399 0.0039 0.0000 0.002617 3.077415 
0.023 0.73 0.61 0.2393 0.2492 0.0043 0.0000 0.002617 3.077370 
0.024 0.73 0.61 0.2393 0.2492 0.0043 0.0000 0.002617 3.077294 
0.025 0.78 0.85 0.2352 0.2292 0.0047 0.0000 0.002617 3.077290 
0.026 0.88 0.85 0.2269 0.2292 0.0049 0.0000 0.000000 3.077334 
0.027 0.88 0.85 0.2269 0.2294 0.0051 0.0000 0.002617 3.077380 
0.028 0.88 0.85 0.2264 0.2287 0.0055 0.0000 0.002617 3.077393 
0.029 0.88 0.85 0.2264 0.2287 0.0055 0.0000 0.002617 3.077374 
0.030 0.99 0.87 0.2175 0.2272 0.0059 0.0000 0.002617 3.077356 
0.031 0.99 0.87 0.2175 0.2272 0.0059 0.0000 0.002617 3.077343 
0.032 0.91 0.94 0.2242 0.2215 0.0063 0.0000 0.002617 3.077336 
0.033 0.91 0.94 0.2242 0.2215 0.0063 0.0000 0.002617 3.077323 
0.034 0.79 0.82 0.2341 0.2318 0.0067 0.0000 0.002617 3.077311 
0.035 0.81 0.82 0.2322 0.2318 0.0069 0.0000 0.000000 3.077318 
0.036 0.81 1.00 0.2322 0.2164 0.0071 0.0000 0.002617 3.077335 
0.037 0.87 1.00 0.2275 0.2164 0.0073 0.0000 0.000000 3.077339 
0.038 0.87 1.10 0.2275 0.2084 0.0075 0.0000 0.002617 3.077328 
0.039 0.93 1.10 0.2226 0.2084 0.0077 0.0000 0.000000 3.077315 
0.040 0.93 1.09 0.2226 0.2090 0.0079 0.0000 0.002617 3.077311 
0.041 0.87 1.01 0.2274 0.2154 0.0083 0.0000 0.002617 3.077314 
0.042 0.88 1.01 0.2267 0.2154 0.0083 0.0000 0.002617 3.077325 
0.043 0.96 1.05 0.2198 0.2126 0.0087 0.0000 0.002617 3.077330 
0.044 0.98 1.05 0.2180 0.2126 0.0089 0.0000 0.000000 3.077325 
0.045 0.98 1.04 0.2180 0.2131 0.0091 0.0000 0.002617 3.077324 
0.046 0.93 1.04 0.2223 0.2131 0.0093 0.0000 0.000000 3.077329 
0.047 0.93 1.16 0.2223 0.2036 0.0095 0.0000 0.002617 3.077338 
0.048 0.86 1.16 0.2283 0.2036 0.0097 0.0000 0.000000 3.077342 
0.049 0.86 1.08 0.2283 0.2101 0.0099 0.0000 0.002617 3.077345 
0.050 0.86 1.08 0.2281 0.2101 0.0101 0.0000 0.000000 3.077350 
0.051 0.86 1.25 0.2281 0.1962 0.0103 0.0000 0.002617 3.077350 
0.052 1.01 1.25 0.2157 0.1962 0.0105 0.0000 0.000000 3.077346 
0.053 1.01 1.24 0.2157 0.1967 0.0110 0.0000 0.000000 3.077335 
0.054 0.95 1.24 0.2205 0.1967 0.0110 0.0000 0.000000 3.077317 
0.055 0.83 1.26 0.2306 0.1951 0.0114 0.0000 0.000000 3.077298 
0.056 0.83 1.26 0.2306 0.1951 0.0114 0.0000 0.000000 3.077292 
0.057 0.95 1.02 0.2205 0.2149 0.0118 0.0000 0.000000 3.077302 
0.058 0.95 1.02 0.2205 0.2149 0.0118 0.0000 0.000000 3.077317 
0.059 1.05 1.11 0.2125 0.2077 0.0122 0.0000 0.000000 3.077324 
0.060 1.05 1.11 0.2125 0.2077 0.0122 0.0000 0.000000 3.077326 
0.061 0.95 1.12 0.2211 0.2063 0.0126 0.0000 0.000000 3.077326 
0.062 0.95 1.12 0.2211 0.2063 0.0126 0.0000 0.000000 3.077333 
0.063 0.93 1.10 0.2226 0.2082 0.0130 0.0000 0.000000 3.077348 
0.064 0.82 1.10 0.2318 0.2082 0.0132 0.0000 -0.002617 3.077364 
0.065 0.82 1.01 0.2318 0.2159 0.0134 0.0000 0.000000 3.077373 
0.066 0.69 1.01 0.2426 0.2159 0.0136 0.0000 -0.002617 3.077374 
0.067 0.69 1.05 0.2426 0.2127 0.0138 0.0000 0.000000 3.077374 
0.068 0.90 1.05 0.2251 0.2127 0.0140 0.0000 -0.002617 3.077377 
0.069 0.90 1.02 0.2251 0.2153 0.0142 0.0000 0.000000 3.077379 
0.070 0.76 1.02 0.2364 0.2153 0.0144 0.0000 -0.002617 3.077379 
0.071 0.97 1.06 0.2191 0.2117 0.0148 0.0000 -0.002617 3.077382 
0.072 0.97 1.06 0.2191 0.2117 0.0148 0.0000 -0.002617 3.077394 
0.073 0.94 1.03 0.2216 0.2145 0.0152 0.0000 -0.002617 3.077405 
0.074 0.94 1.04 0.2216 0.2130 0.0152 0.0000 -0.002617 3.077413 
0.075 0.97 1.11 0.2192 0.2072 0.0156 0.0000 -0.002617 3.077411 
0.076 0.97 1.07 0.2192 0.2104 0.0158 0.0000 0.000000 3.077399 
0.077 1.14 1.07 0.2054 0.2104 0.0160 0.0000 -0.002617 3.077390 
0.078 1.14 1.12 0.2054 0.2065 0.0162 0.0000 0.000000 3.077383 
0.079 0.87 1.12 0.2275 0.2065 0.0164 0.0000 -0.002617 3.077381 
0.080 0.87 0.92 0.2275 0.2237 0.0166 0.0000 0.000000 3.077384 
0.081 0.71 0.92 0.2411 0.2237 0.0168 0.0000 -0.002617 3.077392 
0.082 0.91 1.09 0.2238 0.2094 0.0172 0.0000 -0.002617 3.077398 
0.083 0.91 1.09 0.2238 0.2094 0.0172 0.0000 -0.002617 3.077401 
0.084 1.06 1.05 0.2117 0.2123 0.0176 0.0000 -0.002617 3.077407 
0.085 1.06 1.05 0.2117 0.2123 0.0176 0.0000 -0.002617 3.077410 
0.086 0.98 1.09 0.2182 0.2091 0.0181 0.0000 -0.002617 3.077409 
0.087 0.98 1.09 0.2182 0.2091 0.0181 0.0000 -0.002617 3.077407 
0.088 0.79 1.02 0.2338 0.2153 0.0185 0.0000 -0.002617 3.077406 
0.089 0.79 1.02 0.2338 0.2153 0.0185 0.0000 -0.002617 3.077408 
0.090 0.92 1.00 0.2235 0.2162 0.0189 0.0000 -0.002617 3.077409 
0.091 0.92 1.00 0.2235 0.2162 0.0191 0.0000 -0.005235 3.077408 
0.092 0.85 0.77 0.2287 0.2358 0.0193 0.0000 -0.002617 3.077406 
0.093 0.83 1.07 0.2310 0.2105 0.0197 0.0000 -0.002617 3.077407 
0.094 0.83 1.07 0.2310 0.2105 0.0197 0.0000 -0.002617 3.077413 
0.095 0.93 1.15 0.2229 0.2040 0.0201 0.0000 -0.002617 3.077420 
0.096 0.93 1.15 0.2229 0.2040 0.0201 0.0000 -0.002617 3.077425 
0.097 0.92 1.13 0.2231 0.2057 0.0205 0.0000 -0.002617 3.077427 
0.098 0.92 1.13 0.2231 0.2057 0.0205 0.0000 -0.002617 3.077430 
0.099 0.82 0.97 0.2317 0.2189 0.0209 0.0000 -0.002617 3.077441 
0.100 0.95 0.97 0.2206 0.2189 0.0211 0.0000 -0.005235 3.077454 
0.101 0.97 1.15 0.2188 0.2042 0.0213 0.0000 -0.002617 3.077460 
0.102 1.00 1.15 0.2169 0.2042 0.0215 0.0000 -0.005235 3.077465 
0.103 1.00 1.19 0.2169 0.2005 0.0217 -0.0000 -0.002617 3.077466 
0.104 0.94 1.19 0.2213 0.2005 0.0219 -0.0000 -0.005235 3.077462 
0.105 0.94 1.07 0.2213 0.2104 0.0221 -0.0000 -0.002617 3.077457 
0.106 0.84 1.07 0.2297 0.2104 0.0223 -0.0000 -0.005235 3.077453 
0.107 0.84 0.97 0.2297 0.2191 0.0225 -0.0000 -0.002617 3.077447 
0.108 0.84 0.97 0.2300 0.2191 0.0227 -0.0000 -0.005235 3.077447 
0.109 0.84 1.05 0.2300 0.2125 0.0229 -0.0000 -0.002617 3.077450 
0.110 0.90 1.05 0.2251 0.2125 0.0231 -0.0000 -0.005235 3.077449 
0.111 0.93 0.85 0.2227 0.2288 0.0235 -0.0000 -0.005235 3.077444 
0.112 0.93 0.85 0.2227 0.2288 0.0235 -0.0000 -0.005235 3.077438 
0.113 0.98 1.06 0.2179 0.2120 0.0239 -0.0000 -0.005235 3.077435 
0.114 0.98 0.93 0.2179 0.2228 0.0241 -0.0000 -0.002617 3.077433 
0.115 0.95 0.93 0.2209 0.2228 0.0243 -0.0000 -0.005235 3.077433 
0.116 0.95 1.11 0.2209 0.2071 0.0245 -0.0000 -0.002617 3.077431 
0.117 1.02 1.11 0.2151 0.2071 0.0247 -0.0000 -0.005235 3.077429 
0.118 1.02 1.15 0.2151 0.2042 0.0249 -0.0000 -0.002617 3.077429 
0.119 0.91 1.15 0.2244 0.2042 0.0252 -0.0000 -0.005235 3.077426 
0.120 0.77 1.11 0.2359 0.2071 0.0256 -0.0000 -0.005235 3.077430 
0.121 0.77 1.11 0.2359 0.2071 0.0256 -0.0000 -0.005235 3.077435 
0.122 0.79 1.09 0.2344 0.2093 0.0260 -0.0000 -0.005235 3.077435 
0.123 0.79 1.09 0.2344 0.2093 0.0260 -0.0000 -0.005235 3.077430 
0.124 0.84 1.10 0.2296 0.2085 0.0264 -0.0000 -0.005235 3.077420 
0.125 0.84 1.10 0.2296 0.2085 0.0264 -0.0000 -0.005235 3.077411 
0.126 0.90 0.95 0.2247 0.2210 0.0268 -0.0000 -0.005235 3.077406 
0.127 0.90 0.95 0.2247 0.2210 0.0268 -0.0000 -0.005235 3.077405 
0.128 0.85 1.08 0.2291 0.2098 0.0272 -0.0000 -0.005235 3.077408 
0.129 0.95 1.08 0.2206 0.2098 0.0274 -0.0000 -0.007852 3.077415 
0.130 0.95 1.15 0.2206 0.2045 0.0276 -0.0000 -0.005235 3.077421 
0.131 0.98 1.15 0.2184 0.2045 0.0278 -0.0000 -0.007852 3.077424 
0.132 0.98 1.09 0.2184 0.2087 0.0280 -0.0000 -0.005235 3.077423 
0.133 0.93 1.09 0.2227 0.2087 0.0282 -0.0000 -0.007852 3.077423 
0.134 0.93 0.99 0.2227 0.2173 0.0284 -0.0000 -0.005235 3.077425 
0.135 0.84 0.99 0.2296 0.2173 0.0286 -0.0000 -0.007852 3.077426 
0.136 0.84 1.01 0.2296 0.2159 0.0288 -0.0000 -0.005235 3.077427 
0.137 0.84 1.01 0.2299 0.2159 0.0290 -0.0000 -0.007852 3.077428 
0.138 0.99 0.99 0.2177 0.2173 0.0294 -0.0000 -0.007852 3.077425 
0.139 0.99 1.08 0.2177 0.2102 0.0294 -0.0000 -0.007852 3.077420 
0.140 0.93 1.11 0.2227 0.2076 0.0298 -0.0000 -0.007852 3.077418 
0.141 0.93 1.02 0.2227 0.2146 0.0300 -0.0000 -0.005235 3.077421 
0.142 0.80 1.02 0.2331 0.2146 0.0302 -0.0000 -0.007852 3.077425 
0.143 0.80 1.19 0.2331 0.2007 0.0304 -0.0000 -0.005235 3.077424 
0.144 0.93 1.19 0.2221 0.2007 0.0306 -0.0000 -0.007852 3.077420 
0.145 0.93 1.18 0.2221 0.2014 0.0308 -0.0001 -0.005235 3.077417 
0.146 1.03 1.18 0.2145 0.2014 0.0310 -0.0001 -0.007852 3.077415 
0.147 1.03 1.21 0.2145 0.1993 0.0312 -0.0001 -0.005235 3.077414 
0.148 0.93 1.21 0.2223 0.1993 0.0314 -0.0001 -0.007852 3.077415 
0.149 0.91 0.97 0.2243 0.2190 0.0318 -0.0001 -0.007852 3.077415 
0.150 0.91 0.97 0.2243 0.2190 0.0318 -0.0001 -0.007852 3.077413 
0.151 3.21 3.47 0.2328 0.2110 0.0323 -0.0001 -0.007852 3.077411 
0.152 3.21 3.47 0.2328 0.2110 0.0323 -0.0001 -0.007852 3.077413 
0.153 3.05 3.46 0.2458 0.2118 0.0327 -0.0001 -0.007852 3.077420 
0.154 3.04 3.46 0.2468 0.2118 0.0329 -0.0001 -0.010469 3.077426 
0.155 3.04 3.16 0.2468 0.2367 0.0331 -0.0001 -0.007852 3.077428 
0.156 2.45 2.73 0.2960 0.2726 0.0335 -0.0001 -0.007852 3.077430 
0.157 2.37 2.73 0.3024 0.2726 0.0337 -0.0001 -0.010469 3.077431 
0.158 2.06 2.50 0.3287 0.2915 0.0341 -0.0001 -0.010469 3.077428 
0.159 2.06 2.17 0.3287 0.3191 0.0343 -0.0001 -0.007852 3.077439 
0.160 1.90 2.04 0.3419 0.3301 0.0347 -0.0001 -0.007852 3.077457 
0.161 2.10 1.69 0.3253 0.3591 0.0351 -0.0001 -0.007852 3.077454 
0.162 1.62 1.69 0.3651 0.3591 0.0353 -0.0001 -0.010469 3.077449 
0.163 1.28 1.75 0.3930 0.3538 0.0357 -0.0001 -0.010469 3.077443 
0.164 1.53 1.69 0.3724 0.3592 0.0361 -0.0001 -0.010469 3.077445 
0.165 1.66 1.76 0.3614 0.3536 0.0365 -0.0001 -0.010469 3.077457 
0.166 1.49 1.38 0.3756 0.3852 0.0369 -0.0001 -0.010469 3.077463 
0.167 1.22 1.70 0.3984 0.3586 0.0373 -0.0001 -0.010469 3.077462 
0.168 1.44 1.62 0.3797 0.3648 0.0377 -0.0001 -0.010469 3.077468 
0.169 1.39 1.69 0.3838 0.3594 0.0381 -0.0001 -0.010469 3.077474 
0.170 1.37 1.57 0.3858 0.3691 0.0385 -0.0001 -0.010469 3.077472 
0.171 1.45 1.58 0.3791 0.3682 0.0389 -0.0001 -0.010469 3.077464 
0.172 1.52 1.19 0.3735 0.4009 0.0391 -0.0001 -0.007852 3.077460 
0.173 1.43 1.30 0.3809 0.3918 0.0394 -0.0001 -0.010469 3.077469 
0.174 1.18 1.63 0.4016 0.3644 0.0398 -0.0001 -0.010469 3.077479 
0.175 1.41 1.75 0.3823 0.3538 0.0402 -0.0001 -0.010469 3.077485 
0.176 1.46 1.69 0.3782 0.3592 0.0406 -0.0001 -0.010469 3.077482 
0.177 1.43 1.43 0.3811 0.3806 0.0410 -0.0001 -0.010469 3.077473 
0.178 1.33 1.75 0.3895 0.3543 0.0414 -0.0002 -0.010469 3.077468 
0.179 1.37 1.83 0.3858 0.3474 0.0418 -0.0002 -0.010469 3.077464 
0.180 1.44 1.67 0.3803 0.3612 0.0422 -0.0002 -0.010469 3.077462 
0.181 1.43 1.54 0.3808 0.3712 0.0426 -0.0002 -0.010469 3.077466 
0.182 1.49 1.54 0.3757 0.3712 0.0428 -0.0002 -0.013086 3.077463 
0.183 1.43 1.67 0.3812 0.3609 0.0432 -0.0002 -0.013086 3.077452 
0.184 1.58 1.28 0.3679 0.3931 0.0436 -0.0002 -0.013086 3.077441 
0.185 1.43 1.62 0.3808 0.3650 0.0440 -0.0002 -0.013086 3.077440 
0.186 1.26 1.37 0.3953 0.3859 0.0444 -0.0002 -0.013086 3.077446 
0.187 1.35 1.67 0.3877 0.3604 0.0448 -0.0002 -0.013086 3.077452 
0.188 1.40 1.61 0.3836 0.3655 0.0452 -0.0002 -0.013086 3.077459 
0.189 1.40 1.59 0.3836 0.3675 0.0454 -0.0002 -0.010469 3.077463 
0.190 1.41 1.60 0.3827 0.3668 0.0458 -0.0002 -0.010469 3.077469 
0.191 1.23 1.61 0.3972 0.3661 0.0462 -0.0002 -0.010469 3.077476 
0.192 1.41 1.31 0.3821 0.3911 0.0467 -0.0002 -0.010469 3.077480 
0.193 1.45 1.56 0.3795 0.3700 0.0471 -0.0002 -0.010469 3.077478 
0.194 1.42 1.56 0.3817 0.3700 0.0473 -0.0002 -0.013086 3.077473 
0.195 1.35 1.69 0.3871 0.3596 0.0477 -0.0002 -0.013086 3.077473 
0.196 1.38 1.61 0.3854 0.3656 0.0481 -0.0002 -0.013086 3.077475 
0.197 1.59 1.47 0.3673 0.3777 0.0485 -0.0002 -0.013086 3.077477 
0.198 1.43 1.53 0.3806 0.3723 0.0489 -0.0002 -0.013086 3.077480 
0.199 1.19 1.49 0.4010 0.3757 0.0493 -0.0002 -0.013086 3.077480 
0.200 1.42 1.63 0.3819 0.3639 0.0497 -0.0003 -0.013086 3.077477 
0.201 1.59 1.39 0.3674 0.3846 0.0501 -0.0003 -0.013086 3.077476 
0.202 1.45 1.66 0.3788 0.3617 0.0505 -0.0003 -0.013086 3.077480 
0.203 1.48 1.64 0.3770 0.3630 0.0509 -0.0003 -0.013086 3.077488 
0.204 1.36 1.73 0.3867 0.3560 0.0513 -0.0003 -0.013086 3.077492 
0.205 1.11 1.73 0.4074 0.3560 0.0515 -0.0003 -0.015704 3.077491 
0.206 1.40 1.36 0.3837 0.3863 0.0519 -0.0003 -0.015704 3.077487 
0.207 1.07 1.63 0.4104 0.3639 0.0523 -0.0003 -0.015704 3.077482 
0.208 1.41 1.67 0.3826 0.3604 0.0527 -0.0003 -0.015704 3.077481 
0.209 1.41 1.64 0.3826 0.3635 0.0529 -0.0003 -0.013086 3.077486 
0.210 1.39 1.46 0.3838 0.3785 0.0533 -0.0003 -0.013086 3.077488 
0.211 1.48 1.56 0.3763 0.3698 0.0538 -0.0003 -0.013086 3.077489 
0.212 1.84 1.51 0.3467 0.3737 0.0542 -0.0003 -0.013086 3.077489 
0.213 1.48 1.58 0.3769 0.3682 0.0546 -0.0003 -0.013086 3.077491 
0.214 1.20 1.34 0.4001 0.3882 0.0550 -0.0003 -0.013086 3.077490 
0.215 1.49 1.51 0.3755 0.3741 0.0554 -0.0003 -0.013086 3.077482 
0.216 1.64 1.49 0.3633 0.3762 0.0558 -0.0003 -0.013086 3.077474 
0.217 1.48 1.49 0.3769 0.3762 0.0560 -0.0003 -0.015704 3.077469 
0.218 1.23 1.60 0.3977 0.3664 0.0564 -0.0003 -0.015704 3.077463 
0.219 1.44 1.24 0.3799 0.3965 0.0568 -0.0004 -0.015704 3.077463 
0.220 1.41 1.58 0.3823 0.3681 0.0572 -0.0004 -0.015704 3.077464 
0.221 1.38 1.53 0.3850 0.3722 0.0576 -0.0004 -0.015704 3.077457 
0.222 1.52 1.62 0.3732 0.3646 0.0580 -0.0004 -0.015704 3.077446 
0.223 1.52 1.52 0.3732 0.3734 0.0584 -0.0004 -0.015704 3.077441 
0.224 1.42 1.54 0.3815 0.3716 0.0588 -0.0004 -0.015704 3.077444 
0.225 1.18 1.14 0.4019 0.4052 0.0590 -0.0004 -0.013086 3.077451 
0.226 1.39 1.61 0.3839 0.3655 0.0594 -0.0004 -0.013086 3.077457 
0.227 1.45 1.71 0.3788 0.3573 0.0598 -0.0004 -0.013086 3.077462 
0.228 1.41 1.63 0.3826 0.3638 0.0602 -0.0004 -0.013086 3.077466 
0.229 1.31 1.36 0.3904 0.3869 0.0606 -0.0004 -0.013086 3.077467 
0.230 1.35 1.36 0.3876 0.3869 0.0608 -0.0004 -0.015704 3.077466 
0.231 1.43 1.68 0.3807 0.3597 0.0613 -0.0004 -0.015704 3.077464 
0.232 1.42 1.78 0.3816 0.3519 0.0617 -0.0004 -0.015704 3.077465 
0.233 1.49 1.63 0.3762 0.3641 0.0621 -0.0004 -0.015704 3.077466 
0.234 1.43 1.52 0.3812 0.3736 0.0625 -0.0004 -0.015704 3.077466 
0.235 1.58 1.65 0.3679 0.3628 0.0629 -0.0004 -0.015704 3.077467 
0.236 1.43 1.25 0.3812 0.3961 0.0633 -0.0004 -0.015704 3.077470 
0.237 1.27 1.59 0.3943 0.3676 0.0637 -0.0005 -0.015704 3.077469 
0.238 1.37 1.34 0.3860 0.3884 0.0641 -0.0005 -0.015704 3.077467 
0.239 1.44 1.64 0.3804 0.3632 0.0645 -0.0005 -0.015704 3.077466 
0.240 1.44 1.59 0.3803 0.3677 0.0649 -0.0005 -0.015704 3.077469 
0.241 1.26 1.59 0.3947 0.3677 0.0651 -0.0005 -0.018321 3.077478 
0.242 1.30 1.59 0.3914 0.3676 0.0653 -0.0005 -0.015704 3.077482 
0.243 1.43 1.54 0.3812 0.3714 0.0657 -0.0005 -0.015704 3.077480 
0.244 1.49 1.58 0.3760 0.3680 0.0661 -0.0005 -0.015704 3.077477 
0.245 1.44 1.28 0.3801 0.3937 0.0665 -0.0005 -0.015704 3.077482 
0.246 1.37 1.53 0.3859 0.3724 0.0669 -0.0005 -0.015704 3.077492 
0.247 1.40 1.65 0.3836 0.3623 0.0673 -0.0005 -0.015704 3.077498 
0.248 1.62 1.58 0.3647 0.3685 0.0677 -0.0005 -0.015704 3.077502 
0.249 1.48 1.44 0.3766 0.3803 0.0682 -0.0005 -0.015704 3.077501 
0.250 1.26 1.50 0.3951 0.3752 0.0686 -0.0005 -0.015704 3.077503 
0.251 1.46 1.46 0.3786 0.3786 0.0690 -0.0005 -0.015704 3.077508 
0.252 1.63 1.58 0.3643 0.3685 0.0694 -0.0005 -0.015704 3.077509 
0.253 1.49 1.33 0.3761 0.3891 0.0698 -0.0005 -0.015704 3.077504 
0.254 1.51 1.33 0.3743 0.3891 0.0700 -0.0006 -0.018321 3.077503 
0.255 1.38 1.60 0.3850 0.3669 0.0704 -0.0006 -0.018321 3.077512 
0.256 1.14 1.60 0.4051 0.3669 0.0708 -0.0006 -0.018321 3.077522 
0.257 1.43 1.68 0.3805 0.3601 0.0712 -0.0006 -0.018321 3.077529 
0.258 1.08 1.34 0.4098 0.3883 0.0716 -0.0006 -0.018321 3.077528 
0.259 1.33 1.60 0.3888 0.3664 0.0720 -0.0006 -0.018321 3.077524 
0.260 1.41 1.67 0.3824 0.3609 0.0722 -0.0006 -0.015704 3.077521 
0.261 1.41 1.62 0.3828 0.3645 0.0726 -0.0006 -0.015704 3.077523 
0.262 1.48 1.45 0.3771 0.3795 0.0730 -0.0006 -0.015704 3.077532 
0.263 1.83 1.55 0.3476 0.3706 0.0734 -0.0006 -0.015704 3.077544 
0.264 1.42 1.51 0.3816 0.3742 0.0738 -0.0006 -0.015704 3.077550 
0.265 1.14 1.51 0.4054 0.3742 0.0740 -0.0006 -0.018321 3.077554 
0.266 1.43 1.59 0.3808 0.3677 0.0744 -0.0006 -0.018321 3.077555 
0.267 1.59 1.37 0.3674 0.3861 0.0748 -0.0006 -0.018321 3.077553 
0.268 1.43 1.56 0.3805 0.3698 0.0752 -0.0006 -0.018321 3.077549 
0.269 1.17 1.51 0.4023 0.3740 0.0757 -0.0007 -0.018321 3.077549 
0.270 1.43 1.59 0.3811 0.3670 0.0761 -0.0007 -0.018321 3.077548 
0.271 1.40 1.22 0.3835 0.3982 0.0765 -0.0007 -0.018321 3.077543 
0.272 1.35 1.56 0.3877 0.3699 0.0769 -0.0007 -0.018321 3.077541 
0.273 1.50 1.51 0.3747 0.3741 0.0773 -0.0007 -0.018321 3.077536 
0.274 1.44 1.60 0.3800 0.3664 0.0777 -0.0007 -0.018321 3.077531 
0.275 1.23 1.50 0.3975 0.3752 0.0781 -0.0007 -0.018321 3.077529 
0.276 1.28 1.52 0.3930 0.3736 0.0783 -0.0007 -0.015704 3.077528 
0.277 1.44 1.11 0.3799 0.4070 0.0787 -0.0007 -0.015704 3.077527 
0.278 1.51 1.59 0.3741 0.3670 0.0791 -0.0007 -0.015704 3.077525 
0.279 1.47 1.59 0.3776 0.3670 0.0793 -0.0007 -0.018321 3.077518 
0.280 1.37 1.70 0.3859 0.3580 0.0797 -0.0007 -0.018321 3.077512 
0.281 1.40 1.61 0.3834 0.3657 0.0801 -0.0007 -0.018321 3.077516 
0.282 1.47 1.35 0.3775 0.3877 0.0805 -0.0007 -0.018321 3.077529 
0.283 1.45 1.67 0.3788 0.3605 0.0809 -0.0007 -0.018321 3.077539 
0.284 1.50 1.76 0.3746 0.3535 0.0813 -0.0008 -0.018321 3.077540 
0.285 1.43 1.60 0.3808 0.3664 0.0817 -0.0008 -0.018321 3.077535 
0.286 1.59 1.49 0.3675 0.3760 0.0821 -0.0008 -0.018321 3.077527 
0.287 1.43 1.61 0.3812 0.3654 0.0826 -0.0008 -0.018321 3.077524 
0.288 1.25 1.23 0.3960 0.3978 0.0830 -0.0008 -0.018321 3.077528 
0.289 1.33 1.58 0.3892 0.3685 0.0834 -0.0008 -0.018321 3.077532 
0.290 1.39 1.33 0.3838 0.3893 0.0838 -0.0008 -0.018321 3.077531 
0.291 1.39 1.33 0.3841 0.3893 0.0840 -0.0008 -0.020938 3.077527 
0.292 1.21 1.65 0.3991 0.3628 0.0844 -0.0008 -0.020938 3.077527 
0.293 1.29 1.59 0.3923 0.3671 0.0846 -0.0008 -0.018321 3.077529 
0.294 1.39 1.58 0.3838 0.3680 0.0850 -0.0008 -0.018321 3.077526 
0.295 1.46 1.59 0.3784 0.3676 0.0854 -0.0008 -0.018321 3.077524 
0.296 1.43 1.60 0.3810 0.3662 0.0858 -0.0008 -0.018321 3.077530 
0.297 1.36 1.30 0.3867 0.3920 0.0862 -0.0008 -0.018321 3.077538 
0.298 1.38 1.55 0.3850 0.3705 0.0866 -0.0009 -0.018321 3.077543 
0.299 1.60 1.67 0.3667 0.3610 0.0870 -0.0009 -0.018321 3.077543 
0.300 1.43 1.60 0.3807 0.3667 0.0874 -0.0009 -0.018321 3.077538 
0.301 1.19 1.45 0.4009 0.3789 0.0878 -0.0009 -0.018321 3.077532 
0.302 1.42 1.45 0.3818 0.3789 0.0880 -0.0009 -0.020938 3.077528 
0.303 1.59 1.55 0.3678 0.3711 0.0884 -0.0009 -0.020938 3.077527 
0.304 1.45 1.54 0.3795 0.3715 0.0888 -0.0009 -0.020938 3.077526 
0.305 1.48 1.64 0.3769 0.3632 0.0892 -0.0009 -0.020938 3.077523 
0.306 1.35 1.40 0.3871 0.3837 0.0896 -0.0009 -0.020938 3.077520 
0.307 1.12 1.66 0.4069 0.3620 0.0901 -0.0009 -0.020938 3.077519 
0.308 1.40 1.64 0.3836 0.3633 0.0905 -0.0009 -0.020938 3.077515 
0.309 1.08 1.72 0.4100 0.3568 0.0909 -0.0009 -0.020938 3.077505 
0.310 1.44 1.37 0.3799 0.3860 0.0913 -0.0009 -0.020938 3.077501 
0.311 1.43 1.62 0.3808 0.3650 0.0917 -0.0010 -0.020938 3.077503 
0.312 1.43 1.69 0.3808 0.3593 0.0919 -0.0010 -0.018321 3.077512 
0.313 1.52 1.69 0.3735 0.3593 0.0921 -0.0010 -0.020938 3.077523 
0.314 1.85 1.65 0.3456 0.3629 0.0925 -0.0010 -0.020938 3.077525 
0.315 1.45 1.45 0.3791 0.3794 0.0929 -0.0010 -0.020938 3.077524 
0.316 1.15 1.56 0.4040 0.3699 0.0933 -0.0010 -0.020938 3.077521 
0.317 1.44 1.50 0.3796 0.3748 0.0937 -0.0010 -0.020938 3.077516 
0.318 1.59 1.57 0.3673 0.3692 0.0941 -0.0010 -0.020938 3.077516 
0.319 1.44 1.33 0.3803 0.3891 0.0945 -0.0010 -0.020938 3.077522 
0.320 1.17 1.50 0.4021 0.3750 0.0949 -0.0010 -0.020938 3.077526 
0.321 1.43 1.47 0.3808 0.3775 0.0953 -0.0010 -0.020938 3.077524 
0.322 1.38 1.53 0.3847 0.3721 0.0957 -0.0010 -0.020938 3.077520 
0.323 1.37 1.17 0.3858 0.4023 0.0961 -0.0010 -0.020938 3.077519 
0.324 1.50 1.52 0.3748 0.3733 0.0965 -0.0011 -0.020938 3.077518 
0.325 1.42 1.48 0.3818 0.3766 0.0969 -0.0011 -0.020938 3.077521 
0.326 1.18 1.55 0.4016 0.3704 0.0974 -0.0011 -0.020938 3.077527 
0.327 1.41 1.59 0.3828 0.3678 0.0976 -0.0011 -0.023556 3.077530 
0.328 1.41 1.47 0.3828 0.3773 0.0978 -0.0011 -0.020938 3.077526 
0.329 1.47 1.51 0.3777 0.3744 0.0982 -0.0011 -0.020938 3.077520 
0.330 1.44 1.10 0.3802 0.4079 0.0986 -0.0011 -0.020938 3.077513 
0.331 1.33 1.58 0.3889 0.3683 0.0990 -0.0011 -0.020938 3.077507 
0.332 1.38 1.68 0.3853 0.3600 0.0994 -0.0011 -0.020938 3.077501 
0.333 1.44 1.60 0.3800 0.3666 0.0998 -0.0011 -0.020938 3.077501 
0.334 1.44 1.33 0.3804 0.3895 0.1002 -0.0011 -0.020938 3.077502 
0.335 1.48 1.65 0.3763 0.3622 0.1006 -0.0011 -0.020938 3.077498 
0.336 1.42 1.74 0.3816 0.3549 0.1010 -0.0012 -0.020938 3.077493 
0.337 1.58 1.58 0.3681 0.3679 0.1014 -0.0012 -0.020938 3.077490 
0.338 1.42 1.47 0.3817 0.3779 0.1018 -0.0012 -0.020938 3.077486 
0.339 1.25 1.47 0.3961 0.3779 0.1020 -0.0012 -0.023556 3.077479 
0.340 1.33 1.59 0.3889 0.3671 0.1024 -0.0012 -0.023556 3.077476 
0.341 1.40 1.21 0.3836 0.3990 0.1028 -0.0012 -0.023556 3.077472 
0.342 1.38 1.57 0.3851 0.3694 0.1032 -0.0012 -0.023556 3.077469 
0.343 1.22 1.31 0.3984 0.3910 0.1036 -0.0012 -0.023556 3.077466 
0.344 1.39 1.63 0.3843 0.3644 0.1040 -0.0012 -0.023556 3.077462 
0.345 1.46 1.57 0.3787 0.3690 0.1045 -0.0012 -0.023556 3.077454 
0.346 1.46 1.56 0.3787 0.3703 0.1049 -0.0012 -0.023556 3.077447 
0.347 1.42 1.57 0.3816 0.3689 0.1051 -0.0012 -0.020938 3.077449 
0.348 1.34 1.56 0.3886 0.3697 0.1055 -0.0013 -0.020938 3.077456 
0.349 1.37 1.27 0.3861 0.3943 0.1059 -0.0013 -0.020938 3.077461 
0.350 1.58 1.52 0.3682 0.3730 0.1063 -0.0013 -0.020938 3.077466 
0.351 1.41 1.65 0.3823 0.3626 0.1067 -0.0013 -0.020938 3.077471 
0.352 1.19 1.65 0.4009 0.3626 0.1069 -0.0013 -0.023556 3.077473 
0.353 1.40 1.57 0.3837 0.3687 0.1073 -0.0013 -0.023556 3.077473 
0.354 1.58 1.43 0.3684 0.3811 0.1077 -0.0013 -0.023556 3.077472 
0.355 1.44 1.49 0.3804 0.3759 0.1081 -0.0013 -0.023556 3.077471 
0.356 1.48 1.44 0.3770 0.3798 0.1085 -0.0013 -0.023556 3.077472 
0.357 1.35 1.56 0.3877 0.3699 0.1089 -0.0013 -0.023556 3.077476 
0.358 1.12 1.30 0.4070 0.3915 0.1093 -0.0013 -0.023556 3.077480 
0.359 1.39 1.58 0.3843 0.3686 0.1097 -0.0013 -0.023556 3.077483 
0.360 1.07 1.57 0.4108 0.3691 0.1101 -0.0014 -0.023556 3.077482 
0.361 1.41 1.64 0.3825 0.3630 0.1105 -0.0014 -0.023556 3.077478 
0.362 1.37 1.30 0.3857 0.3916 0.1109 -0.0014 -0.023556 3.077473 
0.363 1.47 1.57 0.3776 0.3692 0.1113 -0.0014 -0.023556 3.077468 
0.364 1.75 1.64 0.3543 0.3633 0.1118 -0.0014 -0.023556 3.077468 
0.365 1.82 1.64 0.3482 0.3633 0.1118 -0.0014 -0.023556 3.077466 
0.366 1.40 1.61 0.3834 0.3661 0.1122 -0.0014 -0.023556 3.077458 
0.367 1.11 1.41 0.4076 0.3826 0.1126 -0.0014 -0.023556 3.077449 
0.368 1.39 1.53 0.3842 0.3727 0.1130 -0.0014 -0.023556 3.077441 
0.369 1.54 1.48 0.3719 0.3763 0.1134 -0.0014 -0.023556 3.077436 
0.370 1.38 1.56 0.3853 0.3700 0.1138 -0.0014 -0.023556 3.077432 
0.371 1.12 1.32 0.4063 0.3895 0.1142 -0.0015 -0.023556 3.077427 
0.372 1.39 1.51 0.3845 0.3743 0.1146 -0.0015 -0.023556 3.077425 
0.373 1.34 1.48 0.3880 0.3770 0.1150 -0.0015 -0.023556 3.077421 
0.374 1.33 1.56 0.3891 0.3697 0.1154 -0.0015 -0.023556 3.077419 
0.375 1.50 1.19 0.3748 0.4009 0.1158 -0.0015 -0.023556 3.077420 
0.376 1.46 1.54 0.3785 0.3719 0.1162 -0.0015 -0.023556 3.077415 
0.377 1.24 1.49 0.3967 0.3760 0.1166 -0.0015 -0.023556 3.077405 
0.378 1.47 1.56 0.3776 0.3701 0.1170 -0.0015 -0.023556 3.077395 
0.379 1.51 1.60 0.3743 0.3665 0.1172 -0.0015 -0.026173 3.077380 
0.380 1.47 1.52 0.3779 0.3731 0.1176 -0.0015 -0.026173 3.077366 
0.381 1.36 1.55 0.3867 0.3703 0.1180 -0.0015 -0.026173 3.077361 
0.382 1.39 1.17 0.3842 0.4029 0.1184 -0.0016 -0.026173 3.077373 
0.383 1.45 1.62 0.3788 0.3649 0.1189 -0.0016 -0.026173 3.077392 
0.384 1.46 1.72 0.3784 0.3564 0.1191 -0.0016 -0.023556 3.077400 
0.385 1.46 1.65 0.3783 0.3625 0.1195 -0.0016 -0.023556 3.077394 
0.386 1.47 1.38 0.3771 0.3851 0.1199 -0.0016 -0.023556 3.077383 
0.387 1.43 1.68 0.3808 0.3599 0.1203 -0.0016 -0.023556 3.077372 
0.388 1.58 1.77 0.3684 0.3526 0.1207 -0.0016 -0.023556 3.077371 
0.389 1.42 1.77 0.3819 0.3526 0.1211 -0.0016 -0.023556 3.077381 
0.390 1.24 1.61 0.3968 0.3658 0.1213 -0.0016 -0.026173 3.077394 
0.391 1.33 1.48 0.3892 0.3768 0.1217 -0.0016 -0.026173 3.077405 
0.392 1.37 1.61 0.3857 0.3659 0.1221 -0.0016 -0.026173 3.077409 
0.393 1.38 1.20 0.3851 0.4000 0.1225 -0.0017 -0.026173 3.077404 
0.394 1.20 1.55 0.4000 0.3707 0.1229 -0.0017 -0.026173 3.077389 
0.395 1.38 1.30 0.3850 0.3913 0.1233 -0.0017 -0.026173 3.077375 
0.396 1.43 1.61 0.3804 0.3654 0.1237 -0.0017 -0.026173 3.077373 
0.397 1.41 1.56 0.3828 0.3700 0.1241 -0.0017 -0.026173 3.077379 
0.398 1.33 1.54 0.3892 0.3712 0.1245 -0.0017 -0.026173 3.077383 
0.399 1.35 1.55 0.3871 0.3709 0.1249 -0.0017 -0.026173 3.077384 
0.400 1.57 1.57 0.3693 0.3693 0.1253 -0.0017 -0.026173 3.077381 
0.401 1.40 1.26 0.3837 0.3951 0.1257 -0.0017 -0.026173 3.077373 
0.402 -4.86 -4.48 0.4052 0.3734 0.1262 -0.0018 -0.026173 3.077366 
0.403 -4.81 -4.48 0.4012 0.3734 0.1262 -0.0018 -0.026173 3.077366 
0.404 -4.57 -4.30 0.3807 0.3583 0.1266 -0.0018 -0.026173 3.077373 
0.405 -4.02 -4.07 0.3354 0.3393 0.1270 -0.0018 -0.026173 3.077377 
0.406 -3.42 -3.52 0.2846 0.2930 0.1274 -0.0018 -0.026173 3.077376 
0.407 -3.42 -3.52 0.2846 0.2930 0.1274 -0.0018 -0.026173 3.077376 
0.408 -2.49 -2.67 0.2073 0.2223 0.1278 -0.0018 -0.026173 3.077375 
0.409 -2.49 -2.67 0.2073 0.2223 0.1278 -0.0018 -0.026173 3.077373 
0.410 -2.07 -1.95 0.1724 0.1624 0.1280 -0.0018 -0.023556 3.077364 
0.411 -1.45 -1.95 0.1211 0.1624 0.1282 -0.0018 -0.026173 3.077367 
0.412 -1.45 -1.95 0.1211 0.1624 0.1282 -0.0018 -0.026173 3.077362 
0.413 -1.45 -1.61 0.1211 0.1344 0.1282 -0.0018 -0.026173 3.077326 
0.414 -1.45 -1.21 0.1211 0.1009 0.1282 -0.0018 -0.026173 3.077311 
0.415 -1.22 -0.97 0.1014 0.0808 0.1282 -0.0018 -0.026173 3.077306 
0.416 -0.97 -0.81 0.0811 0.0674 0.1282 -0.0018 -0.026173 3.077310 
0.417 -0.81 -0.69 0.0676 0.0578 0.1282 -0.0018 -0.026173 3.077332 
0.418 -0.69 -0.61 0.0579 0.0506 0.1282 -0.0018 -0.026173 3.077348 
0.419 -0.61 -0.54 0.0507 0.0450 0.1282 -0.0018 -0.026173 3.077372 
0.420 0.55 -0.48 -0.0462 0.0405 0.1280 -0.0018 -0.023556 3.077394 
0.421 0.55 -0.44 -0.0462 0.0368 0.1280 -0.0018 -0.023556 3.077393 
0.422 0.55 -0.40 -0.0462 0.0337 0.1280 -0.0018 -0.023556 3.077394 
0.423 0.55 -0.37 -0.0462 0.0311 0.1280 -0.0018 -0.023556 3.077410 
0.424 0.55 -0.35 -0.0462 0.0289 0.1280 -0.0018 -0.023556 3.077414 
0.425 0.55 -0.32 -0.0462 0.0270 0.1280 -0.0018 -0.023556 3.077402 
0.426 0.55 -0.30 -0.0462 0.0253 0.1280 -0.0018 -0.023556 3.077385 
0.427 0.55 -0.29 -0.0462 0.0238 0.1280 -0.0018 -0.023556 3.077381 
0.428 0.55 -0.27 -0.0462 0.0225 0.1280 -0.0018 -0.023556 3.077389 
0.429 0.53 0.26 -0.0440 -0.0215 0.1278 -0.0018 -0.026173 3.077399 
0.430 0.48 0.26 -0.0397 -0.0215 0.1278 -0.0018 -0.026173 3.077414 
0.431 0.43 0.26 -0.0362 -0.0215 0.1278 -0.0018 -0.026173 3.077425 
0.432 0.40 0.26 -0.0332 -0.0215 0.1278 -0.0018 -0.026173 3.077425 
0.433 0.37 0.26 -0.0307 -0.0215 0.1278 -0.0018 -0.026173 3.077417 
0.434 0.34 0.26 -0.0285 -0.0215 0.1278 -0.0018 -0.026173 3.077412 
0.435 0.32 0.26 -0.0267 -0.0215 0.1278 -0.0018 -0.026173 3.077414 
0.436 0.30 0.26 -0.0250 -0.0215 0.1278 -0.0018 -0.026173 3.077414 
0.437 0.28 0.26 -0.0236 -0.0215 0.1278 -0.0018 -0.026173 3.077407 
0.438 0.27 0.26 -0.0223 -0.0215 0.1278 -0.0018 -0.026173 3.077395 
0.439 0.25 0.26 -0.0211 -0.0215 0.1278 -0.0018 -0.026173 3.077388 
0.440 0.24 0.26 -0.0201 -0.0215 0.1278 -0.0018 -0.026173 3.077383 
0.441 0.23 0.26 -0.0191 -0.0215 0.1278 -0.0018 -0.026173 3.077383 
0.442 0.22 0.26 -0.0183 -0.0215 0.1278 -0.0018 -0.026173 3.077392 
0.443 0.21 0.26 -0.0175 -0.0215 0.1278 -0.0018 -0.026173 3.077400 
0.444 0.20 0.26 -0.0168 -0.0215 0.1278 -0.0018 -0.026173 3.077413 
0.445 0.19 0.26 -0.0161 -0.0215 0.1278 -0.0018 -0.026173 3.077421 
0.446 0.18 0.26 -0.0155 -0.0215 0.1278 -0.0018 -0.026173 3.077402 
0.447 0.18 0.26 -0.0149 -0.0215 0.1278 -0.0018 -0.026173 3.077380 
0.448 0.17 0.25 -0.0144 -0.0212 0.1278 -0.0018 -0.026173 3.077374 
0.449 0.17 0.24 -0.0139 -0.0201 0.1278 -0.0018 -0.026173 3.077381 
0.450 0.16 0.23 -0.0134 -0.0192 0.1278 -0.0018 -0.026173 3.077396 
0.451 0.15 0.22 -0.0130 -0.0183 0.1278 -0.0018 -0.026173 3.077403 
0.452 0.15 0.21 -0.0126 -0.0175 0.1278 -0.0018 -0.026173 3.077401 
0.453 0.15 0.20 -0.0122 -0.0168 0.1278 -0.0018 -0.026173 3.077397 
0.454 0.14 0.19 -0.0119 -0.0161 0.1278 -0.0018 -0.026173 3.077393 
0.455 0.14 0.18 -0.0115 -0.0155 0.1278 -0.0018 -0.026173 3.077398 
0.456 0.13 0.18 -0.0112 -0.0149 0.1278 -0.0018 -0.026173 3.077414 
0.457 0.13 0.17 -0.0109 -0.0144 0.1278 -0.0018 -0.026173 3.077436 
0.458 0.13 0.17 -0.0106 -0.0139 0.1278 -0.0018 -0.026173 3.077455 
0.459 0.12 0.16 -0.0103 -0.0134 0.1278 -0.0018 -0.026173 3.077461 
0.460 0.12 0.16 -0.0101 -0.0130 0.1278 -0.0018 -0.026173 3.077452 
0.461 0.12 0.15 -0.0098 -0.0126 0.1278 -0.0018 -0.026173 3.077436 
0.462 0.12 0.15 -0.0096 -0.0122 0.1278 -0.0018 -0.026173 3.077427 
0.463 0.11 0.14 -0.0094 -0.0119 0.1278 -0.0018 -0.026173 3.077426 
0.464 0.11 0.14 -0.0092 -0.0115 0.1278 -0.0018 -0.026173 3.077428 
0.465 0.11 0.13 -0.0090 -0.0112 0.1278 -0.0018 -0.026173 3.077430 
0.466 0.10 0.13 -0.0088 -0.0109 0.1278 -0.0018 -0.026173 3.077434 
0.467 0.10 0.13 -0.0086 -0.0106 0.1278 -0.0018 -0.026173 3.077436 
0.468 0.10 0.12 -0.0084 -0.0104 0.1278 -0.0018 -0.026173 3.077434 
0.469 0.10 0.12 -0.0082 -0.0101 0.1278 -0.0018 -0.026173 3.077430 
0.470 0.10 0.12 -0.0081 -0.0099 0.1278 -0.0018 -0.026173 3.077428 
0.471 0.10 0.12 -0.0079 -0.0096 0.1278 -0.0018 -0.026173 3.077432 
0.472 0.09 0.11 -0.0078 -0.0094 0.1278 -0.0018 -0.026173 3.077438 
0.473 0.09 0.11 -0.0076 -0.0092 0.1278 -0.0018 -0.026173 3.077437 
0.474 0.09 0.11 -0.0075 -0.0090 0.1278 -0.0018 -0.026173 3.077430 
0.475 0.09 0.10 -0.0073 -0.0088 0.1278 -0.0018 -0.026173 3.077423 
0.476 0.09 0.10 -0.0072 -0.0086 0.1278 -0.0018 -0.026173 3.077422 
0.477 0.09 0.10 -0.0071 -0.0084 0.1278 -0.0018 -0.026173 3.077425 
0.478 0.08 0.10 -0.0070 -0.0082 0.1278 -0.0018 -0.026173 3.077429 
0.479 0.08 0.10 -0.0069 -0.0081 0.1278 -0.0018 -0.026173 3.077428 
0.480 0.08 0.10 -0.0067 -0.0079 0.1278 -0.0018 -0.026173 3.077428 
0.481 0.08 0.09 -0.0066 -0.0078 0.1278 -0.0018 -0.026173 3.077431 
0.482 0.08 0.09 -0.0065 -0.0076 0.1278 -0.0018 -0.026173 3.077434 
0.483 0.08 0.09 -0.0064 -0.0075 0.1278 -0.0018 -0.026173 3.077435 
0.484 0.07 0.09 -0.0063 -0.0074 0.1278 -0.0018 -0.026173 3.077431 
0.485 0.07 0.09 -0.0062 -0.0072 0.1278 -0.0018 -0.026173 3.077422 
0.486 0.07 0.09 -0.0061 -0.0071 0.1278 -0.0018 -0.026173 3.077415 
0.487 0.07 0.08 -0.0060 -0.0070 0.1278 -0.0018 -0.026173 3.077412 
0.488 0.07 0.08 -0.0059 -0.0069 0.1278 -0.0018 -0.026173 3.077411 
0.489 0.07 0.08 -0.0059 -0.0067 0.1278 -0.0018 -0.026173 3.077418 
0.490 0.07 0.08 -0.0058 -0.0066 0.1278 -0.0018 -0.026173 3.077432 
0.491 0.07 0.08 -0.0057 -0.0065 0.1278 -0.0018 -0.026173 3.077445 
0.492 0.07 0.08 -0.0056 -0.0064 0.1278 -0.0018 -0.026173 3.077454 
0.493 0.07 0.07 -0.0055 -0.0063 0.1278 -0.0018 -0.026173 3.077454 
0.494 0.07 0.07 -0.0055 -0.0062 0.1278 -0.0018 -0.026173 3.077446 
0.495 0.06 0.07 -0.0054 -0.0061 0.1278 -0.0018 -0.026173 3.077432 
0.496 0.06 0.07 -0.0053 -0.0060 0.1278 -0.0018 -0.026173 3.077415 
0.497 0.06 0.07 -0.0053 -0.0060 0.1278 -0.0018 -0.026173 3.077400 
0.498 0.06 0.07 -0.0052 -0.0059 0.1278 -0.0018 -0.026173 3.077389 
0.499 0.06 0.07 -0.0051 -0.0058 0.1278 -0.0018 -0.026173 3.077384 
0.500 0.06 0.07 -0.0051 -0.0057 0.1278 -0.0018 -0.026173 3.077382 
0.501 0.06 0.07 -0.0050 -0.0056 0.1278 -0.0018 -0.026173 3.077384 
0.502 0.06 0.07 -0.0049 -0.0055 0.1278 -0.0018 -0.026173 3.077386 
0.503 0.06 0.07 -0.0049 -0.0055 0.1278 -0.0018 -0.026173 3.077385 
0.504 0.06 0.06 -0.0048 -0.0054 0.1278 -0.0018 -0.026173 3.077387 
0.505 0.06 0.06 -0.0048 -0.0053 0.1278 -0.0018 -0.026173 3.077394 
0.506 0.06 0.06 -0.0047 -0.0053 0.1278 -0.0018 -0.026173 3.077400 
0.507 0.06 0.06 -0.0047 -0.0052 0.1278 -0.0018 -0.026173 3.077400 
0.508 0.06 0.06 -0.0046 -0.0051 0.1278 -0.0018 -0.026173 3.077394 
0.509 0.05 0.06 -0.0045 -0.0051 0.1278 -0.0018 -0.026173 3.077388 
0.510 0.05 0.06 -0.0045 -0.0050 0.1278 -0.0018 -0.026173 3.077388 
0.511 0.05 0.06 -0.0044 -0.0049 0.1278 -0.0018 -0.026173 3.077388 
0.512 0.05 0.06 -0.0044 -0.0049 0.1278 -0.0018 -0.026173 3.077387 
0.513 0.05 0.06 -0.0044 -0.0048 0.1278 -0.0018 -0.026173 3.077386 
0.514 0.05 0.06 -0.0043 -0.0048 0.1278 -0.0018 -0.026173 3.077384 
0.515 0.05 0.06 -0.0043 -0.0047 0.1278 -0.0018 -0.026173 3.077385 
0.516 0.05 0.06 -0.0042 -0.0047 0.1278 -0.0018 -0.026173 3.077387 
0.517 0.05 0.06 -0.0042 -0.0046 0.1278 -0.0018 -0.026173 3.077387 
0.518 0.05 0.05 -0.0041 -0.0045 0.1278 -0.0018 -0.026173 3.077387 
0.519 0.05 0.05 -0.0041 -0.0045 0.1278 -0.0018 -0.026173 3.077387 
0.520 0.05 0.05 -0.0040 -0.0044 0.1278 -0.0018 -0.026173 3.077390 
0.521 0.05 0.05 -0.0040 -0.0044 0.1278 -0.0018 -0.026173 3.077393 
0.522 0.05 0.05 -0.0040 -0.0044 0.1278 -0.0018 -0.026173 3.077395 
0.523 0.05 0.05 -0.0039 -0.0043 0.1278 -0.0018 -0.026173 3.077397 
0.524 0.05 0.05 -0.0039 -0.0043 0.1278 -0.0018 -0.026173 3.077401 
0.525 0.05 0.05 -0.0039 -0.0042 0.1278 -0.0018 -0.026173 3.077408 
0.526 0.04 0.05 -0.0038 -0.0042 0.1278 -0.0018 -0.026173 3.077413 
0.527 0.04 0.05 -0.0038 -0.0041 0.1278 -0.0018 -0.026173 3.077417 
0.528 0.04 0.05 -0.0037 -0.0041 0.1278 -0.0018 -0.026173 3.077421 
0.529 0.04 0.05 -0.0037 -0.0040 0.1278 -0.0018 -0.026173 3.077423 
0.530 0.04 0.05 -0.0037 -0.0040 0.1278 -0.0018 -0.026173 3.077419 
0.531 0.04 0.05 -0.0036 -0.0040 0.1278 -0.0018 -0.026173 3.077412 
0.532 0.04 0.05 -0.0036 -0.0039 0.1278 -0.0018 -0.026173 3.077404 
0.533 0.04 0.05 -0.0036 -0.0039 0.1278 -0.0018 -0.026173 3.077399 
0.534 0.04 0.05 -0.0036 -0.0039 0.1278 -0.0018 -0.026173 3.077398 
0.535 0.04 0.04 -0.0035 -0.0038 0.1278 -0.0018 -0.026173 3.077398 
0.536 0.04 0.04 -0.0035 -0.0038 0.1278 -0.0018 -0.026173 3.077395 
0.537 0.04 0.04 -0.0035 -0.0038 0.1278 -0.0018 -0.026173 3.077393 
0.538 0.04 0.04 -0.0034 -0.0037 0.1278 -0.0018 -0.026173 3.077391 
0.539 0.04 0.04 -0.0034 -0.0037 0.1278 -0.0018 -0.026173 3.077389 
0.540 0.04 0.04 -0.0034 -0.0036 0.1278 -0.0018 -0.026173 3.077389 
0.541 0.04 0.04 -0.0033 -0.0036 0.1278 -0.0018 -0.026173 3.077388 
0.542 0.04 0.04 -0.0033 -0.0036 0.1278 -0.0018 -0.026173 3.077387 
0.543 0.04 0.04 -0.0033 -0.0036 0.1278 -0.0018 -0.026173 3.077389 
0.544 0.04 0.04 -0.0033 -0.0035 0.1278 -0.0018 -0.026173 3.077390 
0.545 0.04 0.04 -0.0032 -0.0035 0.1278 -0.0018 -0.026173 3.077387 
0.546 0.04 0.04 -0.0032 -0.0035 0.1278 -0.0018 -0.026173 3.077381 
0.547 0.04 0.04 -0.0032 -0.0034 0.1278 -0.0018 -0.026173 3.077381 
0.548 0.04 0.04 -0.0032 -0.0034 0.1278 -0.0018 -0.026173 3.077384 
0.549 0.04 0.04 -0.0031 -0.0034 0.1278 -0.0018 -0.026173 3.077388 
0.550 0.04 0.04 -0.0031 -0.0033 0.1278 -0.0018 -0.026173 3.077391 
0.551 0.04 0.04 -0.0031 -0.0033 0.1278 -0.0018 -0.026173 3.077393 
0.552 0.04 0.04 -0.0031 -0.0033 0.1278 -0.0018 -0.026173 3.077394 
0.553 0.04 0.04 -0.0030 -0.0033 0.1278 -0.0018 -0.026173 3.077397 
0.554 0.04 0.04 -0.0030 -0.0032 0.1278 -0.0018 -0.026173 3.077402 
0.555 0.04 0.04 -0.0030 -0.0032 0.1278 -0.0018 -0.026173 3.077406 
0.556 0.04 0.04 -0.0030 -0.0032 0.1278 -0.0018 -0.026173 3.077409 
0.557 0.04 0.04 -0.0030 -0.0032 0.1278 -0.0018 -0.026173 3.077408 
0.558 0.04 0.04 -0.0029 -0.0031 0.1278 -0.0018 -0.026173 3.077408 
0.559 0.03 0.04 -0.0029 -0.0031 0.1278 -0.0018 -0.026173 3.077410 
0.560 0.03 0.04 -0.0029 -0.0031 0.1278 -0.0018 -0.026173 3.077408 
0.561 0.03 0.04 -0.0029 -0.0031 0.1278 -0.0018 -0.026173 3.077403 
0.562 0.03 0.04 -0.0029 -0.0030 0.1278 -0.0018 -0.026173 3.077398 
0.563 0.03 0.04 -0.0028 -0.0030 0.1278 -0.0018 -0.026173 3.077396 
0.564 0.03 0.04 -0.0028 -0.0030 0.1278 -0.0018 -0.026173 3.077398 
0.565 0.03 0.04 -0.0028 -0.0030 0.1278 -0.0018 -0.026173 3.077398 
0.566 0.03 0.04 -0.0028 -0.0030 0.1278 -0.0018 -0.026173 3.077398 
0.567 0.03 0.04 -0.0028 -0.0029 0.1278 -0.0018 -0.026173 3.077398 
0.568 0.03 0.03 -0.0027 -0.0029 0.1278 -0.0018 -0.026173 3.077399 
0.569 0.03 0.03 -0.0027 -0.0029 0.1278 -0.0018 -0.026173 3.077399 
0.570 0.03 0.03 -0.0027 -0.0029 0.1278 -0.0018 -0.026173 3.077395 
0.571 0.03 0.03 -0.0027 -0.0029 0.1278 -0.0018 -0.026173 3.077391 
0.572 0.03 0.03 -0.0027 -0.0028 0.1278 -0.0018 -0.026173 3.077390 
0.573 0.03 0.03 -0.0026 -0.0028 0.1278 -0.0018 -0.026173 3.077391 
0.574 0.03 0.03 -0.0026 -0.0028 0.1278 -0.0018 -0.026173 3.077396 
0.575 0.03 0.03 -0.0026 -0.0028 0.1278 -0.0018 -0.026173 3.077403 
0.576 0.03 0.03 -0.0026 -0.0028 0.1278 -0.0018 -0.026173 3.077412 
0.577 0.03 0.03 -0.0026 -0.0027 0.1278 -0.0018 -0.026173 3.077420 
0.578 0.03 0.03 -0.0026 -0.0027 0.1278 -0.0018 -0.026173 3.077422 
0.579 0.03 0.03 -0.0025 -0.0027 0.1278 -0.0018 -0.026173 3.077424 
0.580 0.03 0.03 -0.0025 -0.0027 0.1278 -0.0018 -0.026173 3.077430 
0.581 0.03 0.03 -0.0025 -0.0027 0.1278 -0.0018 -0.026173 3.077436 
0.582 0.03 0.03 -0.0025 -0.0026 0.1278 -0.0018 -0.026173 3.077438 
0.583 0.03 0.03 -0.0025 -0.0026 0.1278 -0.0018 -0.026173 3.077438 
0.584 0.03 0.03 -0.0025 -0.0026 0.1278 -0.0018 -0.026173 3.077439 
0.585 0.03 0.03 -0.0025 -0.0026 0.1278 -0.0018 -0.026173 3.077441 
0.586 0.03 0.03 -0.0024 -0.0026 0.1278 -0.0018 -0.026173 3.077443 
0.587 0.03 0.03 -0.0024 -0.0026 0.1278 -0.0018 -0.026173 3.077446 
0.588 0.03 0.03 -0.0024 -0.0025 0.1278 -0.0018 -0.026173 3.077450 
0.589 0.03 0.03 -0.0024 -0.0025 0.1278 -0.0018 -0.026173 3.077454 
0.590 0.03 0.03 -0.0024 -0.0025 0.1278 -0.0018 -0.026173 3.077456 
0.591 0.03 0.03 -0.0024 -0.0025 0.1278 -0.0018 -0.026173 3.077455 
0.592 0.03 0.03 -0.0024 -0.0025 0.1278 -0.0018 -0.026173 3.077451 
0.593 0.03 0.03 -0.0023 -0.0025 0.1278 -0.0018 -0.026173 3.077447 
0.594 0.03 0.03 -0.0023 -0.0025 0.1278 -0.0018 -0.026173 3.077445 
0.595 0.03 0.03 -0.0023 -0.0024 0.1278 -0.0018 -0.026173 3.077443 
0.596 0.03 0.03 -0.0023 -0.0024 0.1278 -0.0018 -0.026173 3.077441 
0.597 0.03 0.03 -0.0023 -0.0024 0.1278 -0.0018 -0.026173 3.077439 
0.598 0.03 0.03 -0.0023 -0.0024 0.1278 -0.0018 -0.026173 3.077437 
0.599 0.03 0.03 -0.0023 -0.0024 0.1278 -0.0018 -0.026173 3.077435 
0.600 0.03 0.03 -0.0023 -0.0024 0.1278 -0.0018 -0.026173 3.077431 
0.601 0.03 0.03 -0.0022 -0.0024 0.1278 -0.0018 -0.026173 3.077427 
0.602 0.03 0.03 -0.0022 -0.0023 0.1278 -0.0018 -0.026173 3.077426 
0.603 0.03 0.03 -0.0022 -0.0023 0.1278 -0.0018 -0.026173 3.077431 
0.604 0.03 0.03 -0.0022 -0.0023 0.1278 -0.0018 -0.026173 3.077436 
0.605 0.03 0.03 -0.0022 -0.0023 0.1278 -0.0018 -0.026173 3.077438 
0.606 0.03 0.03 -0.0022 -0.0023 0.1278 -0.0018 -0.026173 3.077437 
0.607 0.03 0.03 -0.0022 -0.0023 0.1278 -0.0018 -0.026173 3.077437 
0.608 0.03 0.03 -0.0022 -0.0023 0.1278 -0.0018 -0.026173 3.077441 
0.609 0.03 0.03 -0.0021 -0.0023 0.1278 -0.0018 -0.026173 3.077445 
0.610 0.03 0.03 -0.0021 -0.0022 0.1278 -0.0018 -0.026173 3.077445 
0.611 0.03 0.03 -0.0021 -0.0022 0.1278 -0.0018 -0.026173 3.077444 
0.612 0.03 0.03 -0.0021 -0.0022 0.1278 -0.0018 -0.026173 3.077446 
0.613 0.03 0.03 -0.0021 -0.0022 0.1278 -0.0018 -0.026173 3.077449 
0.614 0.03 0.03 -0.0021 -0.0022 0.1278 -0.0018 -0.026173 3.077452 
0.615 0.02 0.03 -0.0021 -0.0022 0.1278 -0.0018 -0.026173 3.077455 
0.616 0.02 0.03 -0.0021 -0.0022 0.1278 -0.0018 -0.026173 3.077458 
0.617 0.02 0.03 -0.0021 -0.0022 0.1278 -0.0018 -0.026173 3.077462 
0.618 0.02 0.03 -0.0020 -0.0021 0.1278 -0.0018 -0.026173 3.077465 
0.619 0.02 0.03 -0.0020 -0.0021 0.1278 -0.0018 -0.026173 3.077463 
0.620 0.02 0.03 -0.0020 -0.0021 0.1278 -0.0018 -0.026173 3.077462 
0.621 0.02 0.03 -0.0020 -0.0021 0.1278 -0.0018 -0.026173 3.077460 
0.622 0.02 0.03 -0.0020 -0.0021 0.1278 -0.0018 -0.026173 3.077456 
0.623 0.02 0.03 -0.0020 -0.0021 0.1278 -0.0018 -0.026173 3.077450 
0.624 0.02 0.02 -0.0020 -0.0021 0.1278 -0.0018 -0.026173 3.077447 
0.625 0.02 0.02 -0.0020 -0.0021 0.1278 -0.0018 -0.026173 3.077446 
0.626 0.02 0.02 -0.0020 -0.0021 0.1278 -0.0018 -0.026173 3.077446 
0.627 0.02 0.02 -0.0020 -0.0020 0.1278 -0.0018 -0.026173 3.077445 
0.628 0.02 0.02 -0.0019 -0.0020 0.1278 -0.0018 -0.026173 3.077443 
0.629 0.02 0.02 -0.0019 -0.0020 0.1278 -0.0018 -0.026173 3.077441 
0.630 0.02 0.02 -0.0019 -0.0020 0.1278 -0.0018 -0.026173 3.077439 
0.631 0.02 0.02 -0.0019 -0.0020 0.1278 -0.0018 -0.026173 3.077434 
0.632 0.02 0.02 -0.0019 -0.0020 0.1278 -0.0018 -0.026173 3.077428 
0.633 0.02 0.02 -0.0019 -0.0020 0.1278 -0.0018 -0.026173 3.077425 
0.634 0.02 0.02 -0.0019 -0.0020 0.1278 -0.0018 -0.026173 3.077422 
0.635 0.02 0.02 -0.0019 -0.0020 0.1278 -0.0018 -0.026173 3.077420 
0.636 0.02 0.02 -0.0019 -0.0020 0.1278 -0.0018 -0.026173 3.077420 
0.637 0.02 0.02 -0.0019 -0.0019 0.1278 -0.0018 -0.026173 3.077418 
0.638 0.02 0.02 -0.0019 -0.0019 0.1278 -0.0018 -0.026173 3.077418 
0.639 0.02 0.02 -0.0019 -0.0019 0.1278 -0.0018 -0.026173 3.077419 
0.640 0.02 0.02 -0.0018 -0.0019 0.1278 -0.0018 -0.026173 3.077420 
0.641 0.02 0.02 -0.0018 -0.0019 0.1278 -0.0018 -0.026173 3.077419 
0.642 0.02 0.02 -0.0018 -0.0019 0.1278 -0.0018 -0.026173 3.077417 
0.643 0.02 0.02 -0.0018 -0.0019 0.1278 -0.0018 -0.026173 3.077416 
0.644 0.02 0.02 -0.0018 -0.0019 0.1278 -0.0018 -0.026173 3.077416 
0.645 0.02 0.02 -0.0018 -0.0019 0.1278 -0.0018 -0.026173 3.077417 
0.646 0.02 0.02 -0.0018 -0.0019 0.1278 -0.0018 -0.026173 3.077420 
0.647 0.02 0.02 -0.0018 -0.0019 0.1278 -0.0018 -0.026173 3.077421 
0.648 0.02 0.02 -0.0018 -0.0019 0.1278 -0.0018 -0.026173 3.077421 
0.649 0.02 0.02 -0.0018 -0.0018 0.1278 -0.0018 -0.026173 3.077422 
0.650 0.02 0.02 -0.0018 -0.0018 0.1278 -0.0018 -0.026173 3.077426 
0.651 0.02 0.02 -0.0018 -0.0018 0.1278 -0.0018 -0.026173 3.077430 
0.652 0.02 0.02 -0.0017 -0.0018 0.1278 -0.0018 -0.026173 3.077432 
0.653 0.02 0.02 -0.0017 -0.0018 0.1278 -0.0018 -0.026173 3.077433 
0.654 0.02 0.02 -0.0017 -0.0018 0.1278 -0.0018 -0.026173 3.077432 
0.655 0.02 0.02 -0.0017 -0.0018 0.1278 -0.0018 -0.026173 3.077432 
0.656 0.02 0.02 -0.0017 -0.0018 0.1278 -0.0018 -0.026173 3.077434 
0.657 0.02 0.02 -0.0017 -0.0018 0.1278 -0.0018 -0.026173 3.077437 
0.658 0.02 0.02 -0.0017 -0.0018 0.1278 -0.0018 -0.026173 3.077439 
0.659 0.02 0.02 -0.0017 -0.0018 0.1278 -0.0018 -0.026173 3.077437 
0.660 0.02 0.02 -0.0017 -0.0018 0.1278 -0.0018 -0.026173 3.077434 
0.661 0.02 0.02 -0.0017 -0.0017 0.1278 -0.0018 -0.026173 3.077433 
0.662 0.02 0.02 -0.0017 -0.0017 0.1278 -0.0018 -0.026173 3.077433 
0.663 0.02 0.02 -0.0017 -0.0017 0.1278 -0.0018 -0.026173 3.077435 
0.664 0.02 0.02 -0.0017 -0.0017 0.1278 -0.0018 -0.026173 3.077438 
0.665 0.02 0.02 -0.0017 -0.0017 0.1278 -0.0018 -0.026173 3.077438 
0.666 0.02 0.02 -0.0016 -0.0017 0.1278 -0.0018 -0.026173 3.077434 
0.667 0.02 0.02 -0.0016 -0.0017 0.1278 -0.0018 -0.026173 3.077429 
0.668 0.02 0.02 -0.0016 -0.0017 0.1278 -0.0018 -0.026173 3.077426 
0.669 0.02 0.02 -0.0016 -0.0017 0.1278 -0.0018 -0.026173 3.077425 
0.670 0.02 0.02 -0.0016 -0.0017 0.1278 -0.0018 -0.026173 3.077424 
0.671 0.02 0.02 -0.0016 -0.0017 0.1278 -0.0018 -0.026173 3.077421 
0.672 0.02 0.02 -0.0016 -0.0017 0.1278 -0.0018 -0.026173 3.077420 
0.673 0.02 0.02 -0.0016 -0.0017 0.1278 -0.0018 -0.026173 3.077423 
0.674 0.02 0.02 -0.0016 -0.0017 0.1278 -0.0018 -0.026173 3.077424 
0.675 0.02 0.02 -0.0016 -0.0016 0.1278 -0.0018 -0.026173 3.077426 
0.676 0.02 0.02 -0.0016 -0.0016 0.1278 -0.0018 -0.026173 3.077427 
0.677 0.02 0.02 -0.0016 -0.0016 0.1278 -0.0018 -0.026173 3.077425 
0.678 0.02 0.02 -0.0016 -0.0016 0.1278 -0.0018 -0.026173 3.077420 
0.679 0.02 0.02 -0.0016 -0.0016 0.1278 -0.0018 -0.026173 3.077416 
0.680 0.02 0.02 -0.0016 -0.0016 0.1278 -0.0018 -0.026173 3.077415 
0.681 0.02 0.02 -0.0016 -0.0016 0.1278 -0.0018 -0.026173 3.077415 
0.682 0.02 0.02 -0.0015 -0.0016 0.1278 -0.0018 -0.026173 3.077414 
0.683 0.02 0.02 -0.0015 -0.0016 0.1278 -0.0018 -0.026173 3.077413 
0.684 0.02 0.02 -0.0015 -0.0016 0.1278 -0.0018 -0.026173 3.077412 
0.685 0.02 0.02 -0.0015 -0.0016 0.1278 -0.0018 -0.026173 3.077414 
0.686 0.02 0.02 -0.0015 -0.0016 0.1278 -0.0018 -0.026173 3.077418 
0.687 0.02 0.02 -0.0015 -0.0016 0.1278 -0.0018 -0.026173 3.077422 
0.688 0.02 0.02 -0.0015 -0.0016 0.1278 -0.0018 -0.026173 3.077426 
0.689 0.02 0.02 -0.0015 -0.0016 0.1278 -0.0018 -0.026173 3.077430 
0.690 0.02 0.02 -0.0015 -0.0016 0.1278 -0.0018 -0.026173 3.077431 
0.691 0.02 0.02 -0.0015 -0.0015 0.1278 -0.0018 -0.026173 3.077429 
0.692 0.02 0.02 -0.0015 -0.0015 0.1278 -0.0018 -0.026173 3.077426 
0.693 0.02 0.02 -0.0015 -0.0015 0.1278 -0.0018 -0.026173 3.077425 
0.694 0.02 0.02 -0.0015 -0.0015 0.1278 -0.0018 -0.026173 3.077423 
0.695 0.02 0.02 -0.0015 -0.0015 0.1278 -0.0018 -0.026173 3.077422 
0.696 0.02 0.02 -0.0015 -0.0015 0.1278 -0.0018 -0.026173 3.077419 
0.697 0.02 0.02 -0.0015 -0.0015 0.1278 -0.0018 -0.026173 3.077417 
0.698 0.02 0.02 -0.0015 -0.0015 0.1278 -0.0018 -0.026173 3.077417 
0.699 0.02 0.02 -0.0015 -0.0015 0.1278 -0.0018 -0.026173 3.077418 
0.700 0.02 0.02 -0.0014 -0.0015 0.1278 -0.0018 -0.026173 3.077418 
0.701 0.02 0.02 -0.0014 -0.0015 0.1278 -0.0018 -0.026173 3.077417 
0.702 0.02 0.02 -0.0014 -0.0015 0.1278 -0.0018 -0.026173 3.077417 
0.703 0.02 0.02 -0.0014 -0.0015 0.1278 -0.0018 -0.026173 3.077419 
0.704 0.02 0.02 -0.0014 -0.0015 0.1278 -0.0018 -0.026173 3.077425 
0.705 0.02 0.02 -0.0014 -0.0015 0.1278 -0.0018 -0.026173 3.077433 
0.706 0.02 0.02 -0.0014 -0.0015 0.1278 -0.0018 -0.026173 3.077438 
0.707 0.02 0.02 -0.0014 -0.0015 0.1278 -0.0018 -0.026173 3.077441 
0.708 0.02 0.02 -0.0014 -0.0015 0.1278 -0.0018 -0.026173 3.077442 
0.709 0.02 0.02 -0.0014 -0.0014 0.1278 -0.0018 -0.026173 3.077442 
0.710 0.02 0.02 -0.0014 -0.0014 0.1278 -0.0018 -0.026173 3.077443 
0.711 0.02 0.02 -0.0014 -0.0014 0.1278 -0.0018 -0.026173 3.077441 
0.712 0.02 0.02 -0.0014 -0.0014 0.1278 -0.0018 -0.026173 3.077436 
0.713 0.02 0.02 -0.0014 -0.0014 0.1278 -0.0018 -0.026173 3.077434 
0.714 0.02 0.02 -0.0014 -0.0014 0.1278 -0.0018 -0.026173 3.077435 
0.715 0.02 0.02 -0.0014 -0.0014 0.1278 -0.0018 -0.026173 3.077436 
0.716 0.02 0.02 -0.0014 -0.0014 0.1278 -0.0018 -0.026173 3.077436 
0.717 0.02 0.02 -0.0014 -0.0014 0.1278 -0.0018 -0.026173 3.077435 
0.718 0.02 0.02 -0.0014 -0.0014 0.1278 -0.0018 -0.026173 3.077433 
0.719 0.02 0.02 -0.0014 -0.0014 0.1278 -0.0018 -0.026173 3.077430 
0.720 0.02 0.02 -0.0014 -0.0014 0.1278 -0.0018 -0.026173 3.077429 
0.721 0.02 0.02 -0.0013 -0.0014 0.1278 -0.0018 -0.026173 3.077425 
0.722 0.02 0.02 -0.0013 -0.0014 0.1278 -0.0018 -0.026173 3.077419 
0.723 0.02 0.02 -0.0013 -0.0014 0.1278 -0.0018 -0.026173 3.077414 
0.724 0.02 0.02 -0.0013 -0.0014 0.1278 -0.0018 -0.026173 3.077412 
0.725 0.01 0.02 -0.0013 -0.0014 0.1278 -0.0018 -0.026173 3.077413 
0.726 0.01 0.02 -0.0013 -0.0014 0.1278 -0.0018 -0.026173 3.077417 
0.727 0.01 0.02 -0.0013 -0.0014 0.1278 -0.0018 -0.026173 3.077421 
0.728 0.01 0.02 -0.0013 -0.0014 0.1278 -0.0018 -0.026173 3.077423 
0.729 0.01 0.02 -0.0013 -0.0014 0.1278 -0.0018 -0.026173 3.077422 
0.730 0.01 0.02 -0.0013 -0.0013 0.1278 -0.0018 -0.026173 3.077422 
0.731 0.01 0.02 -0.0013 -0.0013 0.1278 -0.0018 -0.026173 3.077424 
0.732 0.01 0.02 -0.0013 -0.0013 0.1278 -0.0018 -0.026173 3.077427 
0.733 0.01 0.02 -0.0013 -0.0013 0.1278 -0.0018 -0.026173 3.077431 
0.734 0.01 0.01 -0.0013 -0.0013 0.1278 -0.0018 -0.026173 3.077432 
0.735 0.01 0.01 -0.0013 -0.0013 0.1278 -0.0018 -0.026173 3.077430 
0.736 0.01 0.01 -0.0013 -0.0013 0.1278 -0.0018 -0.026173 3.077430 
0.737 0.01 0.01 -0.0013 -0.0013 0.1278 -0.0018 -0.026173 3.077432 
0.738 0.01 0.01 -0.0013 -0.0013 0.1278 -0.0018 -0.026173 3.077434 
0.739 0.01 0.01 -0.0013 -0.0013 0.1278 -0.0018 -0.026173 3.077435 
0.740 0.01 0.01 -0.0013 -0.0013 0.1278 -0.0018 -0.026173 3.077434 
0.741 0.01 0.01 -0.0013 -0.0013 0.1278 -0.0018 -0.026173 3.077430 
0.742 0.01 0.01 -0.0013 -0.0013 0.1278 -0.0018 -0.026173 3.077424 
0.743 0.01 0.01 -0.0013 -0.0013 0.1278 -0.0018 -0.026173 3.077419 
0.744 0.01 0.01 -0.0013 -0.0013 0.1278 -0.0018 -0.026173 3.077416 
0.745 0.01 0.01 -0.0012 -0.0013 0.1278 -0.0018 -0.026173 3.077416 
0.746 0.01 0.01 -0.0012 -0.0013 0.1278 -0.0018 -0.026173 3.077418 
0.747 0.01 0.01 -0.0012 -0.0013 0.1278 -0.0018 -0.026173 3.077420 
0.748 0.01 0.01 -0.0012 -0.0013 0.1278 -0.0018 -0.026173 3.077419 
0.749 0.01 0.01 -0.0012 -0.0013 0.1278 -0.0018 -0.026173 3.077417 
0.750 0.01 0.01 -0.0012 -0.0013 0.1278 -0.0018 -0.026173 3.077416 
0.751 0.01 0.01 -0.0012 -0.0013 0.1278 -0.0018 -0.026173 3.077415 
0.752 0.01 0.01 -0.0012 -0.0013 0.1278 -0.0018 -0.026173 3.077415 
0.753 0.01 0.01 -0.0012 -0.0013 0.1278 -0.0018 -0.026173 3.077418 
0.754 0.01 0.01 -0.0012 -0.0012 0.1278 -0.0018 -0.026173 3.077419 
0.755 0.01 0.01 -0.0012 -0.0012 0.1278 -0.0018 -0.026173 3.077417 
0.756 0.01 0.01 -0.0012 -0.0012 0.1278 -0.0018 -0.026173 3.077413 
0.757 0.01 0.01 -0.0012 -0.0012 0.1278 -0.0018 -0.026173 3.077411 
0.758 0.01 0.01 -0.0012 -0.0012 0.1278 -0.0018 -0.026173 3.077410 
0.759 0.01 0.01 -0.0012 -0.0012 0.1278 -0.0018 -0.026173 3.077410 
0.760 0.01 0.01 -0.0012 -0.0012 0.1278 -0.0018 -0.026173 3.077409 
0.761 0.01 0.01 -0.0012 -0.0012 0.1278 -0.0018 -0.026173 3.077406 
0.762 0.01 0.01 -0.0012 -0.0012 0.1278 -0.0018 -0.026173 3.077401 
0.763 0.01 0.01 -0.0012 -0.0012 0.1278 -0.0018 -0.026173 3.077397 
0.764 0.01 0.01 -0.0012 -0.0012 0.1278 -0.0018 -0.026173 3.077395 
0.765 0.01 0.01 -0.0012 -0.0012 0.1278 -0.0018 -0.026173 3.077397 
0.766 0.01 0.01 -0.0012 -0.0012 0.1278 -0.0018 -0.026173 3.077399 
0.767 0.01 0.01 -0.0012 -0.0012 0.1278 -0.0018 -0.026173 3.077401 
0.768 0.01 0.01 -0.0012 -0.0012 0.1278 -0.0018 -0.026173 3.077405 
0.769 0.01 0.01 -0.0012 -0.0012 0.1278 -0.0018 -0.026173 3.077408 
0.770 0.01 0.01 -0.0012 -0.0012 0.1278 -0.0018 -0.026173 3.077410 
0.771 0.01 0.01 -0.0012 -0.0012 0.1278 -0.0018 -0.026173 3.077411 
0.772 0.01 0.01 -0.0012 -0.0012 0.1278 -0.0018 -0.026173 3.077414 
0.773 0.01 0.01 -0.0011 -0.0012 0.1278 -0.0018 -0.026173 3.077417 
0.774 0.01 0.01 -0.0011 -0.0012 0.1278 -0.0018 -0.026173 3.077419 
0.775 0.01 0.01 -0.0011 -0.0012 0.1278 -0.0018 -0.026173 3.077419 
0.776 0.01 0.01 -0.0011 -0.0012 0.1278 -0.0018 -0.026173 3.077417 
0.777 0.01 0.01 -0.0011 -0.0012 0.1278 -0.0018 -0.026173 3.077413 
0.778 0.01 0.01 -0.0011 -0.0012 0.1278 -0.0018 -0.026173 3.077411 
0.779 0.01 0.01 -0.0011 -0.0012 0.1278 -0.0018 -0.026173 3.077413 
0.780 0.01 0.01 -0.0011 -0.0012 0.1278 -0.0018 -0.026173 3.077415 
0.781 0.01 0.01 -0.0011 -0.0012 0.1278 -0.0018 -0.026173 3.077414 
0.782 0.01 0.01 -0.0011 -0.0011 0.1278 -0.0018 -0.026173 3.077412 
0.783 0.01 0.01 -0.0011 -0.0011 0.1278 -0.0018 -0.026173 3.077411 
0.784 0.01 0.01 -0.0011 -0.0011 0.1278 -0.0018 -0.026173 3.077411 
0.785 0.01 0.01 -0.0011 -0.0011 0.1278 -0.0018 -0.026173 3.077411 
0.786 0.01 0.01 -0.0011 -0.0011 0.1278 -0.0018 -0.026173 3.077409 
0.787 0.01 0.01 -0.0011 -0.0011 0.1278 -0.0018 -0.026173 3.077408 
0.788 0.01 0.01 -0.0011 -0.0011 0.1278 -0.0018 -0.026173 3.077406 
0.789 0.01 0.01 -0.0011 -0.0011 0.1278 -0.0018 -0.026173 3.077405 
0.790 0.01 0.01 -0.0011 -0.0011 0.1278 -0.0018 -0.026173 3.077404 
0.791 0.01 0.01 -0.0011 -0.0011 0.1278 -0.0018 -0.026173 3.077403 
0.792 0.01 0.01 -0.0011 -0.0011 0.1278 -0.0018 -0.026173 3.077402 
0.793 0.01 0.01 -0.0011 -0.0011 0.1278 -0.0018 -0.026173 3.077402 
0.794 0.01 0.01 -0.0011 -0.0011 0.1278 -0.0018 -0.026173 3.077402 
0.795 0.01 0.01 -0.0011 -0.0011 0.1278 -0.0018 -0.026173 3.077401 
0.796 0.01 0.01 -0.0011 -0.0011 0.1278 -0.0018 -0.026173 3.077398 
0.797 0.01 0.01 -0.0011 -0.0011 0.1278 -0.0018 -0.026173 3.077395 
0.798 0.01 0.01 -0.0011 -0.0011 0.1278 -0.0018 -0.026173 3.077395 
0.799 0.01 0.01 -0.0011 -0.0011 0.1278 -0.0018 -0.026173 3.077396 
0.800 0.01 0.01 -0.0011 -0.0011 0.1278 -0.0018 -0.026173 3.077395 
0.801 0.01 0.01 -0.0011 -0.0011 0.1278 -0.0018 -0.026173 3.077399 
0.802 0.01 0.01 -0.0011 -0.0011 0.1278 -0.0018 -0.026173 3.077403 
0.803 0.01 0.01 -0.0011 -0.0011 0.1278 -0.0018 -0.026173 3.077402 
0.804 0.01 0.01 -0.0011 -0.0011 0.1278 -0.0018 -0.026173 3.077399 
0.805 0.01 0.01 -0.0011 -0.0011 0.1278 -0.0018 -0.026173 3.077398 
0.806 0.01 0.01 -0.0011 -0.0011 0.1278 -0.0018 -0.026173 3.077399 
0.807 0.01 0.01 -0.0010 -0.0011 0.1278 -0.0018 -0.026173 3.077398 
0.808 0.01 0.01 -0.0010 -0.0011 0.1278 -0.0018 -0.026173 3.077399 
0.809 0.01 0.01 -0.0010 -0.0011 0.1278 -0.0018 -0.026173 3.077400 
0.810 0.01 0.01 -0.0010 -0.0011 0.1278 -0.0018 -0.026173 3.077400 
0.811 0.01 0.01 -0.0010 -0.0011 0.1278 -0.0018 -0.026173 3.077398 
0.812 0.01 0.01 -0.0010 -0.0011 0.1278 -0.0018 -0.026173 3.077398 
0.813 0.01 0.01 -0.0010 -0.0011 0.1278 -0.0018 -0.026173 3.077400 
0.814 0.01 0.01 -0.0010 -0.0011 0.1278 -0.0018 -0.026173 3.077402 
0.815 0.01 0.01 -0.0010 -0.0011 0.1278 -0.0018 -0.026173 3.077403 
0.816 0.01 0.01 -0.0010 -0.0010 0.1278 -0.0018 -0.026173 3.077400 
0.817 0.01 0.01 -0.0010 -0.0010 0.1278 -0.0018 -0.026173 3.077394 
0.818 0.01 0.01 -0.0010 -0.0010 0.1278 -0.0018 -0.026173 3.077389 
0.819 0.01 0.01 -0.0010 -0.0010 0.1278 -0.0018 -0.026173 3.077386 
0.820 0.01 0.01 -0.0010 -0.0010 0.1278 -0.0018 -0.026173 3.077387 
0.821 0.01 0.01 -0.0010 -0.0010 0.1278 -0.0018 -0.026173 3.077390 
0.822 0.01 0.01 -0.0010 -0.0010 0.1278 -0.0018 -0.026173 3.077392 
0.823 0.01 0.01 -0.0010 -0.0010 0.1278 -0.0018 -0.026173 3.077391 
0.824 0.01 0.01 -0.0010 -0.0010 0.1278 -0.0018 -0.026173 3.077392 
0.825 0.01 0.01 -0.0010 -0.0010 0.1278 -0.0018 -0.026173 3.077393 
0.826 0.01 0.01 -0.0010 -0.0010 0.1278 -0.0018 -0.026173 3.077392 
0.827 0.01 0.01 -0.0010 -0.0010 0.1278 -0.0018 -0.026173 3.077393 
0.828 0.01 0.01 -0.0010 -0.0010 0.1278 -0.0018 -0.026173 3.077395 
0.829 0.01 0.01 -0.0010 -0.0010 0.1278 -0.0018 -0.026173 3.077398 
0.830 0.01 0.01 -0.0010 -0.0010 0.1278 -0.0018 -0.026173 3.077399 
0.831 0.01 0.01 -0.0010 -0.0010 0.1278 -0.0018 -0.026173 3.077400 
0.832 0.01 0.01 -0.0010 -0.0010 0.1278 -0.0018 -0.026173 3.077400 
0.833 0.01 0.01 -0.0010 -0.0010 0.1278 -0.0018 -0.026173 3.077401 
0.834 0.01 0.01 -0.0010 -0.0010 0.1278 -0.0018 -0.026173 3.077406 
0.835 0.01 0.01 -0.0010 -0.0010 0.1278 -0.0018 -0.026173 3.077409 
0.836 0.01 0.01 -0.0010 -0.0010 0.1278 -0.0018 -0.026173 3.077408 
0.837 0.01 0.01 -0.0010 -0.0010 0.1278 -0.0018 -0.026173 3.077408 
0.838 0.01 0.01 -0.0010 -0.0010 0.1278 -0.0018 -0.026173 3.077411 
0.839 0.01 0.01 -0.0010 -0.0010 0.1278 -0.0018 -0.026173 3.077412 
0.840 0.01 0.01 -0.0010 -0.0010 0.1278 -0.0018 -0.026173 3.077410 
0.841 0.01 0.01 -0.0010 -0.0010 0.1278 -0.0018 -0.026173 3.077410 
0.842 0.01 0.01 -0.0010 -0.0010 0.1278 -0.0018 -0.026173 3.077415 
0.843 0.01 0.01 -0.0010 -0.0010 0.1278 -0.0018 -0.026173 3.077418 
0.844 0.01 0.01 -0.0010 -0.0010 0.1278 -0.0018 -0.026173 3.077418 
0.845 0.01 0.01 -0.0010 -0.0010 0.1278 -0.0018 -0.026173 3.077417 
0.846 0.01 0.01 -0.0010 -0.0010 0.1278 -0.0018 -0.026173 3.077417 
0.847 0.01 0.01 -0.0009 -0.0010 0.1278 -0.0018 -0.026173 3.077420 
0.848 0.01 0.01 -0.0009 -0.0010 0.1278 -0.0018 -0.026173 3.077426 
0.849 0.01 0.01 -0.0009 -0.0010 0.1278 -0.0018 -0.026173 3.077428 
0.850 0.01 0.01 -0.0009 -0.0010 0.1278 -0.0018 -0.026173 3.077427 
0.851 0.01 0.01 -0.0009 -0.0010 0.1278 -0.0018 -0.026173 3.077425 
0.852 0.01 0.01 -0.0009 -0.0010 0.1278 -0.0018 -0.026173 3.077425 
0.853 0.01 0.01 -0.0009 -0.0010 0.1278 -0.0018 -0.026173 3.077427 
0.854 0.01 0.01 -0.0009 -0.0010 0.1278 -0.0018 -0.026173 3.077429 
0.855 0.01 0.01 -0.0009 -0.0010 0.1278 -0.0018 -0.026173 3.077430 
0.856 0.01 0.01 -0.0009 -0.0009 0.1278 -0.0018 -0.026173 3.077430 
0.857 0.01 0.01 -0.0009 -0.0009 0.1278 -0.0018 -0.026173 3.077432 
0.858 0.01 0.01 -0.0009 -0.0009 0.1278 -0.0018 -0.026173 3.077438 
0.859 0.01 0.01 -0.0009 -0.0009 0.1278 -0.0018 -0.026173 3.077444 
0.860 0.01 0.01 -0.0009 -0.0009 0.1278 -0.0018 -0.026173 3.077447 
0.861 0.01 0.01 -0.0009 -0.0009 0.1278 -0.0018 -0.026173 3.077449 
0.862 0.01 0.01 -0.0009 -0.0009 0.1278 -0.0018 -0.026173 3.077453 
0.863 0.01 0.01 -0.0009 -0.0009 0.1278 -0.0018 -0.026173 3.077456 
0.864 0.01 0.01 -0.0009 -0.0009 0.1278 -0.0018 -0.026173 3.077454 
0.865 0.01 0.01 -0.0009 -0.0009 0.1278 -0.0018 -0.026173 3.077452 
0.866 0.01 0.01 -0.0009 -0.0009 0.1278 -0.0018 -0.026173 3.077453 
0.867 0.01 0.01 -0.0009 -0.0009 0.1278 -0.0018 -0.026173 3.077453 
0.868 0.01 0.01 -0.0009 -0.0009 0.1278 -0.0018 -0.026173 3.077453 
0.869 0.01 0.01 -0.0009 -0.0009 0.1278 -0.0018 -0.026173 3.077454 
0.870 0.01 0.01 -0.0009 -0.0009 0.1278 -0.0018 -0.026173 3.077455 
0.871 0.01 0.01 -0.0009 -0.0009 0.1278 -0.0018 -0.026173 3.077454 
0.872 0.01 0.01 -0.0009 -0.0009 0.1278 -0.0018 -0.026173 3.077453 
0.873 0.01 0.01 -0.0009 -0.0009 0.1278 -0.0018 -0.026173 3.077453 
0.874 0.01 0.01 -0.0009 -0.0009 0.1278 -0.0018 -0.026173 3.077452 
0.875 0.01 0.01 -0.0009 -0.0009 0.1278 -0.0018 -0.026173 3.077452 
0.876 0.01 0.01 -0.0009 -0.0009 0.1278 -0.0018 -0.026173 3.077452 
0.877 0.01 0.01 -0.0009 -0.0009 0.1278 -0.0018 -0.026173 3.077454 
0.878 0.01 0.01 -0.0009 -0.0009 0.1278 -0.0018 -0.026173 3.077456 
0.879 0.01 0.01 -0.0009 -0.0009 0.1278 -0.0018 -0.026173 3.077456 
0.880 0.01 0.01 -0.0009 -0.0009 0.1278 -0.0018 -0.026173 3.077455 
0.881 0.01 0.01 -0.0009 -0.0009 0.1278 -0.0018 -0.026173 3.077454 
0.882 0.01 0.01 -0.0009 -0.0009 0.1278 -0.0018 -0.026173 3.077450 
0.883 0.01 0.01 -0.0009 -0.0009 0.1278 -0.0018 -0.026173 3.077447 
0.884 0.01 0.01 -0.0009 -0.0009 0.1278 -0.0018 -0.026173 3.077448 
0.885 0.01 0.01 -0.0009 -0.0009 0.1278 -0.0018 -0.026173 3.077449 
0.886 0.01 0.01 -0.0009 -0.0009 0.1278 -0.0018 -0.026173 3.077452 
0.887 0.01 0.01 -0.0009 -0.0009 0.1278 -0.0018 -0.026173 3.077458 
0.888 0.01 0.01 -0.0009 -0.0009 0.1278 -0.0018 -0.026173 3.077461 
0.889 0.01 0.01 -0.0009 -0.0009 0.1278 -0.0018 -0.026173 3.077462 
0.890 0.01 0.01 -0.0009 -0.0009 0.1278 -0.0018 -0.026173 3.077461 
0.891 0.01 0.01 -0.0009 -0.0009 0.1278 -0.0018 -0.026173 3.077457 
0.892 0.01 0.01 -0.0009 -0.0009 0.1278 -0.0018 -0.026173 3.077456 
0.893 0.01 0.01 -0.0009 -0.0009 0.1278 -0.0018 -0.026173 3.077458 
0.894 0.01 0.01 -0.0009 -0.0009 0.1278 -0.0018 -0.026173 3.077461 
0.895 0.01 0.01 -0.0009 -0.0009 0.1278 -0.0018 -0.026173 3.077461 
0.896 0.01 0.01 -0.0009 -0.0009 0.1278 -0.0018 -0.026173 3.077464 
0.897 0.01 0.01 -0.0009 -0.0009 0.1278 -0.0018 -0.026173 3.077468 
0.898 0.01 0.01 -0.0008 -0.0009 0.1278 -0.0018 -0.026173 3.077468 
0.899 0.01 0.01 -0.0008 -0.0009 0.1278 -0.0018 -0.026173 3.077465 
0.900 0.01 0.01 -0.0008 -0.0009 0.1278 -0.0018 -0.026173 3.077459 
0.901 0.01 0.01 -0.0008 -0.0009 0.1278 -0.0018 -0.026173 3.077456 
0.902 0.01 0.01 -0.0008 -0.0009 0.1278 -0.0018 -0.026173 3.077457 
0.903 0.01 0.01 -0.0008 -0.0009 0.1278 -0.0018 -0.026173 3.077459 
0.904 0.01 0.01 -0.0008 -0.0009 0.1278 -0.0018 -0.026173 3.077464 
0.905 0.01 0.01 -0.0008 -0.0009 0.1278 -0.0018 -0.026173 3.077468 
0.906 0.01 0.01 -0.0008 -0.0009 0.1278 -0.0018 -0.026173 3.077467 
0.907 0.01 0.01 -0.0008 -0.0008 0.1278 -0.0018 -0.026173 3.077462 
0.908 0.01 0.01 -0.0008 -0.0008 0.1278 -0.0018 -0.026173 3.077461 
0.909 0.01 0.01 -0.0008 -0.0008 0.1278 -0.0018 -0.026173 3.077461 
0.910 0.01 0.01 -0.0008 -0.0008 0.1278 -0.0018 -0.026173 3.077461 
0.911 0.01 0.01 -0.0008 -0.0008 0.1278 -0.0018 -0.026173 3.077464 
0.912 0.01 0.01 -0.0008 -0.0008 0.1278 -0.0018 -0.026173 3.077468 
0.913 0.01 0.01 -0.0008 -0.0008 0.1278 -0.0018 -0.026173 3.077469 
0.914 0.01 0.01 -0.0008 -0.0008 0.1278 -0.0018 -0.026173 3.077465 
0.915 0.01 0.01 -0.0008 -0.0008 0.1278 -0.0018 -0.026173 3.077462 
0.916 0.01 0.01 -0.0008 -0.0008 0.1278 -0.0018 -0.026173 3.077460 
0.917 0.01 0.01 -0.0008 -0.0008 0.1278 -0.0018 -0.026173 3.077459 
0.918 0.01 0.01 -0.0008 -0.0008 0.1278 -0.0018 -0.026173 3.077459 
0.919 0.01 0.01 -0.0008 -0.0008 0.1278 -0.0018 -0.026173 3.077459 
0.920 0.00 0.01 -0.0000 -0.0008 0.1278 -0.0018 -0.026173 3.077458 
0.921 0.00 0.01 -0.0000 -0.0008 0.1278 -0.0018 -0.026173 3.077460 
0.922 0.00 0.01 -0.0000 -0.0008 0.1278 -0.0018 -0.026173 3.077464 
0.923 0.00 0.01 -0.0000 -0.0008 0.1278 -0.0018 -0.026173 3.077467 
0.924 0.00 0.01 -0.0000 -0.0008 0.1278 -0.0018 -0.026173 3.077468 
0.925 0.00 0.01 -0.0000 -0.0008 0.1278 -0.0018 -0.026173 3.077468 
0.926 0.00 0.01 -0.0000 -0.0008 0.1278 -0.0018 -0.026173 3.077469 
0.927 0.00 0.01 -0.0000 -0.0008 0.1278 -0.0018 -0.026173 3.077470 
0.928 0.00 0.01 -0.0000 -0.0008 0.1278 -0.0018 -0.026173 3.077472 
0.929 0.00 0.00 -0.0000 -0.0000 0.1278 -0.0018 -0.026173 3.077472 
0.930 0.00 0.00 -0.0000 -0.0000 0.1278 -0.0018 -0.026173 3.077471 
0.931 0.00 0.00 -0.0000 -0.0000 0.1278 -0.0018 -0.026173 3.077467 
0.932 0.00 0.00 -0.0000 -0.0000 0.1278 -0.0018 -0.026173 3.077464 
0.933 0.00 0.00 -0.0000 -0.0000 0.1278 -0.0018 -0.026173 3.077459 
0.934 0.00 0.00 -0.0000 -0.0000 0.1278 -0.0018 -0.026173 3.077456 
0.935 0.00 0.00 -0.0000 -0.0000 0.1278 -0.0018 -0.026173 3.077461 
