%% logfile from robot Freja (4)
% Freja (4)
%  1    time 0.000 sec
%  2  3 Motor voltage [V] left, right: 3.90 3.90
%  4  5 Wheel velocity [m/s] left, right: 0.0000 -0.0000
%  6  7  8  9 Pose x,y,h,tilt [m,m,rad,rad]: 0 0 0 3.07991
0.000 3.90 3.90 0.0000 -0.0000 0.0000 0.0000 0.000000 3.079912 
0.001 3.90 3.90 0.0000 -0.0000 0.0000 0.0000 0.000000 3.079912 
0.002 3.90 3.90 0.0000 -0.0000 0.0000 0.0000 0.000000 3.079912 
0.003 3.90 3.90 0.0000 -0.0000 0.0000 0.0000 0.000000 3.079912 
0.004 3.90 3.90 0.0000 -0.0000 0.0000 0.0000 0.000000 3.079912 
0.005 3.90 3.90 0.0000 -0.0000 0.0000 0.0000 0.000000 3.079908 
0.006 3.90 3.90 0.0000 -0.0000 0.0002 -0.0000 -0.002617 3.079904 
0.007 3.90 3.90 0.0000 0.0000 0.0004 -0.0000 0.000000 3.079906 
0.008 3.90 3.90 0.0000 0.0000 0.0004 -0.0000 0.000000 3.079907 
0.009 1.80 3.90 0.1612 0.0000 0.0008 -0.0000 0.000000 3.079904 
0.010 1.80 3.90 0.1612 0.0000 0.0008 -0.0000 0.000000 3.079900 
0.011 0.96 0.87 0.2258 0.2331 0.0012 -0.0000 0.000000 3.079895 
0.012 0.72 0.54 0.2446 0.2582 0.0016 -0.0000 0.000000 3.079890 
0.013 0.72 0.54 0.2446 0.2582 0.0016 -0.0000 0.000000 3.079919 
0.014 0.69 0.38 0.2467 0.2710 0.0020 -0.0000 0.000000 3.079969 
0.015 0.69 0.23 0.2467 0.2825 0.0022 -0.0000 0.002617 3.079932 
0.016 0.68 0.23 0.2477 0.2825 0.0024 0.0000 0.000000 3.079870 
0.017 0.68 0.19 0.2478 0.2854 0.0028 0.0000 0.000000 3.079831 
0.018 0.68 0.41 0.2478 0.2686 0.0030 0.0000 0.002617 3.079792 
0.019 0.65 0.41 0.2503 0.2686 0.0032 0.0000 0.000000 3.079829 
0.020 0.65 0.22 0.2503 0.2829 0.0034 0.0000 0.002617 3.079904 
0.021 0.66 0.56 0.2491 0.2566 0.0039 0.0000 0.002617 3.079933 
0.022 0.69 0.56 0.2467 0.2566 0.0041 0.0000 0.000000 3.079886 
0.023 0.69 0.46 0.2467 0.2648 0.0043 0.0000 0.002617 3.079814 
0.024 0.78 0.73 0.2404 0.2441 0.0047 0.0000 0.002617 3.079820 
0.025 0.78 0.74 0.2404 0.2430 0.0047 0.0000 0.002617 3.079885 
0.026 0.90 0.75 0.2311 0.2424 0.0051 0.0000 0.002617 3.079941 
0.027 0.90 0.75 0.2305 0.2424 0.0053 0.0000 0.000000 3.079960 
0.028 0.90 0.76 0.2305 0.2417 0.0055 0.0000 0.002617 3.079940 
0.029 1.03 0.76 0.2209 0.2417 0.0057 0.0000 0.000000 3.079915 
0.030 1.03 0.76 0.2209 0.2415 0.0059 0.0000 0.002617 3.079912 
0.031 0.93 0.84 0.2283 0.2355 0.0063 0.0000 0.002617 3.079931 
0.032 0.93 0.84 0.2283 0.2355 0.0063 0.0000 0.002617 3.079957 
0.033 0.80 0.71 0.2383 0.2453 0.0067 0.0000 0.002617 3.079959 
0.034 0.82 0.71 0.2368 0.2453 0.0069 0.0000 0.000000 3.079959 
0.035 0.82 0.94 0.2368 0.2278 0.0071 0.0000 0.002617 3.079965 
0.036 0.88 0.97 0.2322 0.2250 0.0073 0.0000 0.000000 3.079965 
0.037 0.88 1.06 0.2322 0.2180 0.0075 0.0000 0.002617 3.079964 
0.038 0.94 1.06 0.2278 0.2185 0.0079 0.0000 0.002617 3.079963 
0.039 0.94 1.06 0.2278 0.2185 0.0079 0.0000 0.002617 3.079973 
0.040 0.88 0.99 0.2327 0.2239 0.0083 0.0000 0.002617 3.079984 
0.041 0.88 0.99 0.2321 0.2239 0.0083 0.0000 0.002617 3.079985 
0.042 0.97 1.03 0.2251 0.2209 0.0087 0.0000 0.002617 3.079984 
0.043 1.00 1.03 0.2227 0.2209 0.0089 0.0000 0.000000 3.079983 
0.044 1.00 1.03 0.2227 0.2208 0.0091 0.0000 0.002617 3.079985 
0.045 0.96 1.03 0.2262 0.2208 0.0093 0.0000 0.000000 3.079988 
0.046 0.96 1.17 0.2262 0.2102 0.0095 0.0000 0.002617 3.079996 
0.047 0.88 1.17 0.2321 0.2102 0.0097 0.0000 0.000000 3.080010 
0.048 0.88 1.08 0.2321 0.2165 0.0099 0.0000 0.002617 3.080019 
0.049 0.88 1.08 0.2326 0.2165 0.0101 0.0000 0.000000 3.080016 
0.050 1.03 1.28 0.2206 0.2014 0.0105 0.0000 0.000000 3.080007 
0.051 1.04 1.28 0.2203 0.2014 0.0105 0.0000 0.000000 3.080001 
0.052 0.96 1.29 0.2260 0.2010 0.0110 0.0000 0.000000 3.080003 
0.053 0.96 1.29 0.2260 0.2010 0.0110 0.0000 0.000000 3.080004 
0.054 0.82 1.33 0.2371 0.1974 0.0114 0.0000 0.000000 3.080002 
0.055 0.82 1.33 0.2371 0.1974 0.0114 0.0000 0.000000 3.080002 
0.056 0.95 1.09 0.2266 0.2159 0.0118 0.0000 0.000000 3.080005 
0.057 0.95 1.09 0.2266 0.2159 0.0118 0.0000 0.000000 3.080008 
0.058 1.06 1.21 0.2185 0.2072 0.0122 0.0000 0.000000 3.080005 
0.059 0.96 1.21 0.2262 0.2072 0.0124 0.0000 -0.002617 3.079998 
0.060 0.96 1.24 0.2262 0.2048 0.0126 0.0000 0.000000 3.079995 
0.061 0.94 1.24 0.2276 0.2048 0.0128 0.0000 -0.002617 3.080001 
0.062 0.94 1.28 0.2276 0.2018 0.0130 0.0000 0.000000 3.080010 
0.063 0.83 1.28 0.2364 0.2018 0.0132 0.0000 -0.002617 3.080016 
0.064 0.83 1.18 0.2364 0.2096 0.0134 0.0000 0.000000 3.080015 
0.065 0.68 1.19 0.2479 0.2083 0.0138 0.0000 0.000000 3.080007 
0.066 0.91 1.20 0.2299 0.2074 0.0140 0.0000 -0.002617 3.080004 
0.067 0.91 1.14 0.2299 0.2121 0.0142 0.0000 0.000000 3.080004 
0.068 0.75 1.14 0.2422 0.2121 0.0144 0.0000 -0.002617 3.080001 
0.069 0.75 1.16 0.2422 0.2110 0.0146 0.0000 0.000000 3.080003 
0.070 1.01 1.16 0.2220 0.2110 0.0148 0.0000 -0.002617 3.080004 
0.071 1.01 1.00 0.2220 0.2226 0.0150 0.0000 0.000000 3.080010 
0.072 1.00 1.00 0.2229 0.2226 0.0152 0.0000 -0.002617 3.080024 
0.073 1.02 1.08 0.2218 0.2169 0.0156 0.0000 -0.002617 3.080029 
0.074 1.04 1.08 0.2197 0.2169 0.0156 0.0000 -0.002617 3.080026 
0.075 1.22 1.04 0.2064 0.2198 0.0160 0.0000 -0.002617 3.080023 
0.076 1.22 1.04 0.2064 0.2198 0.0160 0.0000 -0.002617 3.080026 
0.077 0.92 1.12 0.2293 0.2136 0.0164 0.0000 -0.002617 3.080034 
0.078 0.92 1.12 0.2293 0.2136 0.0164 0.0000 -0.002617 3.080039 
0.079 0.71 0.92 0.2453 0.2292 0.0168 0.0000 -0.002617 3.080040 
0.080 0.71 1.13 0.2453 0.2128 0.0170 0.0000 0.000000 3.080039 
0.081 0.93 1.13 0.2286 0.2128 0.0172 0.0000 -0.002617 3.080037 
0.082 1.00 1.11 0.2229 0.2146 0.0174 0.0000 0.000000 3.080036 
0.083 1.07 1.11 0.2177 0.2146 0.0176 0.0000 -0.002617 3.080040 
0.084 0.98 1.18 0.2244 0.2093 0.0181 0.0000 -0.002617 3.080045 
0.085 0.98 1.18 0.2244 0.2093 0.0181 0.0000 -0.002617 3.080051 
0.086 0.79 1.13 0.2391 0.2129 0.0185 0.0000 -0.002617 3.080055 
0.087 0.79 1.13 0.2391 0.2129 0.0185 0.0000 -0.002617 3.080054 
0.088 0.93 1.14 0.2285 0.2124 0.0189 0.0000 -0.002617 3.080053 
0.089 0.93 1.14 0.2285 0.2124 0.0189 0.0000 -0.002617 3.080056 
0.090 0.87 0.89 0.2330 0.2313 0.0193 0.0000 -0.002617 3.080058 
0.091 0.83 0.89 0.2358 0.2313 0.0195 0.0000 -0.005235 3.080057 
0.092 0.83 1.22 0.2358 0.2060 0.0197 -0.0000 -0.002617 3.080057 
0.093 0.93 1.22 0.2282 0.2060 0.0199 -0.0000 -0.005235 3.080062 
0.094 0.93 1.34 0.2282 0.1970 0.0201 -0.0000 -0.002617 3.080070 
0.095 0.93 1.34 0.2285 0.1970 0.0203 -0.0000 -0.005235 3.080077 
0.096 0.93 1.30 0.2285 0.2000 0.0205 -0.0000 -0.002617 3.080082 
0.097 0.81 1.30 0.2376 0.2000 0.0207 -0.0000 -0.005235 3.080082 
0.098 0.96 1.09 0.2263 0.2160 0.0211 -0.0000 -0.005235 3.080078 
0.099 0.96 1.09 0.2263 0.2160 0.0211 -0.0000 -0.005235 3.080078 
0.100 0.99 1.25 0.2241 0.2041 0.0215 -0.0000 -0.005235 3.080078 
0.101 0.99 1.25 0.2241 0.2041 0.0215 -0.0000 -0.005235 3.080075 
0.102 0.94 1.26 0.2278 0.2028 0.0219 -0.0000 -0.005235 3.080070 
0.103 0.94 1.26 0.2278 0.2028 0.0219 -0.0000 -0.005235 3.080071 
0.104 0.83 1.12 0.2357 0.2141 0.0223 -0.0000 -0.005235 3.080077 
0.105 0.83 1.00 0.2360 0.2232 0.0227 -0.0000 -0.005235 3.080081 
0.106 0.83 1.00 0.2360 0.2232 0.0227 -0.0000 -0.005235 3.080081 
0.107 0.90 1.09 0.2310 0.2159 0.0231 -0.0000 -0.005235 3.080083 
0.108 0.90 1.09 0.2310 0.2159 0.0231 -0.0000 -0.005235 3.080088 
0.109 0.93 0.89 0.2285 0.2318 0.0235 -0.0000 -0.005235 3.080093 
0.110 0.93 0.89 0.2285 0.2318 0.0235 -0.0000 -0.005235 3.080095 
0.111 1.00 1.11 0.2234 0.2142 0.0239 -0.0000 -0.005235 3.080095 
0.112 1.00 1.11 0.2234 0.2142 0.0241 -0.0000 -0.007852 3.080096 
0.113 0.95 0.98 0.2266 0.2244 0.0243 -0.0000 -0.005235 3.080094 
0.114 1.03 0.98 0.2204 0.2244 0.0245 -0.0000 -0.007852 3.080089 
0.115 1.03 1.24 0.2204 0.2048 0.0247 -0.0000 -0.005235 3.080084 
0.116 0.92 1.24 0.2295 0.2048 0.0249 -0.0000 -0.007852 3.080082 
0.117 0.92 1.23 0.2295 0.2055 0.0252 -0.0000 -0.005235 3.080084 
0.118 0.76 1.23 0.2412 0.2055 0.0254 -0.0000 -0.007852 3.080081 
0.119 0.79 1.19 0.2393 0.2084 0.0258 -0.0000 -0.007852 3.080072 
0.120 0.79 1.19 0.2393 0.2084 0.0258 -0.0000 -0.007852 3.080065 
0.121 0.85 1.16 0.2349 0.2106 0.0262 -0.0000 -0.007852 3.080061 
0.122 0.85 1.16 0.2349 0.2106 0.0262 -0.0000 -0.007852 3.080059 
0.123 0.91 1.18 0.2300 0.2094 0.0266 -0.0000 -0.007852 3.080055 
0.124 0.91 1.01 0.2300 0.2222 0.0268 -0.0000 -0.005235 3.080052 
0.125 0.85 1.01 0.2348 0.2222 0.0270 -0.0000 -0.007852 3.080055 
0.126 0.95 1.17 0.2268 0.2097 0.0274 -0.0000 -0.007852 3.080060 
0.127 0.96 1.17 0.2261 0.2097 0.0274 -0.0000 -0.007852 3.080059 
0.128 0.98 1.24 0.2242 0.2043 0.0278 -0.0000 -0.007852 3.080055 
0.129 0.98 1.24 0.2242 0.2043 0.0278 -0.0000 -0.007852 3.080055 
0.130 0.93 1.19 0.2283 0.2087 0.0282 -0.0001 -0.007852 3.080059 
0.131 0.93 1.19 0.2283 0.2087 0.0282 -0.0001 -0.007852 3.080064 
0.132 0.85 1.07 0.2348 0.2178 0.0286 -0.0001 -0.007852 3.080067 
0.133 0.85 1.07 0.2348 0.2178 0.0286 -0.0001 -0.007852 3.080065 
0.134 0.84 1.07 0.2353 0.2178 0.0290 -0.0001 -0.007852 3.080060 
0.135 1.00 1.07 0.2231 0.2178 0.0292 -0.0001 -0.010469 3.080057 
0.136 1.00 1.05 0.2231 0.2194 0.0294 -0.0001 -0.007852 3.080055 
0.137 0.93 1.05 0.2282 0.2194 0.0296 -0.0001 -0.010469 3.080054 
0.138 0.93 1.18 0.2282 0.2094 0.0298 -0.0001 -0.007852 3.080053 
0.139 0.80 1.18 0.2383 0.2094 0.0300 -0.0001 -0.010469 3.080052 
0.140 0.80 1.07 0.2383 0.2174 0.0302 -0.0001 -0.007852 3.080052 
0.141 0.94 1.07 0.2273 0.2174 0.0304 -0.0001 -0.010469 3.080052 
0.142 1.05 1.26 0.2188 0.2031 0.0308 -0.0001 -0.010469 3.080053 
0.143 1.05 1.26 0.2188 0.2031 0.0308 -0.0001 -0.010469 3.080053 
0.144 0.95 1.24 0.2267 0.2048 0.0312 -0.0001 -0.010469 3.080051 
0.145 0.95 1.24 0.2267 0.2048 0.0312 -0.0001 -0.010469 3.080051 
0.146 0.93 1.27 0.2286 0.2024 0.0316 -0.0001 -0.010469 3.080052 
0.147 0.93 1.27 0.2286 0.2024 0.0318 -0.0001 -0.007852 3.080053 
0.148 0.81 1.06 0.2378 0.2184 0.0320 -0.0001 -0.010469 3.080056 
0.149 0.67 1.18 0.2487 0.2092 0.0325 -0.0001 -0.010469 3.080063 
0.150 0.67 1.18 0.2487 0.2092 0.0325 -0.0001 -0.010469 3.080067 
0.151 3.50 3.80 0.2311 0.2080 0.0329 -0.0001 -0.010469 3.080065 
0.152 3.50 3.80 0.2311 0.2080 0.0329 -0.0001 -0.010469 3.080057 
0.153 3.32 3.72 0.2443 0.2141 0.0333 -0.0001 -0.010469 3.080051 
0.154 3.25 3.72 0.2499 0.2141 0.0335 -0.0001 -0.013086 3.080049 
0.155 3.25 3.26 0.2499 0.2492 0.0337 -0.0001 -0.010469 3.080049 
0.156 2.75 2.91 0.2880 0.2759 0.0341 -0.0001 -0.010469 3.080043 
0.157 2.41 2.91 0.3146 0.2759 0.0343 -0.0001 -0.013086 3.080039 
0.158 2.42 2.50 0.3140 0.3079 0.0347 -0.0001 -0.013086 3.080043 
0.159 2.42 2.29 0.3140 0.3237 0.0349 -0.0001 -0.010469 3.080049 
0.160 1.87 1.87 0.3562 0.3559 0.0353 -0.0001 -0.010469 3.080053 
0.161 1.57 1.90 0.3789 0.3536 0.0357 -0.0001 -0.010469 3.080083 
0.162 1.78 1.80 0.3627 0.3617 0.0361 -0.0001 -0.010469 3.080123 
0.163 1.84 1.84 0.3587 0.3582 0.0365 -0.0001 -0.010469 3.080103 
0.164 1.57 1.84 0.3790 0.3582 0.0367 -0.0001 -0.013086 3.080059 
0.165 1.23 1.40 0.4056 0.3921 0.0371 -0.0001 -0.013086 3.080044 
0.166 1.45 1.74 0.3884 0.3662 0.0375 -0.0002 -0.013086 3.080046 
0.167 1.39 1.65 0.3932 0.3727 0.0379 -0.0002 -0.013086 3.080055 
0.168 1.35 1.74 0.3960 0.3660 0.0383 -0.0002 -0.013086 3.080057 
0.169 1.51 1.62 0.3835 0.3750 0.0387 -0.0002 -0.013086 3.080047 
0.170 1.40 1.65 0.3923 0.3730 0.0391 -0.0002 -0.013086 3.080027 
0.171 1.15 1.21 0.4118 0.4066 0.0396 -0.0002 -0.013086 3.080010 
0.172 1.39 1.73 0.3931 0.3673 0.0400 -0.0002 -0.013086 3.080011 
0.173 1.48 1.83 0.3860 0.3594 0.0404 -0.0002 -0.013086 3.080022 
0.174 1.44 1.74 0.3895 0.3665 0.0408 -0.0002 -0.013086 3.080035 
0.175 1.33 1.42 0.3974 0.3905 0.0412 -0.0002 -0.013086 3.080048 
0.176 1.37 1.78 0.3944 0.3627 0.0416 -0.0002 -0.013086 3.080050 
0.177 1.46 1.78 0.3875 0.3627 0.0418 -0.0002 -0.015704 3.080036 
0.178 1.45 1.89 0.3888 0.3550 0.0422 -0.0002 -0.015704 3.080019 
0.179 1.52 1.71 0.3832 0.3683 0.0426 -0.0002 -0.015704 3.080011 
0.180 1.44 1.60 0.3895 0.3772 0.0430 -0.0002 -0.015704 3.080013 
0.181 1.44 1.74 0.3895 0.3665 0.0432 -0.0002 -0.013086 3.080013 
0.182 1.62 1.31 0.3754 0.3993 0.0436 -0.0002 -0.013086 3.080012 
0.183 1.44 1.69 0.3893 0.3699 0.0440 -0.0002 -0.013086 3.080009 
0.184 1.27 1.41 0.4018 0.3916 0.0444 -0.0002 -0.013086 3.080001 
0.185 1.40 1.76 0.3924 0.3645 0.0448 -0.0002 -0.013086 3.079989 
0.186 1.47 1.71 0.3870 0.3687 0.0452 -0.0003 -0.013086 3.079980 
0.187 1.46 1.70 0.3875 0.3696 0.0456 -0.0003 -0.013086 3.079979 
0.188 1.27 1.70 0.4018 0.3690 0.0460 -0.0003 -0.013086 3.079982 
0.189 1.44 1.70 0.3889 0.3690 0.0462 -0.0003 -0.015704 3.079980 
0.190 1.51 1.71 0.3841 0.3688 0.0467 -0.0003 -0.015704 3.079978 
0.191 1.45 1.39 0.3881 0.3935 0.0471 -0.0003 -0.015704 3.079982 
0.192 1.37 1.66 0.3944 0.3722 0.0475 -0.0003 -0.015704 3.079987 
0.193 1.40 1.79 0.3922 0.3619 0.0479 -0.0003 -0.015704 3.079991 
0.194 1.63 1.72 0.3745 0.3677 0.0483 -0.0003 -0.015704 3.079995 
0.195 1.45 1.56 0.3886 0.3797 0.0487 -0.0003 -0.015704 3.079998 
0.196 1.19 1.64 0.4083 0.3742 0.0491 -0.0003 -0.015704 3.080000 
0.197 1.42 1.58 0.3911 0.3786 0.0495 -0.0003 -0.015704 3.080001 
0.198 1.62 1.71 0.3753 0.3688 0.0499 -0.0003 -0.015704 3.080002 
0.199 1.48 1.43 0.3860 0.3897 0.0503 -0.0003 -0.015704 3.079999 
0.200 1.49 1.72 0.3852 0.3675 0.0507 -0.0003 -0.015704 3.079992 
0.201 1.37 1.71 0.3948 0.3683 0.0511 -0.0003 -0.015704 3.079989 
0.202 1.11 1.71 0.4148 0.3683 0.0513 -0.0003 -0.018321 3.079993 
0.203 1.42 1.79 0.3908 0.3622 0.0517 -0.0004 -0.018321 3.079997 
0.204 1.05 1.41 0.4189 0.3913 0.0521 -0.0004 -0.018321 3.080000 
0.205 1.43 1.70 0.3899 0.3692 0.0525 -0.0004 -0.018321 3.080000 
0.206 1.41 1.77 0.3917 0.3637 0.0529 -0.0004 -0.018321 3.079999 
0.207 1.51 1.73 0.3839 0.3671 0.0533 -0.0004 -0.018321 3.079996 
0.208 1.51 1.54 0.3839 0.3818 0.0535 -0.0004 -0.015704 3.079992 
0.209 1.89 1.65 0.3547 0.3728 0.0540 -0.0004 -0.015704 3.079989 
0.210 1.44 1.62 0.3889 0.3756 0.0544 -0.0004 -0.015704 3.079986 
0.211 1.14 1.65 0.4125 0.3728 0.0548 -0.0004 -0.015704 3.079988 
0.212 1.44 1.41 0.3894 0.3918 0.0552 -0.0004 -0.015704 3.079989 
0.213 1.61 1.58 0.3761 0.3782 0.0556 -0.0004 -0.015704 3.079987 
0.214 1.43 1.54 0.3899 0.3813 0.0560 -0.0004 -0.015704 3.079983 
0.215 1.15 1.54 0.4116 0.3813 0.0562 -0.0004 -0.018321 3.079977 
0.216 1.44 1.64 0.3894 0.3741 0.0566 -0.0004 -0.018321 3.079971 
0.217 1.38 1.24 0.3937 0.4049 0.0570 -0.0004 -0.018321 3.079965 
0.218 1.37 1.62 0.3948 0.3755 0.0574 -0.0005 -0.018321 3.079960 
0.219 1.52 1.57 0.3831 0.3791 0.0578 -0.0005 -0.018321 3.079960 
0.220 1.42 1.69 0.3908 0.3704 0.0582 -0.0005 -0.018321 3.079961 
0.221 1.16 1.58 0.4109 0.3782 0.0586 -0.0005 -0.018321 3.079958 
0.222 1.41 1.62 0.3913 0.3756 0.0590 -0.0005 -0.018321 3.079953 
0.223 1.49 1.18 0.3852 0.4092 0.0594 -0.0005 -0.018321 3.079948 
0.224 1.44 1.70 0.3889 0.3696 0.0598 -0.0005 -0.018321 3.079942 
0.225 1.33 1.80 0.3975 0.3612 0.0602 -0.0005 -0.018321 3.079936 
0.226 1.38 1.71 0.3936 0.3686 0.0606 -0.0005 -0.018321 3.079934 
0.227 1.46 1.40 0.3877 0.3924 0.0611 -0.0005 -0.018321 3.079933 
0.228 1.45 1.75 0.3882 0.3650 0.0615 -0.0005 -0.018321 3.079930 
0.229 1.51 1.75 0.3840 0.3650 0.0617 -0.0005 -0.020938 3.079927 
0.230 1.44 1.85 0.3891 0.3575 0.0621 -0.0005 -0.020938 3.079924 
0.231 1.61 1.66 0.3758 0.3723 0.0625 -0.0005 -0.020938 3.079920 
0.232 1.44 1.53 0.3890 0.3821 0.0629 -0.0006 -0.020938 3.079917 
0.233 1.26 1.67 0.4031 0.3717 0.0633 -0.0006 -0.020938 3.079917 
0.234 1.35 1.23 0.3963 0.4054 0.0637 -0.0006 -0.020938 3.079916 
0.235 1.35 1.62 0.3963 0.3754 0.0641 -0.0006 -0.020938 3.079913 
0.236 1.41 1.35 0.3918 0.3962 0.0643 -0.0006 -0.018321 3.079907 
0.237 1.43 1.72 0.3903 0.3681 0.0647 -0.0006 -0.018321 3.079900 
0.238 1.22 1.64 0.4062 0.3740 0.0651 -0.0006 -0.018321 3.079891 
0.239 1.44 1.64 0.3894 0.3735 0.0655 -0.0006 -0.018321 3.079884 
0.240 1.47 1.68 0.3866 0.3707 0.0659 -0.0006 -0.018321 3.079881 
0.241 1.45 1.71 0.3888 0.3687 0.0663 -0.0006 -0.018321 3.079876 
0.242 1.37 1.38 0.3948 0.3941 0.0667 -0.0006 -0.018321 3.079866 
0.243 1.40 1.65 0.3924 0.3728 0.0671 -0.0006 -0.018321 3.079861 
0.244 1.63 1.65 0.3746 0.3728 0.0673 -0.0006 -0.020938 3.079860 
0.245 1.45 1.80 0.3884 0.3618 0.0677 -0.0007 -0.020938 3.079856 
0.246 1.18 1.71 0.4091 0.3682 0.0681 -0.0007 -0.020938 3.079850 
0.247 1.43 1.55 0.3899 0.3807 0.0686 -0.0007 -0.020938 3.079848 
0.248 1.62 1.61 0.3751 0.3757 0.0690 -0.0007 -0.020938 3.079849 
0.249 1.47 1.56 0.3871 0.3800 0.0694 -0.0007 -0.020938 3.079848 
0.250 1.51 1.69 0.3837 0.3699 0.0698 -0.0007 -0.020938 3.079846 
0.251 1.38 1.41 0.3938 0.3917 0.0702 -0.0007 -0.020938 3.079845 
0.252 1.11 1.70 0.4143 0.3692 0.0706 -0.0007 -0.020938 3.079846 
0.253 1.42 1.69 0.3906 0.3703 0.0710 -0.0007 -0.020938 3.079849 
0.254 1.09 1.78 0.4163 0.3630 0.0714 -0.0007 -0.020938 3.079848 
0.255 1.46 1.41 0.3879 0.3914 0.0718 -0.0007 -0.020938 3.079843 
0.256 1.43 1.68 0.3897 0.3711 0.0722 -0.0007 -0.020938 3.079842 
0.257 1.53 1.68 0.3822 0.3711 0.0724 -0.0007 -0.023556 3.079846 
0.258 1.91 1.76 0.3529 0.3645 0.0728 -0.0008 -0.023556 3.079846 
0.259 1.46 1.71 0.3879 0.3681 0.0732 -0.0008 -0.023556 3.079848 
0.260 1.13 1.52 0.4134 0.3829 0.0736 -0.0008 -0.023556 3.079851 
0.261 1.47 1.64 0.3867 0.3739 0.0740 -0.0008 -0.023556 3.079853 
0.262 1.47 1.58 0.3867 0.3782 0.0742 -0.0008 -0.020938 3.079851 
0.263 1.67 1.65 0.3715 0.3728 0.0746 -0.0008 -0.020938 3.079851 
0.264 1.49 1.40 0.3854 0.3923 0.0750 -0.0008 -0.020938 3.079857 
0.265 1.21 1.58 0.4071 0.3787 0.0754 -0.0008 -0.020938 3.079863 
0.266 1.48 1.54 0.3860 0.3817 0.0759 -0.0008 -0.020938 3.079867 
0.267 1.42 1.64 0.3911 0.3742 0.0763 -0.0008 -0.020938 3.079869 
0.268 1.39 1.24 0.3930 0.4049 0.0767 -0.0008 -0.020938 3.079872 
0.269 1.54 1.61 0.3816 0.3764 0.0771 -0.0009 -0.020938 3.079880 
0.270 1.44 1.57 0.3891 0.3788 0.0775 -0.0009 -0.020938 3.079889 
0.271 1.18 1.65 0.4093 0.3727 0.0779 -0.0009 -0.020938 3.079890 
0.272 1.42 1.68 0.3908 0.3704 0.0781 -0.0009 -0.023556 3.079883 
0.273 1.49 1.57 0.3854 0.3791 0.0785 -0.0009 -0.023556 3.079875 
0.274 1.45 1.60 0.3886 0.3765 0.0789 -0.0009 -0.023556 3.079872 
0.275 1.33 1.16 0.3974 0.4104 0.0793 -0.0009 -0.023556 3.079873 
0.276 1.38 1.68 0.3940 0.3709 0.0797 -0.0009 -0.023556 3.079870 
0.277 1.47 1.78 0.3871 0.3628 0.0801 -0.0009 -0.023556 3.079869 
0.278 1.44 1.70 0.3893 0.3693 0.0805 -0.0009 -0.023556 3.079872 
0.279 1.50 1.39 0.3847 0.3932 0.0809 -0.0009 -0.023556 3.079874 
0.280 1.44 1.75 0.3894 0.3657 0.0813 -0.0009 -0.023556 3.079874 
0.281 1.61 1.84 0.3763 0.3583 0.0817 -0.0010 -0.023556 3.079873 
0.282 1.44 1.64 0.3893 0.3738 0.0821 -0.0010 -0.023556 3.079873 
0.283 1.25 1.52 0.4042 0.3832 0.0825 -0.0010 -0.023556 3.079876 
0.284 1.34 1.67 0.3967 0.3718 0.0830 -0.0010 -0.023556 3.079876 
0.285 1.40 1.23 0.3920 0.4052 0.0834 -0.0010 -0.023556 3.079871 
0.286 1.40 1.43 0.3921 0.3901 0.0836 -0.0010 -0.026173 3.079867 
0.287 1.22 1.63 0.4064 0.3747 0.0840 -0.0010 -0.026173 3.079872 
0.288 1.41 1.38 0.3915 0.3938 0.0844 -0.0010 -0.026173 3.079879 
0.289 1.41 1.71 0.3915 0.3688 0.0846 -0.0010 -0.023556 3.079885 
0.290 1.48 1.66 0.3861 0.3721 0.0850 -0.0010 -0.023556 3.079890 
0.291 1.44 1.65 0.3892 0.3727 0.0854 -0.0010 -0.023556 3.079894 
0.292 1.38 1.66 0.3942 0.3724 0.0858 -0.0011 -0.023556 3.079900 
0.293 1.39 1.68 0.3932 0.3705 0.0862 -0.0011 -0.023556 3.079906 
0.294 1.62 1.33 0.3756 0.3973 0.0866 -0.0011 -0.023556 3.079914 
0.295 1.44 1.63 0.3893 0.3746 0.0870 -0.0011 -0.023556 3.079922 
0.296 1.17 1.75 0.4100 0.3653 0.0874 -0.0011 -0.023556 3.079926 
0.297 1.43 1.68 0.3897 0.3706 0.0878 -0.0011 -0.023556 3.079928 
0.298 1.60 1.52 0.3771 0.3832 0.0882 -0.0011 -0.023556 3.079928 
0.299 1.46 1.59 0.3877 0.3778 0.0886 -0.0011 -0.023556 3.079923 
0.300 1.50 1.59 0.3846 0.3778 0.0888 -0.0011 -0.026173 3.079920 
0.301 1.36 1.55 0.3950 0.3808 0.0892 -0.0011 -0.026173 3.079919 
0.302 1.10 1.67 0.4149 0.3719 0.0896 -0.0011 -0.026173 3.079922 
0.303 1.41 1.38 0.3917 0.3935 0.0901 -0.0012 -0.026173 3.079927 
0.304 1.05 1.68 0.4192 0.3708 0.0905 -0.0012 -0.026173 3.079929 
0.305 1.42 1.67 0.3909 0.3719 0.0909 -0.0012 -0.026173 3.079929 
0.306 1.40 1.75 0.3924 0.3653 0.0913 -0.0012 -0.026173 3.079929 
0.307 1.50 1.39 0.3845 0.3931 0.0917 -0.0012 -0.026173 3.079925 
0.308 1.89 1.65 0.3545 0.3727 0.0921 -0.0012 -0.026173 3.079922 
0.309 1.44 1.74 0.3891 0.3658 0.0925 -0.0012 -0.026173 3.079919 
0.310 1.11 1.70 0.4146 0.3694 0.0929 -0.0012 -0.026173 3.079914 
0.311 1.44 1.50 0.3892 0.3846 0.0933 -0.0012 -0.026173 3.079909 
0.312 1.62 1.62 0.3751 0.3752 0.0937 -0.0013 -0.026173 3.079910 
0.313 1.45 1.58 0.3887 0.3785 0.0941 -0.0013 -0.026173 3.079914 
0.314 1.16 1.58 0.4109 0.3785 0.0943 -0.0013 -0.028790 3.079916 
0.315 1.45 1.66 0.3888 0.3726 0.0947 -0.0013 -0.028790 3.079916 
0.316 1.40 1.40 0.3920 0.3924 0.0951 -0.0013 -0.028790 3.079915 
0.317 1.40 1.58 0.3920 0.3787 0.0953 -0.0013 -0.026173 3.079915 
0.318 1.38 1.53 0.3938 0.3825 0.0957 -0.0013 -0.026173 3.079915 
0.319 1.53 1.62 0.3824 0.3750 0.0961 -0.0013 -0.026173 3.079913 
0.320 1.43 1.22 0.3901 0.4060 0.0965 -0.0013 -0.026173 3.079916 
0.321 1.17 1.61 0.4100 0.3763 0.0969 -0.0013 -0.026173 3.079924 
0.322 1.42 1.56 0.3910 0.3799 0.0974 -0.0014 -0.026173 3.079931 
0.323 1.47 1.68 0.3868 0.3711 0.0978 -0.0014 -0.026173 3.079933 
0.324 1.44 1.57 0.3892 0.3788 0.0982 -0.0014 -0.026173 3.079933 
0.325 1.33 1.60 0.3975 0.3767 0.0986 -0.0014 -0.026173 3.079932 
0.326 1.37 1.16 0.3943 0.4104 0.0990 -0.0014 -0.026173 3.079928 
0.327 1.45 1.68 0.3885 0.3705 0.0994 -0.0014 -0.026173 3.079926 
0.328 1.44 1.79 0.3894 0.3619 0.0998 -0.0014 -0.026173 3.079926 
0.329 1.51 1.79 0.3835 0.3619 0.1000 -0.0014 -0.028790 3.079926 
0.330 1.46 1.70 0.3873 0.3691 0.1004 -0.0014 -0.028790 3.079921 
0.331 1.64 1.37 0.3739 0.3947 0.1008 -0.0014 -0.028790 3.079913 
0.332 1.46 1.73 0.3875 0.3672 0.1012 -0.0015 -0.028790 3.079909 
0.333 1.27 1.81 0.4024 0.3610 0.1016 -0.0015 -0.028790 3.079906 
0.334 1.37 1.63 0.3944 0.3749 0.1020 -0.0015 -0.028790 3.079898 
0.335 1.40 1.50 0.3922 0.3845 0.1024 -0.0015 -0.028790 3.079892 
0.336 1.41 1.64 0.3914 0.3740 0.1028 -0.0015 -0.028790 3.079895 
0.337 1.22 1.21 0.4065 0.4071 0.1032 -0.0015 -0.028790 3.079901 
0.338 1.41 1.61 0.3916 0.3761 0.1036 -0.0015 -0.028790 3.079898 
0.339 1.48 1.33 0.3861 0.3974 0.1040 -0.0015 -0.028790 3.079889 
0.340 1.44 1.68 0.3895 0.3710 0.1044 -0.0016 -0.028790 3.079879 
0.341 1.35 1.63 0.3959 0.3743 0.1049 -0.0016 -0.028790 3.079873 
0.342 1.41 1.62 0.3917 0.3751 0.1053 -0.0016 -0.028790 3.079868 
0.343 1.67 1.62 0.3714 0.3750 0.1057 -0.0016 -0.028790 3.079864 
0.344 1.68 1.62 0.3709 0.3750 0.1057 -0.0016 -0.028790 3.079863 
0.345 1.49 1.65 0.3853 0.3731 0.1061 -0.0016 -0.028790 3.079864 
0.346 1.25 1.31 0.4042 0.3990 0.1065 -0.0016 -0.028790 3.079855 
0.347 1.43 1.60 0.3900 0.3771 0.1069 -0.0016 -0.028790 3.079846 
0.348 1.61 1.74 0.3762 0.3665 0.1073 -0.0016 -0.028790 3.079841 
0.349 1.46 1.66 0.3878 0.3721 0.1077 -0.0016 -0.028790 3.079838 
0.350 1.50 1.51 0.3848 0.3838 0.1081 -0.0017 -0.028790 3.079844 
0.351 1.35 1.58 0.3957 0.3783 0.1085 -0.0017 -0.028790 3.079851 
0.352 1.09 1.53 0.4162 0.3821 0.1089 -0.0017 -0.028790 3.079850 
0.353 1.40 1.67 0.3921 0.3719 0.1093 -0.0017 -0.028790 3.079844 
0.354 1.03 1.38 0.4210 0.3939 0.1097 -0.0017 -0.028790 3.079839 
0.355 1.41 1.67 0.3918 0.3714 0.1101 -0.0017 -0.028790 3.079837 
0.356 1.38 1.66 0.3938 0.3725 0.1105 -0.0017 -0.028790 3.079838 
0.357 1.49 1.75 0.3856 0.3654 0.1109 -0.0017 -0.028790 3.079840 
0.358 1.88 1.36 0.3552 0.3952 0.1113 -0.0018 -0.028790 3.079839 
0.359 1.44 1.48 0.3895 0.3859 0.1115 -0.0018 -0.031408 3.079834 
0.360 1.11 1.65 0.4144 0.3729 0.1119 -0.0018 -0.031408 3.079829 
0.361 1.44 1.74 0.3895 0.3662 0.1124 -0.0018 -0.031408 3.079826 
0.362 1.62 1.69 0.3757 0.3698 0.1128 -0.0018 -0.031408 3.079827 
0.363 1.44 1.51 0.3892 0.3839 0.1132 -0.0018 -0.031408 3.079830 
0.364 1.16 1.63 0.4110 0.3748 0.1136 -0.0018 -0.031408 3.079831 
0.365 1.44 1.59 0.3895 0.3778 0.1140 -0.0018 -0.031408 3.079831 
0.366 1.40 1.67 0.3925 0.3717 0.1144 -0.0018 -0.031408 3.079826 
0.367 1.38 1.42 0.3942 0.3906 0.1148 -0.0019 -0.031408 3.079818 
0.368 1.52 1.60 0.3827 0.3770 0.1152 -0.0019 -0.031408 3.079811 
0.369 1.42 1.56 0.3906 0.3799 0.1156 -0.0019 -0.031408 3.079804 
0.370 1.17 1.64 0.4103 0.3738 0.1160 -0.0019 -0.031408 3.079800 
0.371 1.41 1.24 0.3917 0.4047 0.1164 -0.0019 -0.031408 3.079798 
0.372 1.49 1.62 0.3854 0.3753 0.1168 -0.0019 -0.031408 3.079793 
0.373 1.49 1.57 0.3854 0.3791 0.1170 -0.0019 -0.028790 3.079786 
0.374 1.47 1.57 0.3872 0.3791 0.1172 -0.0019 -0.031408 3.079782 
0.375 1.32 1.68 0.3984 0.3706 0.1176 -0.0019 -0.031408 3.079781 
0.376 1.37 1.58 0.3943 0.3786 0.1180 -0.0020 -0.031408 3.079782 
0.377 1.44 1.61 0.3891 0.3764 0.1184 -0.0020 -0.031408 3.079786 
0.378 1.43 1.17 0.3899 0.4101 0.1188 -0.0020 -0.031408 3.079790 
0.379 1.49 1.68 0.3850 0.3704 0.1192 -0.0020 -0.031408 3.079790 
0.380 1.43 1.79 0.3904 0.3626 0.1197 -0.0020 -0.031408 3.079787 
0.381 1.63 1.70 0.3743 0.3692 0.1201 -0.0020 -0.031408 3.079786 
0.382 1.50 1.39 0.3844 0.3932 0.1205 -0.0020 -0.031408 3.079782 
0.383 1.32 1.74 0.3983 0.3661 0.1209 -0.0020 -0.031408 3.079780 
0.384 1.41 1.82 0.3917 0.3596 0.1213 -0.0021 -0.031408 3.079780 
0.385 1.47 1.65 0.3868 0.3734 0.1217 -0.0021 -0.031408 3.079774 
0.386 1.46 1.51 0.3880 0.3839 0.1221 -0.0021 -0.031408 3.079772 
0.387 1.25 1.60 0.4034 0.3771 0.1225 -0.0021 -0.031408 3.079772 
0.388 1.44 1.65 0.3895 0.3730 0.1229 -0.0021 -0.031408 3.079773 
0.389 1.52 1.22 0.3833 0.4059 0.1231 -0.0021 -0.034025 3.079773 
0.390 1.44 1.61 0.3892 0.3759 0.1235 -0.0021 -0.034025 3.079770 
0.391 1.35 1.34 0.3963 0.3968 0.1239 -0.0021 -0.034025 3.079766 
0.392 1.39 1.70 0.3933 0.3696 0.1243 -0.0022 -0.034025 3.079762 
0.393 1.63 1.64 0.3747 0.3740 0.1247 -0.0022 -0.034025 3.079760 
0.394 1.44 1.64 0.3891 0.3740 0.1251 -0.0022 -0.034025 3.079761 
0.395 1.16 1.63 0.4106 0.3745 0.1255 -0.0022 -0.034025 3.079763 
0.396 1.44 1.66 0.3895 0.3725 0.1259 -0.0022 -0.034025 3.079761 
0.397 1.61 1.32 0.3765 0.3987 0.1263 -0.0022 -0.034025 3.079756 
0.398 1.61 1.60 0.3765 0.3767 0.1265 -0.0022 -0.031408 3.079745 
0.399 1.47 1.74 0.3872 0.3663 0.1270 -0.0022 -0.031408 3.079734 
0.400 1.50 1.66 0.3846 0.3722 0.1274 -0.0023 -0.031408 3.079727 
0.401 1.35 1.50 0.3958 0.3845 0.1278 -0.0023 -0.031408 3.079725 
0.402 -5.41 -4.93 0.4159 0.3790 0.1282 -0.0023 -0.031408 3.079727 
0.403 -5.09 -4.93 0.3919 0.3790 0.1284 -0.0023 -0.034025 3.079729 
0.404 -5.44 -4.94 0.4183 0.3803 0.1288 -0.0023 -0.034025 3.079732 
0.405 -4.60 -4.49 0.3541 0.3455 0.1292 -0.0023 -0.034025 3.079735 
0.406 -3.72 -4.02 0.2864 0.3092 0.1296 -0.0023 -0.034025 3.079735 
0.407 -3.72 -3.57 0.2864 0.2749 0.1296 -0.0023 -0.034025 3.079735 
0.408 -2.26 -2.69 0.1741 0.2070 0.1300 -0.0023 -0.034025 3.079736 
0.409 -2.26 -2.69 0.1741 0.2070 0.1300 -0.0023 -0.034025 3.079738 
0.410 -2.26 -2.10 0.1741 0.1612 0.1300 -0.0023 -0.034025 3.079736 
0.411 -1.74 -1.50 0.1342 0.1153 0.1300 -0.0023 -0.034025 3.079726 
0.412 -1.31 -1.17 0.1010 0.0898 0.1300 -0.0023 -0.034025 3.079708 
0.413 -1.05 -0.96 0.0808 0.0735 0.1300 -0.0023 -0.034025 3.079669 
0.414 -0.88 -0.81 0.0673 0.0622 0.1300 -0.0023 -0.034025 3.079693 
0.415 -0.75 -0.70 0.0578 0.0540 0.1300 -0.0023 -0.034025 3.079789 
0.416 -0.66 -0.62 0.0506 0.0476 0.1300 -0.0023 -0.034025 3.079791 
0.417 -0.58 -0.55 0.0450 0.0426 0.1300 -0.0023 -0.034025 3.079745 
0.418 -0.53 -0.50 0.0405 0.0386 0.1300 -0.0023 -0.034025 3.079701 
0.419 -0.48 -0.46 0.0368 0.0352 0.1300 -0.0023 -0.034025 3.079645 
0.420 -0.44 -0.42 0.0337 0.0324 0.1300 -0.0023 -0.034025 3.079633 
0.421 0.41 -0.39 -0.0314 0.0300 0.1298 -0.0023 -0.031408 3.079671 
0.422 0.41 -0.36 -0.0314 0.0279 0.1298 -0.0023 -0.031408 3.079756 
0.423 0.41 0.36 -0.0314 -0.0278 0.1296 -0.0023 -0.034025 3.079803 
0.424 0.41 0.36 -0.0314 -0.0278 0.1296 -0.0023 -0.034025 3.079765 
0.425 0.41 0.36 -0.0314 -0.0278 0.1296 -0.0023 -0.034025 3.079727 
0.426 0.41 0.36 -0.0314 -0.0278 0.1296 -0.0023 -0.034025 3.079716 
0.427 0.41 0.36 -0.0314 -0.0278 0.1296 -0.0023 -0.034025 3.079712 
0.428 0.41 0.36 -0.0314 -0.0278 0.1296 -0.0023 -0.034025 3.079710 
0.429 0.41 0.36 -0.0314 -0.0278 0.1296 -0.0023 -0.034025 3.079695 
0.430 0.41 0.36 -0.0314 -0.0278 0.1296 -0.0023 -0.034025 3.079697 
0.431 0.41 0.36 -0.0314 -0.0278 0.1296 -0.0023 -0.034025 3.079720 
0.432 0.41 0.36 -0.0314 -0.0278 0.1296 -0.0023 -0.034025 3.079742 
0.433 0.41 0.50 -0.0314 -0.0388 0.1294 -0.0023 -0.036642 3.079748 
0.434 0.40 0.50 -0.0310 -0.0388 0.1294 -0.0023 -0.036642 3.079743 
0.435 0.37 0.50 -0.0288 -0.0388 0.1294 -0.0023 -0.036642 3.079743 
0.436 0.35 0.50 -0.0269 -0.0388 0.1294 -0.0023 -0.036642 3.079734 
0.437 0.33 0.50 -0.0252 -0.0388 0.1294 -0.0023 -0.036642 3.079724 
0.438 -0.31 0.50 0.0239 -0.0388 0.1296 -0.0023 -0.039259 3.079733 
0.439 -0.31 0.50 0.0239 -0.0388 0.1296 -0.0023 -0.039259 3.079734 
0.440 -0.31 0.50 0.0239 -0.0388 0.1296 -0.0023 -0.039259 3.079722 
0.441 -0.31 0.50 0.0239 -0.0388 0.1296 -0.0023 -0.039259 3.079709 
0.442 -0.31 0.50 0.0239 -0.0388 0.1296 -0.0023 -0.039259 3.079703 
0.443 -0.31 0.50 0.0239 -0.0388 0.1296 -0.0023 -0.039259 3.079715 
0.444 -0.31 0.46 0.0239 -0.0355 0.1296 -0.0023 -0.039259 3.079737 
0.445 -0.31 0.42 0.0239 -0.0326 0.1296 -0.0023 -0.039259 3.079765 
0.446 -0.31 0.39 0.0239 -0.0302 0.1296 -0.0023 -0.039259 3.079778 
0.447 -0.31 0.36 0.0239 -0.0281 0.1296 -0.0023 -0.039259 3.079755 
0.448 -0.31 -0.35 0.0239 0.0272 0.1298 -0.0023 -0.036642 3.079733 
0.449 -0.31 -0.35 0.0239 0.0272 0.1298 -0.0023 -0.036642 3.079725 
0.450 -0.31 -0.35 0.0239 0.0272 0.1298 -0.0023 -0.036642 3.079713 
0.451 -0.31 -0.35 0.0239 0.0272 0.1298 -0.0023 -0.036642 3.079694 
0.452 -0.31 -0.35 0.0239 0.0272 0.1298 -0.0023 -0.036642 3.079679 
0.453 -0.31 -0.35 0.0239 0.0272 0.1298 -0.0023 -0.036642 3.079671 
0.454 -0.31 -0.35 0.0239 0.0272 0.1298 -0.0023 -0.036642 3.079672 
0.455 -0.31 -0.35 0.0237 0.0272 0.1298 -0.0023 -0.036642 3.079681 
0.456 -0.29 -0.35 0.0224 0.0272 0.1298 -0.0023 -0.036642 3.079695 
0.457 -0.28 -0.35 0.0212 0.0272 0.1298 -0.0023 -0.036642 3.079714 
0.458 -0.26 -0.35 0.0202 0.0272 0.1298 -0.0023 -0.036642 3.079732 
0.459 -0.25 0.46 0.0192 -0.0355 0.1296 -0.0023 -0.039259 3.079729 
0.460 -0.24 0.46 0.0183 -0.0355 0.1296 -0.0023 -0.039259 3.079705 
0.461 -0.23 0.46 0.0175 -0.0355 0.1296 -0.0023 -0.039259 3.079687 
0.462 -0.22 0.46 0.0168 -0.0355 0.1296 -0.0023 -0.039259 3.079690 
0.463 -0.21 0.46 0.0161 -0.0355 0.1296 -0.0023 -0.039259 3.079704 
0.464 -0.20 0.46 0.0155 -0.0355 0.1296 -0.0023 -0.039259 3.079707 
0.465 -0.19 0.46 0.0150 -0.0355 0.1296 -0.0023 -0.039259 3.079698 
0.466 -0.19 0.46 0.0144 -0.0355 0.1296 -0.0023 -0.039259 3.079694 
0.467 -0.18 0.46 0.0139 -0.0355 0.1296 -0.0023 -0.039259 3.079693 
0.468 -0.17 0.46 0.0135 -0.0355 0.1296 -0.0023 -0.039259 3.079691 
0.469 -0.17 0.46 0.0130 -0.0355 0.1296 -0.0023 -0.039259 3.079685 
0.470 -0.16 0.46 0.0126 -0.0355 0.1296 -0.0023 -0.039259 3.079680 
0.471 -0.16 0.44 0.0122 -0.0337 0.1296 -0.0023 -0.039259 3.079686 
0.472 -0.15 0.40 0.0119 -0.0311 0.1296 -0.0023 -0.039259 3.079695 
0.473 -0.15 0.38 0.0115 -0.0289 0.1296 -0.0023 -0.039259 3.079699 
0.474 -0.14 -0.37 0.0112 0.0287 0.1298 -0.0023 -0.036642 3.079690 
0.475 -0.14 -0.37 0.0109 0.0287 0.1298 -0.0023 -0.036642 3.079677 
0.476 -0.14 -0.37 0.0106 0.0287 0.1298 -0.0023 -0.036642 3.079670 
0.477 -0.13 -0.37 0.0104 0.0287 0.1298 -0.0023 -0.036642 3.079669 
0.478 -0.13 -0.37 0.0101 0.0287 0.1298 -0.0023 -0.036642 3.079670 
0.479 -0.13 -0.37 0.0099 0.0287 0.1298 -0.0023 -0.036642 3.079673 
0.480 -0.12 -0.37 0.0096 0.0287 0.1298 -0.0023 -0.036642 3.079673 
0.481 -0.12 -0.37 0.0094 0.0287 0.1298 -0.0023 -0.036642 3.079673 
0.482 -0.12 -0.37 0.0092 0.0287 0.1298 -0.0023 -0.036642 3.079675 
0.483 -0.12 -0.37 0.0090 0.0287 0.1298 -0.0023 -0.036642 3.079675 
0.484 -0.11 -0.37 0.0088 0.0287 0.1298 -0.0023 -0.036642 3.079675 
0.485 -0.11 0.47 0.0086 -0.0361 0.1296 -0.0023 -0.039259 3.079678 
0.486 -0.11 0.47 0.0084 -0.0361 0.1296 -0.0023 -0.039259 3.079680 
0.487 -0.11 0.47 0.0083 -0.0361 0.1296 -0.0023 -0.039259 3.079679 
0.488 -0.10 0.47 0.0081 -0.0361 0.1296 -0.0023 -0.039259 3.079678 
0.489 -0.10 0.47 0.0079 -0.0361 0.1296 -0.0023 -0.039259 3.079681 
0.490 -0.10 0.47 0.0078 -0.0361 0.1296 -0.0023 -0.039259 3.079684 
0.491 -0.10 0.47 0.0076 -0.0361 0.1296 -0.0023 -0.039259 3.079683 
0.492 -0.10 0.47 0.0075 -0.0361 0.1296 -0.0023 -0.039259 3.079680 
0.493 -0.10 0.47 0.0074 -0.0361 0.1296 -0.0023 -0.039259 3.079682 
0.494 -0.09 0.47 0.0072 -0.0361 0.1296 -0.0023 -0.039259 3.079691 
0.495 -0.09 0.47 0.0071 -0.0361 0.1296 -0.0023 -0.039259 3.079702 
0.496 -0.09 0.45 0.0070 -0.0348 0.1296 -0.0023 -0.039259 3.079707 
0.497 -0.09 0.42 0.0069 -0.0320 0.1296 -0.0023 -0.039259 3.079711 
0.498 -0.09 0.39 0.0067 -0.0297 0.1296 -0.0023 -0.039259 3.079717 
0.499 -0.09 0.36 0.0066 -0.0277 0.1296 -0.0023 -0.039259 3.079722 
0.500 -0.08 0.34 0.0065 -0.0259 0.1296 -0.0023 -0.039259 3.079724 
0.501 -0.08 -0.32 0.0064 0.0248 0.1298 -0.0023 -0.036642 3.079726 
0.502 -0.08 -0.32 0.0063 0.0248 0.1298 -0.0023 -0.036642 3.079730 
0.503 -0.08 -0.32 0.0062 0.0248 0.1298 -0.0023 -0.036642 3.079733 
0.504 -0.08 -0.32 0.0061 0.0248 0.1298 -0.0023 -0.036642 3.079736 
0.505 -0.08 -0.32 0.0060 0.0248 0.1298 -0.0023 -0.036642 3.079738 
0.506 -0.08 -0.32 0.0060 0.0248 0.1298 -0.0023 -0.036642 3.079744 
0.507 -0.08 -0.32 0.0059 0.0248 0.1298 -0.0023 -0.036642 3.079748 
0.508 -0.07 -0.32 0.0058 0.0248 0.1298 -0.0023 -0.036642 3.079749 
0.509 -0.07 -0.32 0.0057 0.0248 0.1298 -0.0023 -0.036642 3.079750 
0.510 -0.07 -0.32 0.0056 0.0248 0.1298 -0.0023 -0.036642 3.079752 
0.511 -0.07 -0.32 0.0055 0.0248 0.1298 -0.0023 -0.036642 3.079753 
0.512 -0.07 -0.32 0.0055 0.0248 0.1298 -0.0023 -0.036642 3.079754 
0.513 -0.07 0.46 0.0054 -0.0358 0.1296 -0.0023 -0.039259 3.079759 
0.514 -0.07 0.46 0.0053 -0.0358 0.1296 -0.0023 -0.039259 3.079766 
0.515 -0.07 0.46 0.0053 -0.0358 0.1296 -0.0023 -0.039259 3.079772 
0.516 -0.07 0.46 0.0052 -0.0358 0.1296 -0.0023 -0.039259 3.079778 
0.517 -0.07 0.46 0.0051 -0.0358 0.1296 -0.0023 -0.039259 3.079782 
0.518 -0.07 0.46 0.0051 -0.0358 0.1296 -0.0023 -0.039259 3.079784 
0.519 -0.07 0.46 0.0050 -0.0358 0.1296 -0.0023 -0.039259 3.079781 
0.520 -0.06 0.46 0.0049 -0.0358 0.1296 -0.0023 -0.039259 3.079778 
0.521 -0.06 0.46 0.0049 -0.0358 0.1296 -0.0023 -0.039259 3.079782 
0.522 -0.06 0.46 0.0048 -0.0358 0.1296 -0.0023 -0.039259 3.079789 
0.523 -0.06 0.46 0.0048 -0.0358 0.1296 -0.0023 -0.039259 3.079794 
0.524 -0.06 0.44 0.0047 -0.0339 0.1296 -0.0023 -0.039259 3.079797 
0.525 -0.06 0.41 0.0047 -0.0313 0.1296 -0.0023 -0.039259 3.079800 
0.526 -0.06 0.38 0.0046 -0.0291 0.1296 -0.0023 -0.039259 3.079809 
0.527 -0.06 -0.37 0.0046 0.0283 0.1298 -0.0023 -0.036642 3.079821 
0.528 -0.06 -0.37 0.0045 0.0283 0.1298 -0.0023 -0.036642 3.079833 
0.529 -0.06 -0.37 0.0045 0.0283 0.1298 -0.0023 -0.036642 3.079843 
0.530 -0.06 -0.37 0.0044 0.0283 0.1298 -0.0023 -0.036642 3.079849 
0.531 -0.06 -0.37 0.0044 0.0283 0.1298 -0.0023 -0.036642 3.079855 
0.532 -0.06 -0.37 0.0043 0.0283 0.1298 -0.0023 -0.036642 3.079861 
0.533 -0.06 -0.37 0.0043 0.0283 0.1298 -0.0023 -0.036642 3.079864 
0.534 -0.05 -0.37 0.0042 0.0283 0.1298 -0.0023 -0.036642 3.079870 
0.535 -0.05 -0.37 0.0042 0.0283 0.1298 -0.0023 -0.036642 3.079880 
0.536 -0.05 -0.37 0.0041 0.0283 0.1298 -0.0023 -0.036642 3.079885 
0.537 -0.05 -0.37 0.0041 0.0283 0.1298 -0.0023 -0.036642 3.079884 
0.538 -0.05 -0.37 0.0041 0.0283 0.1298 -0.0023 -0.036642 3.079885 
0.539 -0.05 0.42 0.0040 -0.0325 0.1296 -0.0023 -0.039259 3.079888 
0.540 -0.05 0.42 0.0040 -0.0325 0.1296 -0.0023 -0.039259 3.079890 
0.541 -0.05 0.42 0.0039 -0.0325 0.1296 -0.0023 -0.039259 3.079892 
0.542 -0.05 0.42 0.0039 -0.0325 0.1296 -0.0023 -0.039259 3.079897 
0.543 -0.05 0.42 0.0039 -0.0325 0.1296 -0.0023 -0.039259 3.079901 
0.544 -0.05 0.42 0.0038 -0.0325 0.1296 -0.0023 -0.039259 3.079903 
0.545 -0.05 0.42 0.0038 -0.0325 0.1296 -0.0023 -0.039259 3.079905 
0.546 -0.05 0.42 0.0038 -0.0325 0.1296 -0.0023 -0.039259 3.079909 
0.547 -0.05 0.42 0.0037 -0.0325 0.1296 -0.0023 -0.039259 3.079908 
0.548 -0.05 0.42 0.0037 -0.0325 0.1296 -0.0023 -0.039259 3.079903 
0.549 -0.05 0.42 0.0037 -0.0325 0.1296 -0.0023 -0.039259 3.079902 
0.550 -0.05 0.42 0.0036 -0.0325 0.1296 -0.0023 -0.039259 3.079906 
0.551 -0.05 0.42 0.0036 -0.0325 0.1296 -0.0023 -0.039259 3.079908 
0.552 -0.05 0.40 0.0036 -0.0309 0.1296 -0.0023 -0.039259 3.079912 
0.553 -0.04 0.37 0.0035 -0.0287 0.1296 -0.0023 -0.039259 3.079916 
0.554 -0.04 0.35 0.0035 -0.0268 0.1296 -0.0023 -0.039259 3.079919 
0.555 -0.04 -0.34 0.0035 0.0260 0.1298 -0.0023 -0.036642 3.079921 
0.556 -0.04 -0.34 0.0034 0.0260 0.1298 -0.0023 -0.036642 3.079925 
0.557 -0.04 -0.34 0.0034 0.0260 0.1298 -0.0023 -0.036642 3.079927 
0.558 -0.04 -0.34 0.0034 0.0260 0.1298 -0.0023 -0.036642 3.079928 
0.559 -0.04 -0.34 0.0033 0.0260 0.1298 -0.0023 -0.036642 3.079932 
0.560 -0.04 -0.34 0.0033 0.0260 0.1298 -0.0023 -0.036642 3.079936 
0.561 -0.04 -0.34 0.0033 0.0260 0.1298 -0.0023 -0.036642 3.079934 
0.562 -0.04 -0.34 0.0033 0.0260 0.1298 -0.0023 -0.036642 3.079932 
0.563 -0.04 -0.34 0.0032 0.0260 0.1298 -0.0023 -0.036642 3.079933 
0.564 -0.04 -0.34 0.0032 0.0260 0.1298 -0.0023 -0.036642 3.079933 
0.565 -0.04 -0.34 0.0032 0.0260 0.1298 -0.0023 -0.036642 3.079934 
0.566 -0.04 0.47 0.0032 -0.0358 0.1296 -0.0023 -0.039259 3.079937 
0.567 -0.04 0.47 0.0031 -0.0358 0.1296 -0.0023 -0.039259 3.079938 
0.568 -0.04 0.47 0.0031 -0.0358 0.1296 -0.0023 -0.039259 3.079940 
0.569 -0.04 0.47 0.0031 -0.0358 0.1296 -0.0023 -0.039259 3.079942 
0.570 -0.04 0.47 0.0031 -0.0358 0.1296 -0.0023 -0.039259 3.079942 
0.571 -0.04 0.47 0.0030 -0.0358 0.1296 -0.0023 -0.039259 3.079938 
0.572 -0.04 0.47 0.0030 -0.0358 0.1296 -0.0023 -0.039259 3.079934 
0.573 -0.04 0.47 0.0030 -0.0358 0.1296 -0.0023 -0.039259 3.079931 
0.574 -0.04 0.47 0.0030 -0.0358 0.1296 -0.0023 -0.039259 3.079929 
0.575 -0.04 0.47 0.0030 -0.0358 0.1296 -0.0023 -0.039259 3.079928 
0.576 -0.04 0.47 0.0029 -0.0358 0.1296 -0.0023 -0.039259 3.079931 
0.577 -0.04 0.47 0.0029 -0.0358 0.1296 -0.0023 -0.039259 3.079937 
0.578 -0.04 0.43 0.0029 -0.0333 0.1296 -0.0023 -0.039259 3.079940 
0.579 -0.04 0.40 0.0029 -0.0307 0.1296 -0.0023 -0.039259 3.079940 
0.580 -0.04 -0.39 0.0029 0.0298 0.1298 -0.0023 -0.036642 3.079942 
0.581 -0.04 -0.39 0.0028 0.0298 0.1298 -0.0023 -0.036642 3.079943 
0.582 -0.04 -0.39 0.0028 0.0298 0.1298 -0.0023 -0.036642 3.079947 
0.583 -0.04 -0.39 0.0028 0.0298 0.1298 -0.0023 -0.036642 3.079954 
0.584 -0.04 -0.39 0.0028 0.0298 0.1298 -0.0023 -0.036642 3.079962 
0.585 -0.04 -0.39 0.0028 0.0298 0.1298 -0.0023 -0.036642 3.079967 
0.586 -0.04 -0.39 0.0027 0.0298 0.1298 -0.0023 -0.036642 3.079968 
0.587 -0.04 -0.39 0.0027 0.0298 0.1298 -0.0023 -0.036642 3.079970 
0.588 -0.04 -0.39 0.0027 0.0298 0.1298 -0.0023 -0.036642 3.079973 
0.589 -0.03 -0.39 0.0027 0.0298 0.1298 -0.0023 -0.036642 3.079978 
0.590 -0.03 -0.39 0.0027 0.0298 0.1298 -0.0023 -0.036642 3.079983 
0.591 -0.03 -0.39 0.0026 0.0298 0.1298 -0.0023 -0.036642 3.079984 
0.592 -0.03 0.43 0.0026 -0.0333 0.1296 -0.0023 -0.039259 3.079984 
0.593 -0.03 0.43 0.0026 -0.0333 0.1296 -0.0023 -0.039259 3.079985 
0.594 -0.03 0.43 0.0026 -0.0333 0.1296 -0.0023 -0.039259 3.079985 
0.595 -0.03 0.43 0.0026 -0.0333 0.1296 -0.0023 -0.039259 3.079985 
0.596 -0.03 0.43 0.0026 -0.0333 0.1296 -0.0023 -0.039259 3.079986 
0.597 -0.03 0.43 0.0025 -0.0333 0.1296 -0.0023 -0.039259 3.079987 
0.598 -0.03 0.43 0.0025 -0.0333 0.1296 -0.0023 -0.039259 3.079992 
0.599 -0.03 0.43 0.0025 -0.0333 0.1296 -0.0023 -0.039259 3.079998 
0.600 -0.03 0.43 0.0025 -0.0333 0.1296 -0.0023 -0.039259 3.080003 
0.601 -0.03 0.43 0.0025 -0.0333 0.1296 -0.0023 -0.039259 3.080009 
0.602 -0.03 0.43 0.0025 -0.0333 0.1296 -0.0023 -0.039259 3.080015 
0.603 -0.03 0.43 0.0025 -0.0333 0.1296 -0.0023 -0.039259 3.080020 
0.604 -0.03 0.42 0.0024 -0.0327 0.1296 -0.0023 -0.039259 3.080024 
0.605 -0.03 0.39 0.0024 -0.0302 0.1296 -0.0023 -0.039259 3.080031 
0.606 -0.03 0.37 0.0024 -0.0282 0.1296 -0.0023 -0.039259 3.080034 
0.607 -0.03 -0.35 0.0024 0.0268 0.1298 -0.0023 -0.036642 3.080034 
0.608 -0.03 -0.35 0.0024 0.0268 0.1298 -0.0023 -0.036642 3.080032 
0.609 -0.03 -0.35 0.0024 0.0268 0.1298 -0.0023 -0.036642 3.080031 
0.610 -0.03 -0.35 0.0024 0.0268 0.1298 -0.0023 -0.036642 3.080034 
0.611 -0.03 -0.35 0.0023 0.0268 0.1298 -0.0023 -0.036642 3.080041 
0.612 -0.03 -0.35 0.0023 0.0268 0.1298 -0.0023 -0.036642 3.080051 
0.613 -0.03 -0.35 0.0023 0.0268 0.1298 -0.0023 -0.036642 3.080058 
0.614 -0.03 -0.35 0.0023 0.0268 0.1298 -0.0023 -0.036642 3.080062 
0.615 -0.03 -0.35 0.0023 0.0268 0.1298 -0.0023 -0.036642 3.080066 
0.616 -0.03 -0.35 0.0023 0.0268 0.1298 -0.0023 -0.036642 3.080071 
0.617 -0.03 -0.35 0.0023 0.0268 0.1298 -0.0023 -0.036642 3.080076 
0.618 -0.03 0.49 0.0023 -0.0379 0.1296 -0.0023 -0.039259 3.080079 
0.619 -0.03 0.49 0.0022 -0.0379 0.1296 -0.0023 -0.039259 3.080080 
0.620 -0.03 0.49 0.0022 -0.0379 0.1296 -0.0023 -0.039259 3.080084 
0.621 -0.03 0.49 0.0022 -0.0379 0.1296 -0.0023 -0.039259 3.080092 
0.622 -0.03 0.49 0.0022 -0.0379 0.1296 -0.0023 -0.039259 3.080100 
0.623 -0.03 0.49 0.0022 -0.0379 0.1296 -0.0023 -0.039259 3.080107 
0.624 -0.03 0.49 0.0022 -0.0379 0.1296 -0.0023 -0.039259 3.080110 
0.625 -0.03 0.49 0.0022 -0.0379 0.1296 -0.0023 -0.039259 3.080110 
0.626 -0.03 0.49 0.0022 -0.0379 0.1296 -0.0023 -0.039259 3.080113 
0.627 -0.03 0.49 0.0021 -0.0379 0.1296 -0.0023 -0.039259 3.080121 
0.628 -0.03 0.49 0.0021 -0.0379 0.1296 -0.0023 -0.039259 3.080127 
0.629 -0.03 0.46 0.0021 -0.0351 0.1296 -0.0023 -0.039259 3.080134 
0.630 -0.03 0.42 0.0021 -0.0323 0.1296 -0.0023 -0.039259 3.080137 
0.631 -0.03 0.39 0.0021 -0.0299 0.1296 -0.0023 -0.039259 3.080138 
0.632 -0.03 -0.38 0.0021 0.0288 0.1298 -0.0023 -0.036642 3.080137 
0.633 -0.03 -0.38 0.0021 0.0288 0.1298 -0.0023 -0.036642 3.080138 
0.634 -0.03 -0.38 0.0021 0.0288 0.1298 -0.0023 -0.036642 3.080141 
0.635 -0.03 -0.38 0.0021 0.0288 0.1298 -0.0023 -0.036642 3.080145 
0.636 -0.03 -0.38 0.0020 0.0288 0.1298 -0.0023 -0.036642 3.080149 
0.637 -0.03 -0.38 0.0020 0.0288 0.1298 -0.0023 -0.036642 3.080154 
0.638 -0.03 -0.38 0.0020 0.0288 0.1298 -0.0023 -0.036642 3.080158 
0.639 -0.03 -0.38 0.0020 0.0288 0.1298 -0.0023 -0.036642 3.080164 
0.640 -0.03 -0.38 0.0020 0.0288 0.1298 -0.0023 -0.036642 3.080167 
0.641 -0.03 -0.38 0.0020 0.0288 0.1298 -0.0023 -0.036642 3.080167 
0.642 -0.03 -0.38 0.0020 0.0288 0.1298 -0.0023 -0.036642 3.080167 
0.643 -0.03 -0.38 0.0020 0.0288 0.1298 -0.0023 -0.036642 3.080166 
0.644 -0.03 -0.38 0.0020 0.0288 0.1298 -0.0023 -0.036642 3.080167 
0.645 -0.03 0.41 0.0020 -0.0318 0.1296 -0.0023 -0.039259 3.080169 
0.646 -0.03 0.41 0.0019 -0.0318 0.1296 -0.0023 -0.039259 3.080173 
0.647 -0.03 0.41 0.0019 -0.0318 0.1296 -0.0023 -0.039259 3.080175 
0.648 -0.03 0.41 0.0019 -0.0318 0.1296 -0.0023 -0.039259 3.080178 
0.649 -0.02 0.41 0.0019 -0.0318 0.1296 -0.0023 -0.039259 3.080177 
0.650 -0.02 0.41 0.0019 -0.0318 0.1296 -0.0023 -0.039259 3.080172 
0.651 -0.02 0.41 0.0019 -0.0318 0.1296 -0.0023 -0.039259 3.080167 
0.652 -0.02 0.41 0.0019 -0.0318 0.1296 -0.0023 -0.039259 3.080164 
0.653 -0.02 0.41 0.0019 -0.0318 0.1296 -0.0023 -0.039259 3.080161 
0.654 -0.02 0.41 0.0019 -0.0318 0.1296 -0.0023 -0.039259 3.080159 
0.655 -0.02 0.41 0.0019 -0.0318 0.1296 -0.0023 -0.039259 3.080158 
0.656 -0.02 0.41 0.0019 -0.0318 0.1296 -0.0023 -0.039259 3.080156 
0.657 -0.02 0.41 0.0019 -0.0318 0.1296 -0.0023 -0.039259 3.080149 
0.658 -0.02 0.38 0.0018 -0.0295 0.1296 -0.0023 -0.039259 3.080144 
0.659 -0.02 0.36 0.0018 -0.0275 0.1296 -0.0023 -0.039259 3.080144 
0.660 -0.02 0.34 0.0018 -0.0258 0.1296 -0.0023 -0.039259 3.080148 
0.661 -0.02 0.32 0.0018 -0.0242 0.1296 -0.0023 -0.039259 3.080151 
0.662 -0.02 0.30 0.0018 -0.0229 0.1296 -0.0023 -0.039259 3.080150 
0.663 -0.02 0.28 0.0018 -0.0217 0.1296 -0.0023 -0.039259 3.080149 
0.664 -0.02 0.27 0.0018 -0.0206 0.1296 -0.0023 -0.039259 3.080147 
0.665 -0.02 -0.26 0.0018 0.0200 0.1298 -0.0023 -0.036642 3.080143 
0.666 -0.02 -0.26 0.0018 0.0200 0.1298 -0.0023 -0.036642 3.080138 
0.667 -0.02 -0.26 0.0018 0.0200 0.1298 -0.0023 -0.036642 3.080131 
0.668 -0.02 -0.26 0.0018 0.0200 0.1298 -0.0023 -0.036642 3.080126 
0.669 -0.02 -0.26 0.0018 0.0200 0.1298 -0.0023 -0.036642 3.080125 
0.670 -0.02 -0.26 0.0017 0.0200 0.1298 -0.0023 -0.036642 3.080124 
0.671 -0.02 -0.26 0.0017 0.0200 0.1298 -0.0023 -0.036642 3.080121 
0.672 -0.02 -0.26 0.0017 0.0200 0.1298 -0.0023 -0.036642 3.080117 
0.673 -0.02 -0.26 0.0017 0.0200 0.1298 -0.0023 -0.036642 3.080116 
0.674 -0.02 -0.26 0.0017 0.0200 0.1298 -0.0023 -0.036642 3.080115 
0.675 -0.02 -0.26 0.0017 0.0200 0.1298 -0.0023 -0.036642 3.080116 
0.676 -0.02 0.49 0.0017 -0.0377 0.1296 -0.0023 -0.039259 3.080117 
0.677 -0.02 0.49 0.0017 -0.0377 0.1296 -0.0023 -0.039259 3.080114 
0.678 -0.02 0.49 0.0017 -0.0377 0.1296 -0.0023 -0.039259 3.080110 
0.679 -0.02 0.49 0.0017 -0.0377 0.1296 -0.0023 -0.039259 3.080110 
0.680 -0.02 0.49 0.0017 -0.0377 0.1296 -0.0023 -0.039259 3.080112 
0.681 -0.02 0.49 0.0017 -0.0377 0.1296 -0.0023 -0.039259 3.080114 
0.682 -0.02 0.49 0.0017 -0.0377 0.1296 -0.0023 -0.039259 3.080113 
0.683 -0.02 0.49 0.0017 -0.0377 0.1296 -0.0023 -0.039259 3.080112 
0.684 -0.02 0.49 0.0016 -0.0377 0.1296 -0.0023 -0.039259 3.080113 
0.685 -0.02 0.49 0.0016 -0.0377 0.1296 -0.0023 -0.039259 3.080116 
0.686 -0.02 0.49 0.0016 -0.0377 0.1296 -0.0023 -0.039259 3.080117 
0.687 -0.02 0.45 0.0016 -0.0346 0.1296 -0.0023 -0.039259 3.080114 
0.688 -0.02 -0.45 0.0016 0.0346 0.1298 -0.0023 -0.036642 3.080113 
0.689 -0.02 -0.45 0.0016 0.0346 0.1298 -0.0023 -0.036642 3.080113 
0.690 -0.02 -0.45 0.0016 0.0346 0.1298 -0.0023 -0.036642 3.080112 
0.691 -0.02 -0.45 0.0016 0.0346 0.1298 -0.0023 -0.036642 3.080111 
0.692 -0.02 -0.45 0.0016 0.0346 0.1298 -0.0023 -0.036642 3.080108 
0.693 -0.02 -0.45 0.0016 0.0346 0.1298 -0.0023 -0.036642 3.080107 
0.694 -0.02 -0.45 0.0016 0.0346 0.1298 -0.0023 -0.036642 3.080110 
0.695 -0.02 -0.45 0.0016 0.0346 0.1298 -0.0023 -0.036642 3.080115 
0.696 -0.02 -0.45 0.0016 0.0346 0.1298 -0.0023 -0.036642 3.080118 
0.697 -0.02 -0.45 0.0016 0.0346 0.1298 -0.0023 -0.036642 3.080119 
0.698 -0.02 -0.45 0.0016 0.0346 0.1298 -0.0023 -0.036642 3.080120 
0.699 -0.02 -0.44 0.0016 0.0339 0.1298 -0.0023 -0.036642 3.080121 
0.700 -0.02 0.42 0.0015 -0.0327 0.1296 -0.0023 -0.039259 3.080120 
0.701 -0.02 0.42 0.0015 -0.0327 0.1296 -0.0023 -0.039259 3.080121 
0.702 -0.02 0.42 0.0015 -0.0327 0.1296 -0.0023 -0.039259 3.080122 
0.703 -0.02 0.42 0.0015 -0.0327 0.1296 -0.0023 -0.039259 3.080120 
0.704 -0.02 0.42 0.0015 -0.0327 0.1296 -0.0023 -0.039259 3.080117 
0.705 -0.02 0.42 0.0015 -0.0327 0.1296 -0.0023 -0.039259 3.080117 
0.706 -0.02 0.42 0.0015 -0.0327 0.1296 -0.0023 -0.039259 3.080117 
0.707 -0.02 0.42 0.0015 -0.0327 0.1296 -0.0023 -0.039259 3.080116 
0.708 -0.02 0.42 0.0015 -0.0327 0.1296 -0.0023 -0.039259 3.080120 
0.709 -0.02 0.42 0.0015 -0.0327 0.1296 -0.0023 -0.039259 3.080124 
0.710 -0.02 0.42 0.0015 -0.0327 0.1296 -0.0023 -0.039259 3.080128 
0.711 -0.02 0.42 0.0015 -0.0327 0.1296 -0.0023 -0.039259 3.080135 
0.712 -0.02 0.42 0.0015 -0.0323 0.1296 -0.0023 -0.039259 3.080137 
0.713 -0.02 0.39 0.0015 -0.0300 0.1296 -0.0023 -0.039259 3.080137 
0.714 -0.02 0.36 0.0015 -0.0279 0.1296 -0.0023 -0.039259 3.080144 
0.715 -0.02 0.34 0.0015 -0.0261 0.1296 -0.0023 -0.039259 3.080147 
0.716 -0.02 0.32 0.0015 -0.0245 0.1296 -0.0023 -0.039259 3.080147 
0.717 -0.02 0.30 0.0015 -0.0231 0.1296 -0.0023 -0.039259 3.080151 
0.718 -0.02 -0.29 0.0014 0.0221 0.1298 -0.0023 -0.036642 3.080159 
0.719 -0.02 -0.29 0.0014 0.0221 0.1298 -0.0023 -0.036642 3.080170 
0.720 -0.02 -0.29 0.0014 0.0221 0.1298 -0.0023 -0.036642 3.080176 
0.721 -0.02 -0.29 0.0014 0.0221 0.1298 -0.0023 -0.036642 3.080177 
0.722 -0.02 -0.29 0.0014 0.0221 0.1298 -0.0023 -0.036642 3.080176 
0.723 -0.02 -0.29 0.0014 0.0221 0.1298 -0.0023 -0.036642 3.080180 
0.724 -0.02 -0.29 0.0014 0.0221 0.1298 -0.0023 -0.036642 3.080189 
0.725 -0.02 -0.29 0.0014 0.0221 0.1298 -0.0023 -0.036642 3.080194 
0.726 -0.02 -0.29 0.0014 0.0221 0.1298 -0.0023 -0.036642 3.080193 
0.727 -0.02 -0.29 0.0014 0.0221 0.1298 -0.0023 -0.036642 3.080190 
0.728 -0.02 -0.29 0.0014 0.0221 0.1298 -0.0023 -0.036642 3.080190 
0.729 -0.02 0.50 0.0014 -0.0387 0.1296 -0.0023 -0.039259 3.080195 
0.730 -0.02 0.50 0.0014 -0.0387 0.1296 -0.0023 -0.039259 3.080197 
0.731 -0.02 0.50 0.0014 -0.0387 0.1296 -0.0023 -0.039259 3.080199 
0.732 -0.02 0.50 0.0014 -0.0387 0.1296 -0.0023 -0.039259 3.080203 
0.733 -0.02 0.50 0.0014 -0.0387 0.1296 -0.0023 -0.039259 3.080208 
0.734 -0.02 0.50 0.0014 -0.0387 0.1296 -0.0023 -0.039259 3.080214 
0.735 -0.02 0.50 0.0014 -0.0387 0.1296 -0.0023 -0.039259 3.080219 
0.736 -0.02 0.50 0.0014 -0.0387 0.1296 -0.0023 -0.039259 3.080223 
0.737 -0.02 0.50 0.0014 -0.0387 0.1296 -0.0023 -0.039259 3.080226 
0.738 -0.02 0.50 0.0014 -0.0387 0.1296 -0.0023 -0.039259 3.080229 
0.739 -0.02 0.49 0.0013 -0.0379 0.1296 -0.0023 -0.039259 3.080232 
0.740 -0.02 0.45 0.0013 -0.0346 0.1296 -0.0023 -0.039259 3.080237 
0.741 -0.02 0.41 0.0013 -0.0319 0.1296 -0.0023 -0.039259 3.080242 
0.742 -0.02 -0.41 0.0013 0.0316 0.1298 -0.0023 -0.036642 3.080247 
0.743 -0.02 -0.41 0.0013 0.0316 0.1298 -0.0023 -0.036642 3.080250 
0.744 -0.02 -0.41 0.0013 0.0316 0.1298 -0.0023 -0.036642 3.080252 
0.745 -0.02 -0.41 0.0013 0.0316 0.1298 -0.0023 -0.036642 3.080256 
0.746 -0.02 -0.41 0.0013 0.0316 0.1298 -0.0023 -0.036642 3.080261 
0.747 -0.02 -0.41 0.0013 0.0316 0.1298 -0.0023 -0.036642 3.080266 
0.748 -0.02 -0.41 0.0013 0.0316 0.1298 -0.0023 -0.036642 3.080267 
0.749 -0.02 -0.41 0.0013 0.0316 0.1298 -0.0023 -0.036642 3.080266 
0.750 -0.02 -0.41 0.0013 0.0316 0.1298 -0.0023 -0.036642 3.080266 
0.751 -0.02 -0.41 0.0013 0.0316 0.1298 -0.0023 -0.036642 3.080268 
0.752 -0.02 -0.41 0.0013 0.0316 0.1298 -0.0023 -0.036642 3.080272 
0.753 -0.02 0.46 0.0013 -0.0351 0.1296 -0.0023 -0.039259 3.080278 
0.754 -0.02 0.46 0.0013 -0.0351 0.1296 -0.0023 -0.039259 3.080281 
0.755 -0.02 0.46 0.0013 -0.0351 0.1296 -0.0023 -0.039259 3.080284 
0.756 -0.02 0.46 0.0013 -0.0351 0.1296 -0.0023 -0.039259 3.080288 
0.757 -0.02 0.46 0.0013 -0.0351 0.1296 -0.0023 -0.039259 3.080290 
0.758 -0.02 0.46 0.0013 -0.0351 0.1296 -0.0023 -0.039259 3.080287 
0.759 -0.02 0.46 0.0013 -0.0351 0.1296 -0.0023 -0.039259 3.080283 
0.760 -0.02 0.46 0.0013 -0.0351 0.1296 -0.0023 -0.039259 3.080283 
0.761 -0.02 0.46 0.0013 -0.0351 0.1296 -0.0023 -0.039259 3.080284 
0.762 -0.02 0.46 0.0013 -0.0351 0.1296 -0.0023 -0.039259 3.080285 
0.763 -0.02 0.46 0.0012 -0.0351 0.1296 -0.0023 -0.039259 3.080288 
0.764 -0.02 0.46 0.0012 -0.0351 0.1296 -0.0023 -0.039259 3.080291 
0.765 -0.02 0.43 0.0012 -0.0330 0.1296 -0.0023 -0.039259 3.080293 
0.766 -0.02 0.40 0.0012 -0.0305 0.1296 -0.0023 -0.039259 3.080293 
0.767 -0.02 0.37 0.0012 -0.0284 0.1296 -0.0023 -0.039259 3.080294 
0.768 -0.01 0.34 0.0012 -0.0265 0.1296 -0.0023 -0.039259 3.080297 
0.769 -0.01 0.32 0.0012 -0.0249 0.1296 -0.0023 -0.039259 3.080298 
0.770 -0.01 -0.32 0.0012 0.0244 0.1298 -0.0023 -0.036642 3.080295 
0.771 -0.01 -0.32 0.0012 0.0244 0.1298 -0.0023 -0.036642 3.080292 
0.772 -0.01 -0.32 0.0012 0.0244 0.1298 -0.0023 -0.036642 3.080289 
0.773 -0.01 -0.32 0.0012 0.0244 0.1298 -0.0023 -0.036642 3.080287 
0.774 -0.01 -0.32 0.0012 0.0244 0.1298 -0.0023 -0.036642 3.080287 
0.775 -0.01 -0.32 0.0012 0.0244 0.1298 -0.0023 -0.036642 3.080288 
0.776 -0.01 -0.32 0.0012 0.0244 0.1298 -0.0023 -0.036642 3.080289 
0.777 -0.01 -0.32 0.0012 0.0244 0.1298 -0.0023 -0.036642 3.080287 
0.778 -0.01 -0.32 0.0012 0.0244 0.1298 -0.0023 -0.036642 3.080285 
0.779 -0.01 -0.32 0.0012 0.0244 0.1298 -0.0023 -0.036642 3.080283 
0.780 -0.01 -0.32 0.0012 0.0244 0.1298 -0.0023 -0.036642 3.080283 
0.781 -0.01 -0.32 0.0012 0.0244 0.1298 -0.0023 -0.036642 3.080282 
0.782 -0.01 0.44 0.0012 -0.0338 0.1296 -0.0023 -0.039259 3.080280 
0.783 -0.01 0.44 0.0012 -0.0338 0.1296 -0.0023 -0.039259 3.080280 
0.784 -0.01 0.44 0.0012 -0.0338 0.1296 -0.0023 -0.039259 3.080282 
0.785 -0.01 0.44 0.0012 -0.0338 0.1296 -0.0023 -0.039259 3.080282 
0.786 -0.01 0.44 0.0012 -0.0338 0.1296 -0.0023 -0.039259 3.080278 
0.787 -0.01 0.44 0.0012 -0.0338 0.1296 -0.0023 -0.039259 3.080272 
0.788 -0.01 0.44 0.0012 -0.0338 0.1296 -0.0023 -0.039259 3.080270 
0.789 -0.01 0.44 0.0012 -0.0338 0.1296 -0.0023 -0.039259 3.080275 
0.790 -0.01 0.44 0.0012 -0.0338 0.1296 -0.0023 -0.039259 3.080279 
0.791 -0.01 0.44 0.0011 -0.0338 0.1296 -0.0023 -0.039259 3.080276 
0.792 -0.01 0.44 0.0011 -0.0338 0.1296 -0.0023 -0.039259 3.080270 
0.793 -0.01 0.44 0.0011 -0.0338 0.1296 -0.0023 -0.039259 3.080269 
0.794 -0.01 0.42 0.0011 -0.0321 0.1296 -0.0023 -0.039259 3.080265 
0.795 -0.01 -0.40 0.0011 0.0311 0.1298 -0.0023 -0.036642 3.080254 
0.796 -0.01 -0.40 0.0011 0.0311 0.1298 -0.0023 -0.036642 3.080246 
0.797 -0.01 -0.40 0.0011 0.0311 0.1298 -0.0023 -0.036642 3.080242 
0.798 -0.01 -0.40 0.0011 0.0311 0.1298 -0.0023 -0.036642 3.080242 
0.799 -0.01 -0.40 0.0011 0.0311 0.1298 -0.0023 -0.036642 3.080244 
0.800 -0.01 -0.40 0.0011 0.0311 0.1298 -0.0023 -0.036642 3.080244 
0.801 -0.01 -0.40 0.0011 0.0311 0.1298 -0.0023 -0.036642 3.080244 
0.802 -0.01 -0.40 0.0011 0.0311 0.1298 -0.0023 -0.036642 3.080242 
0.803 -0.01 -0.40 0.0011 0.0311 0.1298 -0.0023 -0.036642 3.080242 
0.804 -0.01 -0.40 0.0011 0.0311 0.1298 -0.0023 -0.036642 3.080241 
