%% logfile from robot Freja (4)
% Freja (4)
%  1    time 0.000 sec
%  2  3 Motor voltage [V] left, right: 6.00 6.00
%  4  5 Wheel velocity [m/s] left, right: 0.0000 -0.0000
%  6  7  8  9 Pose x,y,h,tilt [m,m,rad,rad]: 0 0 0 3.07789
0.000 6.00 6.00 0.0000 -0.0000 0.0000 0.0000 0.000000 3.077889 
0.001 6.00 6.00 0.0000 -0.0000 0.0000 0.0000 0.000000 3.077884 
0.002 6.00 6.00 0.0000 -0.0000 0.0000 0.0000 0.000000 3.077875 
0.003 6.00 6.00 0.0000 -0.0000 0.0000 0.0000 0.000000 3.077868 
0.004 6.00 6.00 0.0000 -0.0000 0.0000 0.0000 0.000000 3.077862 
0.005 6.00 6.00 0.0000 -0.0000 0.0000 0.0000 0.000000 3.077856 
0.006 6.00 6.00 0.0000 0.0000 0.0004 0.0000 0.000000 3.077854 
0.007 6.00 6.00 0.0000 0.0000 0.0006 0.0000 0.002617 3.077856 
0.008 1.64 6.00 0.2179 0.0000 0.0008 0.0000 0.000000 3.077858 
0.009 -0.08 -0.03 0.3039 0.3016 0.0012 0.0000 0.000000 3.077857 
0.010 -0.98 -0.54 0.3490 0.3271 0.0016 0.0000 0.000000 3.077849 
0.011 -0.92 -1.73 0.3460 0.3863 0.0020 0.0000 0.000000 3.077863 
0.012 -0.64 -1.41 0.3322 0.3706 0.0024 0.0000 0.000000 3.077949 
0.013 -0.64 -1.09 0.3322 0.3546 0.0026 0.0000 0.002617 3.078012 
0.014 -0.55 -0.74 0.3273 0.3373 0.0030 0.0000 0.002617 3.077929 
0.015 -0.10 -0.71 0.3051 0.3354 0.0032 0.0000 0.000000 3.077810 
0.016 0.09 -0.44 0.2955 0.3218 0.0037 0.0000 0.000000 3.077742 
0.017 0.09 0.30 0.2955 0.2850 0.0039 0.0000 0.002617 3.077726 
0.018 0.10 0.30 0.2950 0.2850 0.0041 0.0000 0.000000 3.077771 
0.019 0.59 0.73 0.2704 0.2635 0.0045 0.0000 0.000000 3.077830 
0.020 0.59 0.98 0.2704 0.2510 0.0047 0.0000 0.002617 3.077853 
0.021 0.45 0.98 0.2776 0.2510 0.0049 0.0000 0.000000 3.077820 
0.022 1.06 0.85 0.2471 0.2576 0.0053 0.0000 0.000000 3.077780 
0.023 1.06 0.85 0.2471 0.2575 0.0053 0.0000 0.000000 3.077756 
0.024 1.18 1.05 0.2411 0.2476 0.0057 0.0000 0.000000 3.077723 
0.025 1.18 1.01 0.2411 0.2496 0.0059 0.0000 0.002617 3.077740 
0.026 1.31 1.01 0.2346 0.2496 0.0061 0.0000 0.000000 3.077789 
0.027 1.31 1.16 0.2346 0.2422 0.0063 0.0000 0.002617 3.077800 
0.028 1.64 0.79 0.2182 0.2604 0.0067 0.0000 0.002617 3.077801 
0.029 1.15 0.79 0.2427 0.2604 0.0069 0.0000 0.000000 3.077823 
0.030 1.15 1.17 0.2427 0.2417 0.0071 0.0000 0.002617 3.077854 
0.031 0.76 1.17 0.2621 0.2417 0.0073 0.0000 0.000000 3.077866 
0.032 0.92 1.13 0.2541 0.2434 0.0075 0.0000 0.002617 3.077851 
0.033 1.05 1.26 0.2476 0.2367 0.0079 0.0000 0.002617 3.077811 
0.034 1.25 1.26 0.2373 0.2367 0.0081 0.0000 0.000000 3.077784 
0.035 1.25 1.16 0.2373 0.2420 0.0083 0.0000 0.002617 3.077780 
0.036 1.06 1.16 0.2470 0.2420 0.0085 0.0000 0.000000 3.077792 
0.037 0.73 1.18 0.2635 0.2411 0.0089 0.0000 0.000000 3.077809 
0.038 0.73 0.77 0.2635 0.2614 0.0091 0.0000 0.002617 3.077806 
0.039 0.99 0.77 0.2504 0.2614 0.0093 0.0000 0.000000 3.077789 
0.040 0.99 1.37 0.2504 0.2316 0.0095 0.0000 0.002617 3.077777 
0.041 0.96 1.37 0.2521 0.2316 0.0097 0.0000 0.000000 3.077779 
0.042 0.91 1.54 0.2545 0.2231 0.0101 0.0000 0.000000 3.077780 
0.043 0.91 1.54 0.2545 0.2231 0.0101 0.0000 0.000000 3.077778 
0.044 1.09 1.46 0.2453 0.2270 0.0105 0.0000 0.000000 3.077786 
0.045 1.09 1.10 0.2453 0.2447 0.0108 0.0000 0.002617 3.077796 
0.046 1.06 1.10 0.2468 0.2447 0.0110 0.0000 0.000000 3.077801 
0.047 0.85 1.39 0.2575 0.2303 0.0114 0.0000 0.000000 3.077804 
0.048 0.85 1.39 0.2575 0.2303 0.0114 0.0000 0.000000 3.077800 
0.049 1.08 1.49 0.2459 0.2255 0.0118 0.0000 0.000000 3.077785 
0.050 1.15 1.49 0.2427 0.2255 0.0120 0.0000 -0.002617 3.077772 
0.051 1.15 1.26 0.2427 0.2369 0.0122 0.0000 0.000000 3.077771 
0.052 1.09 1.07 0.2455 0.2466 0.0126 0.0000 0.000000 3.077774 
0.053 1.09 1.07 0.2455 0.2466 0.0126 0.0000 0.000000 3.077778 
0.054 0.95 1.18 0.2527 0.2412 0.0130 0.0000 0.000000 3.077779 
0.055 0.95 1.18 0.2527 0.2412 0.0132 0.0000 -0.002617 3.077765 
0.056 0.95 0.80 0.2527 0.2602 0.0134 0.0000 0.000000 3.077741 
0.057 1.01 1.23 0.2493 0.2384 0.0138 0.0000 0.000000 3.077724 
0.058 1.01 1.23 0.2493 0.2384 0.0138 0.0000 0.000000 3.077723 
0.059 1.06 1.02 0.2471 0.2492 0.0142 0.0000 0.000000 3.077731 
0.060 1.15 1.02 0.2427 0.2492 0.0144 0.0000 -0.002617 3.077743 
0.061 1.15 1.41 0.2427 0.2293 0.0146 0.0000 0.000000 3.077755 
0.062 1.13 1.40 0.2437 0.2300 0.0150 0.0000 0.000000 3.077765 
0.063 1.13 1.40 0.2437 0.2300 0.0150 0.0000 0.000000 3.077774 
0.064 1.28 1.38 0.2360 0.2309 0.0154 0.0000 0.000000 3.077777 
0.065 1.07 1.38 0.2465 0.2309 0.0156 0.0000 -0.002617 3.077776 
0.066 1.07 1.36 0.2465 0.2319 0.0158 0.0000 0.000000 3.077782 
0.067 0.84 1.36 0.2578 0.2319 0.0160 0.0000 -0.002617 3.077793 
0.068 0.90 1.40 0.2549 0.2301 0.0164 0.0000 -0.002617 3.077808 
0.069 0.90 1.09 0.2549 0.2456 0.0166 0.0000 0.000000 3.077821 
0.070 0.97 1.09 0.2514 0.2456 0.0168 0.0000 -0.002617 3.077821 
0.071 0.97 1.31 0.2514 0.2345 0.0170 0.0000 0.000000 3.077808 
0.072 1.06 1.31 0.2471 0.2345 0.0172 0.0000 -0.002617 3.077798 
0.073 0.93 1.43 0.2537 0.2283 0.0176 0.0000 -0.002617 3.077794 
0.074 0.93 1.43 0.2537 0.2283 0.0176 0.0000 -0.002617 3.077792 
0.075 1.10 1.38 0.2451 0.2308 0.0181 0.0000 -0.002617 3.077790 
0.076 1.10 1.21 0.2451 0.2394 0.0183 0.0000 0.000000 3.077791 
0.077 1.15 1.21 0.2426 0.2394 0.0185 0.0000 -0.002617 3.077794 
0.078 1.09 1.25 0.2456 0.2376 0.0189 0.0000 -0.002617 3.077794 
0.079 1.09 1.25 0.2456 0.2376 0.0189 0.0000 -0.002617 3.077789 
0.080 0.99 1.20 0.2505 0.2401 0.0193 0.0000 -0.002617 3.077785 
0.081 0.99 1.39 0.2505 0.2306 0.0195 0.0000 0.000000 3.077786 
0.082 1.00 1.39 0.2501 0.2306 0.0197 -0.0000 -0.002617 3.077790 
0.083 1.23 1.21 0.2383 0.2397 0.0201 -0.0000 -0.002617 3.077796 
0.084 1.23 1.21 0.2383 0.2397 0.0201 -0.0000 -0.002617 3.077804 
0.085 1.09 1.46 0.2454 0.2268 0.0205 -0.0000 -0.002617 3.077811 
0.086 0.82 1.46 0.2588 0.2268 0.0207 -0.0000 -0.005235 3.077813 
0.087 0.82 1.45 0.2588 0.2273 0.0209 -0.0000 -0.002617 3.077816 
0.088 1.02 1.45 0.2489 0.2273 0.0211 -0.0000 -0.005235 3.077824 
0.089 1.02 1.49 0.2489 0.2254 0.0213 -0.0000 -0.002617 3.077830 
0.090 1.20 1.03 0.2399 0.2484 0.0217 -0.0000 -0.002617 3.077834 
0.091 1.05 1.03 0.2477 0.2484 0.0219 -0.0000 -0.005235 3.077837 
0.092 1.05 1.19 0.2477 0.2405 0.0221 -0.0000 -0.002617 3.077838 
0.093 1.03 1.19 0.2482 0.2405 0.0223 -0.0000 -0.005235 3.077836 
0.094 1.03 1.21 0.2482 0.2393 0.0225 -0.0000 -0.002617 3.077836 
0.095 0.86 1.18 0.2570 0.2412 0.0229 -0.0000 -0.002617 3.077840 
0.096 0.61 1.18 0.2696 0.2412 0.0231 -0.0000 -0.005235 3.077846 
0.097 0.61 1.01 0.2696 0.2496 0.0233 -0.0000 -0.002617 3.077850 
0.098 0.98 1.07 0.2511 0.2463 0.0235 -0.0000 -0.005235 3.077857 
0.099 0.72 1.14 0.2639 0.2429 0.0239 -0.0000 -0.005235 3.077869 
0.100 0.72 1.12 0.2639 0.2440 0.0241 -0.0000 -0.002617 3.077881 
0.101 1.14 1.12 0.2428 0.2440 0.0243 -0.0000 -0.005235 3.077893 
0.102 1.14 1.23 0.2428 0.2383 0.0245 -0.0000 -0.002617 3.077903 
0.103 1.17 1.23 0.2416 0.2383 0.0249 -0.0000 -0.002617 3.077910 
0.104 1.24 1.00 0.2380 0.2502 0.0252 -0.0000 -0.005235 3.077917 
0.105 1.24 1.16 0.2380 0.2422 0.0254 -0.0000 -0.002617 3.077925 
0.106 1.56 1.16 0.2219 0.2422 0.0256 -0.0000 -0.005235 3.077933 
0.107 1.56 1.09 0.2219 0.2452 0.0258 -0.0000 -0.002617 3.077936 
0.108 1.07 1.12 0.2465 0.2439 0.0260 -0.0000 -0.005235 3.077936 
0.109 0.67 1.21 0.2664 0.2394 0.0264 -0.0000 -0.005235 3.077936 
0.110 0.67 0.82 0.2664 0.2591 0.0266 -0.0000 -0.002617 3.077939 
0.111 0.96 0.82 0.2518 0.2591 0.0268 -0.0000 -0.005235 3.077943 
0.112 0.96 1.16 0.2518 0.2418 0.0270 -0.0000 -0.002617 3.077950 
0.113 1.19 1.13 0.2404 0.2434 0.0274 -0.0000 -0.002617 3.077953 
0.114 1.05 1.13 0.2473 0.2434 0.0276 -0.0000 -0.005235 3.077953 
0.115 1.05 1.24 0.2473 0.2378 0.0278 -0.0000 -0.002617 3.077955 
0.116 0.77 1.24 0.2616 0.2378 0.0280 -0.0000 -0.005235 3.077959 
0.117 1.03 1.14 0.2484 0.2432 0.0284 -0.0000 -0.005235 3.077964 
0.118 1.03 1.16 0.2484 0.2421 0.0286 -0.0000 -0.002617 3.077968 
0.119 0.97 1.16 0.2517 0.2421 0.0288 -0.0000 -0.005235 3.077973 
0.120 0.97 0.74 0.2517 0.2627 0.0290 -0.0000 -0.002617 3.077983 
0.121 0.93 0.74 0.2534 0.2627 0.0292 -0.0000 -0.005235 3.077992 
0.122 1.08 1.32 0.2461 0.2341 0.0296 -0.0000 -0.005235 3.078001 
0.123 1.08 1.32 0.2461 0.2341 0.0296 -0.0000 -0.005235 3.078009 
0.124 1.04 1.49 0.2477 0.2255 0.0300 -0.0000 -0.005235 3.078015 
0.125 1.04 1.41 0.2477 0.2293 0.0304 -0.0000 -0.005235 3.078022 
0.126 0.82 1.41 0.2589 0.2293 0.0304 -0.0000 -0.005235 3.078024 
0.127 1.04 1.05 0.2481 0.2473 0.0308 -0.0000 -0.005235 3.078024 
0.128 1.04 1.05 0.2481 0.2473 0.0308 -0.0000 -0.005235 3.078030 
0.129 1.09 1.34 0.2456 0.2327 0.0312 -0.0000 -0.005235 3.078038 
0.130 1.03 1.43 0.2485 0.2286 0.0316 -0.0000 -0.005235 3.078046 
0.131 1.03 1.43 0.2485 0.2285 0.0316 -0.0000 -0.005235 3.078049 
0.132 0.89 1.23 0.2557 0.2385 0.0320 -0.0001 -0.005235 3.078050 
0.133 0.89 1.23 0.2557 0.2385 0.0320 -0.0001 -0.005235 3.078055 
0.134 0.91 1.05 0.2546 0.2476 0.0325 -0.0001 -0.005235 3.078059 
0.135 0.98 1.12 0.2508 0.2439 0.0327 -0.0001 -0.007852 3.078063 
0.136 0.98 1.17 0.2508 0.2415 0.0329 -0.0001 -0.005235 3.078073 
0.137 1.04 0.76 0.2478 0.2622 0.0333 -0.0001 -0.005235 3.078084 
0.138 1.04 0.76 0.2478 0.2622 0.0333 -0.0001 -0.005235 3.078091 
0.139 1.14 1.17 0.2432 0.2415 0.0337 -0.0001 -0.005235 3.078091 
0.140 1.06 0.95 0.2470 0.2522 0.0341 -0.0001 -0.005235 3.078092 
0.141 1.06 0.95 0.2470 0.2522 0.0341 -0.0001 -0.005235 3.078098 
0.142 1.19 1.35 0.2404 0.2326 0.0345 -0.0001 -0.005235 3.078102 
0.143 1.00 1.35 0.2499 0.2326 0.0347 -0.0001 -0.007852 3.078105 
0.144 1.00 1.33 0.2499 0.2333 0.0349 -0.0001 -0.005235 3.078106 
0.145 0.79 1.33 0.2607 0.2333 0.0351 -0.0001 -0.007852 3.078107 
0.146 0.79 1.30 0.2607 0.2350 0.0353 -0.0001 -0.005235 3.078106 
0.147 0.86 1.29 0.2571 0.2355 0.0357 -0.0001 -0.005235 3.078103 
0.148 0.94 1.29 0.2528 0.2355 0.0359 -0.0001 -0.007852 3.078103 
0.149 0.94 1.33 0.2528 0.2336 0.0361 -0.0001 -0.005235 3.078106 
0.150 1.05 1.33 0.2473 0.2336 0.0363 -0.0001 -0.007852 3.078112 
0.151 4.94 5.00 0.2531 0.2501 0.0367 -0.0001 -0.007852 3.078118 
0.152 4.94 5.20 0.2531 0.2400 0.0369 -0.0001 -0.005235 3.078124 
0.153 5.00 5.20 0.2500 0.2400 0.0371 -0.0001 -0.007852 3.078131 
0.154 5.00 4.88 0.2500 0.2561 0.0373 -0.0001 -0.005235 3.078141 
0.155 4.31 3.91 0.2845 0.3045 0.0377 -0.0001 -0.005235 3.078149 
0.156 3.34 2.87 0.3329 0.3567 0.0381 -0.0001 -0.005235 3.078153 
0.157 2.51 2.40 0.3745 0.3799 0.0385 -0.0001 -0.005235 3.078155 
0.158 2.22 2.15 0.3891 0.3925 0.0389 -0.0001 -0.005235 3.078155 
0.159 2.32 2.15 0.3840 0.3925 0.0391 -0.0001 -0.007852 3.078182 
0.160 1.74 2.29 0.4128 0.3855 0.0398 -0.0001 -0.005235 3.078211 
0.161 1.05 1.76 0.4477 0.4121 0.0400 -0.0001 -0.007852 3.078195 
0.162 1.29 2.00 0.4354 0.3998 0.0404 -0.0001 -0.007852 3.078172 
0.163 1.52 1.85 0.4238 0.4073 0.0408 -0.0001 -0.007852 3.078171 
0.164 1.23 1.22 0.4387 0.4392 0.0414 -0.0001 -0.005235 3.078182 
0.165 1.14 1.70 0.4428 0.4150 0.0420 -0.0001 -0.007852 3.078197 
0.166 0.73 1.86 0.4636 0.4070 0.0424 -0.0001 -0.007852 3.078208 
0.167 1.33 1.76 0.4335 0.4118 0.0428 -0.0001 -0.007852 3.078195 
0.168 0.83 1.46 0.4582 0.4271 0.0432 -0.0001 -0.007852 3.078180 
0.169 1.59 1.68 0.4206 0.4161 0.0436 -0.0001 -0.007852 3.078177 
0.170 1.61 1.64 0.4196 0.4182 0.0440 -0.0001 -0.007852 3.078171 
0.171 1.84 1.81 0.4081 0.4097 0.0444 -0.0001 -0.007852 3.078172 
0.172 2.48 1.38 0.3759 0.4311 0.0448 -0.0001 -0.007852 3.078182 
0.173 1.76 1.72 0.4117 0.4141 0.0452 -0.0001 -0.007852 3.078198 
0.174 1.20 1.66 0.4400 0.4171 0.0456 -0.0001 -0.007852 3.078201 
0.175 1.67 1.81 0.4167 0.4094 0.0460 -0.0001 -0.007852 3.078187 
0.176 1.92 1.10 0.4039 0.4451 0.0464 -0.0001 -0.007852 3.078171 
0.177 1.59 1.75 0.4203 0.4125 0.0469 -0.0002 -0.007852 3.078166 
0.178 1.11 1.64 0.4445 0.4181 0.0473 -0.0002 -0.007852 3.078174 
0.179 1.57 1.85 0.4214 0.4076 0.0477 -0.0002 -0.007852 3.078184 
0.180 1.47 1.66 0.4263 0.4172 0.0481 -0.0002 -0.007852 3.078184 
0.181 1.48 1.72 0.4260 0.4139 0.0485 -0.0002 -0.007852 3.078176 
0.182 1.75 1.00 0.4124 0.4499 0.0489 -0.0002 -0.007852 3.078166 
0.183 1.57 1.87 0.4213 0.4067 0.0493 -0.0002 -0.007852 3.078160 
0.184 1.14 2.03 0.4430 0.3986 0.0497 -0.0002 -0.007852 3.078158 
0.185 1.54 1.90 0.4227 0.4049 0.0501 -0.0002 -0.007852 3.078155 
0.186 1.66 1.40 0.4168 0.4301 0.0505 -0.0002 -0.007852 3.078157 
0.187 1.60 1.95 0.4202 0.4025 0.0511 -0.0002 -0.010469 3.078165 
0.188 1.51 2.12 0.4244 0.3942 0.0515 -0.0002 -0.010469 3.078170 
0.189 1.64 1.85 0.4180 0.4074 0.0519 -0.0002 -0.010469 3.078173 
0.190 1.60 1.59 0.4198 0.4206 0.0523 -0.0002 -0.010469 3.078172 
0.191 1.69 1.81 0.4157 0.4096 0.0527 -0.0002 -0.010469 3.078172 
0.192 1.56 1.04 0.4220 0.4477 0.0531 -0.0002 -0.010469 3.078181 
0.193 1.83 1.67 0.4085 0.4166 0.0535 -0.0002 -0.010469 3.078189 
0.194 1.56 1.25 0.4221 0.4374 0.0540 -0.0002 -0.010469 3.078194 
0.195 1.24 1.85 0.4381 0.4073 0.0544 -0.0002 -0.010469 3.078197 
0.196 1.40 1.80 0.4302 0.4101 0.0548 -0.0002 -0.010469 3.078195 
0.197 1.52 1.80 0.4239 0.4101 0.0552 -0.0002 -0.010469 3.078195 
0.198 1.51 1.81 0.4244 0.4094 0.0556 -0.0002 -0.010469 3.078199 
0.199 1.22 1.88 0.4389 0.4058 0.0560 -0.0002 -0.010469 3.078202 
0.200 1.54 1.45 0.4231 0.4274 0.0564 -0.0002 -0.010469 3.078199 
0.201 1.66 1.78 0.4172 0.4111 0.0568 -0.0002 -0.010469 3.078192 
0.202 1.62 2.01 0.4192 0.3997 0.0572 -0.0002 -0.010469 3.078186 
0.203 1.50 1.83 0.4248 0.4083 0.0578 -0.0003 -0.007852 3.078182 
0.204 1.56 1.70 0.4219 0.4148 0.0582 -0.0003 -0.007852 3.078176 
0.205 1.96 1.62 0.4020 0.4191 0.0586 -0.0003 -0.007852 3.078169 
0.206 1.63 1.81 0.4184 0.4096 0.0590 -0.0003 -0.007852 3.078168 
0.207 1.19 1.32 0.4407 0.4339 0.0594 -0.0003 -0.007852 3.078171 
0.208 1.58 1.82 0.4211 0.4090 0.0598 -0.0003 -0.007852 3.078169 
0.209 1.86 1.80 0.4068 0.4098 0.0602 -0.0003 -0.007852 3.078164 
0.210 1.60 1.96 0.4200 0.4022 0.0606 -0.0003 -0.007852 3.078164 
0.211 1.67 1.32 0.4163 0.4339 0.0611 -0.0003 -0.007852 3.078166 
0.212 1.01 1.80 0.4492 0.4102 0.0617 -0.0003 -0.010469 3.078164 
0.213 1.51 1.95 0.4245 0.4024 0.0621 -0.0003 -0.010469 3.078166 
0.214 0.90 1.86 0.4548 0.4068 0.0625 -0.0003 -0.010469 3.078168 
0.215 1.54 1.53 0.4230 0.4235 0.0629 -0.0003 -0.010469 3.078176 
0.216 1.52 1.75 0.4242 0.4126 0.0633 -0.0003 -0.010469 3.078184 
0.217 1.73 1.70 0.4137 0.4150 0.0637 -0.0003 -0.010469 3.078187 
0.218 2.37 1.81 0.3813 0.4095 0.0641 -0.0003 -0.010469 3.078182 
0.219 1.65 1.51 0.4174 0.4245 0.0645 -0.0003 -0.010469 3.078175 
0.220 1.11 1.80 0.4443 0.4098 0.0649 -0.0003 -0.010469 3.078174 
0.221 1.56 1.79 0.4219 0.4102 0.0653 -0.0003 -0.010469 3.078178 
0.222 1.85 1.89 0.4074 0.4057 0.0657 -0.0003 -0.010469 3.078191 
0.223 1.56 1.17 0.4219 0.4417 0.0661 -0.0003 -0.010469 3.078206 
0.224 1.11 1.78 0.4446 0.4107 0.0665 -0.0003 -0.010469 3.078214 
0.225 1.55 1.68 0.4225 0.4160 0.0669 -0.0003 -0.010469 3.078209 
0.226 1.49 1.86 0.4256 0.4070 0.0673 -0.0003 -0.010469 3.078196 
0.227 1.50 1.67 0.4252 0.4163 0.0677 -0.0003 -0.010469 3.078187 
0.228 1.76 1.71 0.4122 0.4145 0.0682 -0.0004 -0.010469 3.078192 
0.229 1.59 1.00 0.4206 0.4498 0.0686 -0.0004 -0.010469 3.078210 
0.230 1.14 1.84 0.4428 0.4078 0.0690 -0.0004 -0.010469 3.078226 
0.231 1.56 2.03 0.4222 0.3986 0.0694 -0.0004 -0.010469 3.078239 
0.232 1.66 1.89 0.4169 0.4054 0.0698 -0.0004 -0.010469 3.078246 
0.233 1.60 1.38 0.4200 0.4309 0.0702 -0.0004 -0.010469 3.078245 
0.234 1.44 1.97 0.4282 0.4013 0.0706 -0.0004 -0.010469 3.078244 
0.235 1.59 2.12 0.4207 0.3941 0.0712 -0.0004 -0.013086 3.078243 
0.236 1.60 1.86 0.4198 0.4072 0.0716 -0.0004 -0.013086 3.078245 
0.237 1.69 1.63 0.4154 0.4184 0.0720 -0.0004 -0.013086 3.078246 
0.238 1.58 1.85 0.4212 0.4074 0.0724 -0.0004 -0.013086 3.078248 
0.239 1.85 1.05 0.4074 0.4473 0.0728 -0.0004 -0.013086 3.078247 
0.240 1.57 1.71 0.4213 0.4144 0.0732 -0.0004 -0.013086 3.078245 
0.241 1.25 1.26 0.4375 0.4367 0.0736 -0.0004 -0.013086 3.078243 
0.242 1.43 1.85 0.4286 0.4073 0.0740 -0.0004 -0.013086 3.078241 
0.243 1.53 1.80 0.4236 0.4100 0.0744 -0.0004 -0.013086 3.078241 
0.244 1.56 1.79 0.4218 0.4105 0.0748 -0.0004 -0.013086 3.078244 
0.245 1.32 1.83 0.4340 0.4084 0.0753 -0.0004 -0.013086 3.078253 
0.246 1.67 1.90 0.4167 0.4051 0.0757 -0.0004 -0.013086 3.078263 
0.247 1.77 1.47 0.4115 0.4265 0.0761 -0.0004 -0.013086 3.078274 
0.248 1.71 1.77 0.4143 0.4114 0.0765 -0.0005 -0.013086 3.078276 
0.249 1.57 1.99 0.4215 0.4007 0.0769 -0.0005 -0.013086 3.078272 
0.250 1.62 1.56 0.4192 0.4220 0.0775 -0.0005 -0.010469 3.078269 
0.251 1.99 1.68 0.4005 0.4160 0.0779 -0.0005 -0.010469 3.078270 
0.252 1.67 1.59 0.4167 0.4203 0.0783 -0.0005 -0.010469 3.078285 
0.253 1.20 1.81 0.4399 0.4093 0.0787 -0.0005 -0.010469 3.078299 
0.254 1.58 1.34 0.4211 0.4332 0.0791 -0.0005 -0.010469 3.078305 
0.255 1.87 1.83 0.4064 0.4086 0.0795 -0.0005 -0.010469 3.078303 
0.256 1.61 1.82 0.4197 0.4090 0.0799 -0.0005 -0.010469 3.078300 
0.257 1.69 1.96 0.4157 0.4022 0.0803 -0.0005 -0.010469 3.078297 
0.258 1.46 1.32 0.4268 0.4340 0.0807 -0.0005 -0.010469 3.078298 
0.259 1.02 1.80 0.4490 0.4098 0.0811 -0.0005 -0.010469 3.078308 
0.260 0.89 1.94 0.4557 0.4030 0.0817 -0.0005 -0.013086 3.078320 
0.261 1.51 1.86 0.4245 0.4071 0.0821 -0.0005 -0.013086 3.078330 
0.262 1.53 1.54 0.4236 0.4228 0.0826 -0.0005 -0.013086 3.078332 
0.263 1.73 1.78 0.4133 0.4110 0.0830 -0.0005 -0.013086 3.078327 
0.264 2.39 1.71 0.3804 0.4143 0.0834 -0.0005 -0.013086 3.078319 
0.265 1.66 1.86 0.4172 0.4071 0.0838 -0.0005 -0.013086 3.078322 
0.266 1.08 1.43 0.4458 0.4284 0.0842 -0.0005 -0.013086 3.078338 
0.267 1.59 1.76 0.4202 0.4119 0.0846 -0.0005 -0.013086 3.078354 
0.268 1.88 1.70 0.4061 0.4152 0.0850 -0.0006 -0.013086 3.078366 
0.269 1.59 1.82 0.4205 0.4089 0.0854 -0.0006 -0.013086 3.078365 
0.270 1.06 1.12 0.4472 0.4438 0.0858 -0.0006 -0.013086 3.078362 
0.271 1.56 1.80 0.4219 0.4101 0.0862 -0.0006 -0.013086 3.078360 
0.272 1.48 1.67 0.4260 0.4166 0.0866 -0.0006 -0.013086 3.078361 
0.273 1.50 1.87 0.4252 0.4064 0.0870 -0.0006 -0.013086 3.078366 
0.274 1.75 1.68 0.4124 0.4161 0.0874 -0.0006 -0.013086 3.078370 
0.275 1.57 1.73 0.4214 0.4136 0.0878 -0.0006 -0.013086 3.078371 
0.276 1.14 0.99 0.4431 0.4503 0.0882 -0.0006 -0.013086 3.078371 
0.277 1.55 1.87 0.4222 0.4065 0.0886 -0.0006 -0.013086 3.078371 
0.278 1.64 2.04 0.4182 0.3981 0.0890 -0.0006 -0.013086 3.078367 
0.279 1.60 1.91 0.4199 0.4047 0.0894 -0.0006 -0.013086 3.078363 
0.280 1.42 1.39 0.4288 0.4305 0.0899 -0.0006 -0.013086 3.078362 
0.281 1.50 1.98 0.4248 0.4008 0.0903 -0.0006 -0.013086 3.078364 
0.282 1.66 2.12 0.4172 0.3938 0.0907 -0.0006 -0.013086 3.078372 
0.283 1.57 1.85 0.4215 0.4076 0.0911 -0.0006 -0.013086 3.078380 
0.284 1.70 1.63 0.4152 0.4186 0.0915 -0.0006 -0.013086 3.078386 
0.285 1.58 1.84 0.4208 0.4079 0.0919 -0.0006 -0.013086 3.078386 
0.286 1.86 1.06 0.4069 0.4469 0.0923 -0.0007 -0.013086 3.078380 
0.287 1.28 1.70 0.4361 0.4149 0.0929 -0.0007 -0.015704 3.078376 
0.288 1.43 1.25 0.4284 0.4375 0.0933 -0.0007 -0.015704 3.078378 
0.289 1.54 1.86 0.4230 0.4071 0.0937 -0.0007 -0.015704 3.078386 
0.290 1.54 1.77 0.4229 0.4112 0.0941 -0.0007 -0.015704 3.078394 
0.291 1.21 1.81 0.4396 0.4095 0.0945 -0.0007 -0.015704 3.078402 
0.292 1.53 1.81 0.4237 0.4094 0.0949 -0.0007 -0.015704 3.078404 
0.293 1.66 1.88 0.4171 0.4062 0.0955 -0.0007 -0.013086 3.078403 
0.294 1.60 1.75 0.4198 0.4127 0.0959 -0.0007 -0.013086 3.078399 
0.295 1.48 1.89 0.4258 0.4054 0.0963 -0.0007 -0.013086 3.078393 
0.296 1.54 1.79 0.4228 0.4105 0.0968 -0.0007 -0.013086 3.078386 
0.297 1.93 1.51 0.4033 0.4246 0.0972 -0.0007 -0.013086 3.078382 
0.298 1.63 1.63 0.4185 0.4185 0.0976 -0.0007 -0.013086 3.078383 
0.299 1.16 1.54 0.4421 0.4230 0.0980 -0.0007 -0.013086 3.078384 
0.300 1.57 1.77 0.4216 0.4113 0.0984 -0.0007 -0.013086 3.078385 
0.301 1.86 1.29 0.4069 0.4353 0.0988 -0.0007 -0.013086 3.078384 
0.302 1.62 1.79 0.4187 0.4104 0.0992 -0.0007 -0.013086 3.078381 
0.303 1.71 1.78 0.4146 0.4111 0.0996 -0.0008 -0.013086 3.078382 
0.304 1.45 1.94 0.4274 0.4031 0.1000 -0.0008 -0.013086 3.078381 
0.305 1.03 1.30 0.4486 0.4349 0.1004 -0.0008 -0.013086 3.078378 
0.306 1.54 1.79 0.4230 0.4104 0.1008 -0.0008 -0.013086 3.078372 
0.307 1.44 1.94 0.4279 0.4032 0.1014 -0.0008 -0.015704 3.078371 
0.308 1.45 1.88 0.4274 0.4062 0.1018 -0.0008 -0.015704 3.078373 
0.309 1.64 1.53 0.4179 0.4236 0.1022 -0.0008 -0.015704 3.078374 
0.310 2.30 1.72 0.3849 0.4141 0.1026 -0.0008 -0.015704 3.078376 
0.311 1.58 1.69 0.4210 0.4153 0.1030 -0.0008 -0.015704 3.078371 
0.312 0.96 1.79 0.4520 0.4103 0.1034 -0.0008 -0.015704 3.078364 
0.313 1.52 1.45 0.4240 0.4277 0.1038 -0.0008 -0.015704 3.078357 
0.314 1.82 1.78 0.4089 0.4110 0.1043 -0.0008 -0.015704 3.078348 
0.315 1.58 1.72 0.4211 0.4139 0.1047 -0.0008 -0.015704 3.078346 
0.316 1.11 1.87 0.4447 0.4064 0.1051 -0.0008 -0.015704 3.078350 
0.317 1.61 1.15 0.4194 0.4425 0.1055 -0.0008 -0.015704 3.078359 
0.318 1.53 1.78 0.4234 0.4112 0.1059 -0.0008 -0.015704 3.078359 
0.319 1.57 1.67 0.4213 0.4165 0.1063 -0.0009 -0.015704 3.078349 
0.320 1.85 1.86 0.4073 0.4070 0.1067 -0.0009 -0.015704 3.078334 
0.321 1.69 1.65 0.4157 0.4173 0.1071 -0.0009 -0.015704 3.078321 
0.322 1.23 1.72 0.4385 0.4138 0.1075 -0.0009 -0.015704 3.078318 
0.323 1.61 0.96 0.4194 0.4517 0.1079 -0.0009 -0.015704 3.078321 
0.324 1.72 1.85 0.4140 0.4074 0.1083 -0.0009 -0.015704 3.078330 
0.325 1.63 2.01 0.4183 0.3997 0.1087 -0.0009 -0.015704 3.078336 
0.326 1.45 1.88 0.4276 0.4060 0.1091 -0.0009 -0.015704 3.078334 
0.327 1.52 1.35 0.4240 0.4322 0.1095 -0.0009 -0.015704 3.078330 
0.328 1.61 1.96 0.4195 0.4022 0.1099 -0.0009 -0.015704 3.078325 
0.329 1.59 2.09 0.4205 0.3955 0.1103 -0.0009 -0.015704 3.078319 
0.330 1.67 1.84 0.4164 0.4080 0.1107 -0.0009 -0.015704 3.078318 
0.331 1.56 1.58 0.4218 0.4208 0.1112 -0.0009 -0.015704 3.078323 
0.332 1.86 1.82 0.4069 0.4090 0.1116 -0.0009 -0.015704 3.078327 
0.333 1.54 1.12 0.4228 0.4441 0.1120 -0.0009 -0.015704 3.078324 
0.334 1.42 1.23 0.4290 0.4385 0.1128 -0.0010 -0.015704 3.078318 
0.335 1.51 1.83 0.4246 0.4084 0.1132 -0.0010 -0.015704 3.078308 
0.336 1.49 1.76 0.4256 0.4119 0.1136 -0.0010 -0.015704 3.078297 
0.337 1.16 1.75 0.4420 0.4123 0.1140 -0.0010 -0.015704 3.078293 
0.338 1.49 1.77 0.4254 0.4114 0.1144 -0.0010 -0.015704 3.078293 
0.339 1.61 1.82 0.4196 0.4089 0.1148 -0.0010 -0.015704 3.078296 
0.340 1.59 1.25 0.4202 0.4376 0.1152 -0.0010 -0.015704 3.078297 
0.341 1.44 1.72 0.4281 0.4142 0.1156 -0.0010 -0.015704 3.078291 
0.342 1.52 1.95 0.4241 0.4026 0.1160 -0.0010 -0.015704 3.078282 
0.343 1.92 1.83 0.4039 0.4087 0.1164 -0.0010 -0.015704 3.078277 
0.344 1.61 1.54 0.4193 0.4228 0.1168 -0.0010 -0.015704 3.078276 
0.345 1.16 1.66 0.4419 0.4169 0.1172 -0.0010 -0.015704 3.078283 
0.346 1.58 1.57 0.4210 0.4215 0.1176 -0.0010 -0.015704 3.078293 
0.347 1.86 1.79 0.4068 0.4102 0.1180 -0.0010 -0.015704 3.078295 
0.348 1.63 1.30 0.4184 0.4347 0.1185 -0.0010 -0.015704 3.078291 
0.349 1.70 1.82 0.4148 0.4091 0.1189 -0.0011 -0.015704 3.078285 
0.350 1.48 1.79 0.4260 0.4103 0.1193 -0.0011 -0.015704 3.078282 
0.351 1.04 1.98 0.4481 0.4012 0.1197 -0.0011 -0.015704 3.078286 
0.352 1.52 1.28 0.4238 0.4359 0.1201 -0.0011 -0.015704 3.078293 
0.353 0.97 1.80 0.4513 0.4101 0.1205 -0.0011 -0.015704 3.078300 
0.354 1.49 1.93 0.4255 0.4037 0.1211 -0.0011 -0.018321 3.078302 
0.355 1.73 1.86 0.4133 0.4070 0.1215 -0.0011 -0.018321 3.078295 
0.356 1.95 1.55 0.4023 0.4225 0.1217 -0.0011 -0.015704 3.078293 
0.357 2.38 1.78 0.3811 0.4111 0.1221 -0.0011 -0.015704 3.078292 
0.358 1.12 1.71 0.4439 0.4145 0.1227 -0.0011 -0.018321 3.078292 
0.359 1.62 1.84 0.4187 0.4078 0.1231 -0.0011 -0.018321 3.078297 
0.360 1.86 1.40 0.4067 0.4298 0.1235 -0.0011 -0.018321 3.078302 
0.361 1.55 1.73 0.4223 0.4135 0.1239 -0.0011 -0.018321 3.078306 
0.362 1.04 1.66 0.4477 0.4170 0.1243 -0.0011 -0.018321 3.078311 
0.363 1.51 1.78 0.4243 0.4109 0.1247 -0.0012 -0.018321 3.078315 
0.364 1.45 1.08 0.4273 0.4459 0.1251 -0.0012 -0.018321 3.078317 
0.365 1.45 1.74 0.4274 0.4128 0.1256 -0.0012 -0.018321 3.078320 
0.366 1.72 1.65 0.4142 0.4175 0.1260 -0.0012 -0.018321 3.078326 
0.367 1.56 1.85 0.4218 0.4072 0.1264 -0.0012 -0.018321 3.078331 
0.368 1.11 1.66 0.4443 0.4169 0.1268 -0.0012 -0.018321 3.078334 
0.369 1.53 1.72 0.4235 0.4139 0.1272 -0.0012 -0.018321 3.078337 
0.370 1.66 1.16 0.4168 0.4420 0.1276 -0.0012 -0.018321 3.078336 
0.371 1.62 1.86 0.4190 0.4068 0.1280 -0.0012 -0.018321 3.078331 
0.372 1.42 2.03 0.4291 0.3986 0.1284 -0.0012 -0.018321 3.078327 
0.373 1.51 1.89 0.4243 0.4057 0.1288 -0.0012 -0.018321 3.078320 
0.374 1.63 1.58 0.4185 0.4210 0.1292 -0.0012 -0.018321 3.078318 
0.375 1.61 1.98 0.4195 0.4008 0.1296 -0.0012 -0.018321 3.078321 
0.376 1.68 2.08 0.4158 0.3959 0.1300 -0.0012 -0.018321 3.078325 
0.377 1.58 1.79 0.4209 0.4103 0.1304 -0.0013 -0.018321 3.078329 
0.378 1.87 1.66 0.4066 0.4170 0.1310 -0.0013 -0.015704 3.078330 
0.379 1.59 0.99 0.4203 0.4502 0.1314 -0.0013 -0.015704 3.078329 
0.380 1.37 1.64 0.4314 0.4180 0.1320 -0.0013 -0.018321 3.078329 
0.381 1.60 1.21 0.4202 0.4394 0.1324 -0.0013 -0.018321 3.078327 
0.382 1.57 1.82 0.4215 0.4090 0.1329 -0.0013 -0.018321 3.078328 
0.383 1.23 1.74 0.4383 0.4129 0.1333 -0.0013 -0.018321 3.078331 
0.384 1.54 1.75 0.4229 0.4124 0.1337 -0.0013 -0.018321 3.078332 
0.385 1.66 1.77 0.4172 0.4113 0.1341 -0.0013 -0.018321 3.078336 
0.386 1.60 1.84 0.4198 0.4079 0.1345 -0.0013 -0.018321 3.078340 
0.387 1.48 1.22 0.4261 0.4392 0.1349 -0.0013 -0.018321 3.078343 
0.388 1.53 1.71 0.4233 0.4144 0.1353 -0.0013 -0.018321 3.078344 
0.389 1.93 1.94 0.4037 0.4028 0.1357 -0.0014 -0.018321 3.078341 
0.390 1.62 1.82 0.4191 0.4088 0.1361 -0.0014 -0.018321 3.078340 
0.391 1.16 1.56 0.4420 0.4219 0.1365 -0.0014 -0.018321 3.078339 
0.392 1.55 1.67 0.4222 0.4165 0.1369 -0.0014 -0.018321 3.078339 
0.393 1.87 1.59 0.4066 0.4204 0.1373 -0.0014 -0.018321 3.078337 
0.394 1.66 1.80 0.4172 0.4100 0.1377 -0.0014 -0.018321 3.078332 
0.395 1.67 1.31 0.4167 0.4346 0.1381 -0.0014 -0.018321 3.078331 
0.396 1.47 1.81 0.4266 0.4096 0.1385 -0.0014 -0.018321 3.078327 
0.397 1.01 1.78 0.4492 0.4109 0.1389 -0.0014 -0.018321 3.078323 
0.398 1.50 1.95 0.4251 0.4025 0.1393 -0.0014 -0.018321 3.078324 
0.399 0.88 1.33 0.4561 0.4333 0.1397 -0.0014 -0.018321 3.078327 
0.400 1.53 1.85 0.4235 0.4076 0.1402 -0.0014 -0.018321 3.078331 
0.401 1.48 2.00 0.4259 0.4002 0.1406 -0.0014 -0.018321 3.078336 
0.402 -8.30 -8.08 0.4152 0.4040 0.1410 -0.0014 -0.018321 3.078337 
0.403 -7.63 -8.42 0.3813 0.4210 0.1414 -0.0015 -0.018321 3.078335 
0.404 -8.17 -7.92 0.4084 0.3963 0.1418 -0.0015 -0.018321 3.078333 
0.405 -7.86 -6.79 0.3929 0.3393 0.1422 -0.0015 -0.018321 3.078329 
0.406 -5.66 -5.75 0.2828 0.2874 0.1424 -0.0015 -0.020938 3.078325 
0.407 -5.66 -4.41 0.2828 0.2206 0.1426 -0.0015 -0.018321 3.078334 
0.408 -3.36 -4.41 0.1682 0.2206 0.1426 -0.0015 -0.018321 3.078348 
0.409 -2.37 -3.16 0.1187 0.1578 0.1426 -0.0015 -0.018321 3.078357 
0.410 -1.84 -2.27 0.0919 0.1137 0.1426 -0.0015 -0.018321 3.078326 
0.411 -1.50 -1.78 0.0750 0.0888 0.1426 -0.0015 -0.018321 3.078321 
0.412 -1.26 -1.46 0.0632 0.0729 0.1426 -0.0015 -0.018321 3.078415 
0.413 -1.09 -1.23 0.0547 0.0617 0.1426 -0.0015 -0.018321 3.078442 
0.414 -0.96 1.11 0.0482 -0.0556 0.1424 -0.0015 -0.020938 3.078366 
0.415 0.93 1.11 -0.0464 -0.0556 0.1422 -0.0015 -0.018321 3.078282 
0.416 0.93 1.11 -0.0464 -0.0556 0.1422 -0.0015 -0.018321 3.078196 
0.417 0.93 1.11 -0.0464 -0.0556 0.1422 -0.0015 -0.018321 3.078183 
0.418 2.61 1.11 -0.1304 -0.0556 0.1420 -0.0015 -0.015704 3.078224 
0.419 2.61 1.81 -0.1304 -0.0904 0.1418 -0.0015 -0.018321 3.078304 
0.420 2.61 1.81 -0.1304 -0.0904 0.1418 -0.0015 -0.018321 3.078400 
0.421 2.27 1.81 -0.1138 -0.0904 0.1418 -0.0015 -0.018321 3.078434 
0.422 2.11 1.81 -0.1056 -0.0904 0.1416 -0.0015 -0.015704 3.078388 
0.423 2.11 1.69 -0.1056 -0.0847 0.1416 -0.0015 -0.015704 3.078292 
0.424 2.11 1.40 -0.1056 -0.0700 0.1416 -0.0015 -0.015704 3.078217 
0.425 2.11 1.19 -0.1056 -0.0597 0.1416 -0.0015 -0.015704 3.078202 
0.426 1.72 1.04 -0.0858 -0.0521 0.1416 -0.0015 -0.015704 3.078254 
0.427 1.42 0.92 -0.0708 -0.0461 0.1416 -0.0015 -0.015704 3.078325 
0.428 -1.34 -0.89 0.0671 0.0445 0.1420 -0.0015 -0.015704 3.078372 
0.429 -1.34 -0.89 0.0671 0.0445 0.1420 -0.0015 -0.015704 3.078397 
0.430 -1.34 -0.89 0.0671 0.0445 0.1420 -0.0015 -0.015704 3.078371 
0.431 -1.34 -0.89 0.0671 0.0445 0.1420 -0.0015 -0.015704 3.078319 
0.432 -1.34 -0.89 0.0671 0.0445 0.1420 -0.0015 -0.015704 3.078278 
0.433 -1.34 -0.89 0.0671 0.0445 0.1420 -0.0015 -0.015704 3.078249 
0.434 -1.22 -0.89 0.0608 0.0445 0.1420 -0.0015 -0.015704 3.078282 
0.435 -1.06 -0.89 0.0528 0.0445 0.1420 -0.0015 -0.015704 3.078359 
0.436 -0.94 -0.89 0.0468 0.0445 0.1420 -0.0015 -0.015704 3.078428 
0.437 -0.84 -0.84 0.0419 0.0420 0.1420 -0.0015 -0.015704 3.078449 
0.438 -0.76 -0.76 0.0380 0.0380 0.1420 -0.0015 -0.015704 3.078400 
0.439 -0.69 -0.69 0.0347 0.0348 0.1420 -0.0015 -0.015704 3.078299 
0.440 0.64 -0.64 -0.0322 0.0320 0.1418 -0.0015 -0.013086 3.078203 
0.441 0.64 -0.59 -0.0322 0.0297 0.1418 -0.0015 -0.013086 3.078178 
0.442 0.64 -0.55 -0.0322 0.0277 0.1418 -0.0015 -0.013086 3.078217 
0.443 0.64 -0.52 -0.0322 0.0259 0.1418 -0.0015 -0.013086 3.078300 
0.444 0.64 -0.49 -0.0322 0.0243 0.1418 -0.0015 -0.013086 3.078376 
0.445 0.64 -0.46 -0.0322 0.0230 0.1418 -0.0015 -0.013086 3.078397 
0.446 0.64 -0.43 -0.0322 0.0217 0.1418 -0.0015 -0.013086 3.078378 
0.447 0.64 -0.41 -0.0322 0.0206 0.1418 -0.0015 -0.013086 3.078328 
0.448 1.03 -0.39 -0.0514 0.0196 0.1416 -0.0015 -0.010469 3.078274 
0.449 1.03 -0.37 -0.0514 0.0187 0.1416 -0.0015 -0.010469 3.078241 
0.450 1.03 -0.36 -0.0514 0.0179 0.1416 -0.0015 -0.010469 3.078231 
0.451 1.03 -0.34 -0.0514 0.0171 0.1416 -0.0015 -0.010469 3.078253 
0.452 1.03 -0.33 -0.0514 0.0164 0.1416 -0.0015 -0.010469 3.078306 
0.453 1.03 -0.32 -0.0514 0.0158 0.1416 -0.0015 -0.010469 3.078355 
0.454 1.03 -0.30 -0.0514 0.0152 0.1416 -0.0015 -0.010469 3.078374 
0.455 1.03 0.30 -0.0514 -0.0148 0.1414 -0.0015 -0.013086 3.078371 
0.456 -1.08 0.30 0.0540 -0.0148 0.1416 -0.0015 -0.015704 3.078357 
0.457 -1.08 0.30 0.0540 -0.0148 0.1416 -0.0015 -0.015704 3.078343 
0.458 -1.08 0.30 0.0540 -0.0148 0.1416 -0.0015 -0.015704 3.078345 
0.459 -1.08 0.30 0.0540 -0.0148 0.1416 -0.0015 -0.015704 3.078361 
0.460 -1.08 0.30 0.0540 -0.0148 0.1416 -0.0015 -0.015704 3.078392 
0.461 -1.08 0.30 0.0540 -0.0148 0.1416 -0.0015 -0.015704 3.078421 
0.462 -1.08 0.30 0.0540 -0.0148 0.1416 -0.0015 -0.015704 3.078425 
0.463 -1.05 0.30 0.0528 -0.0148 0.1416 -0.0015 -0.015704 3.078403 
0.464 -0.93 0.30 0.0467 -0.0148 0.1416 -0.0015 -0.015704 3.078369 
0.465 -0.84 0.30 0.0419 -0.0148 0.1416 -0.0015 -0.015704 3.078341 
0.466 -0.76 0.30 0.0380 -0.0148 0.1416 -0.0015 -0.015704 3.078338 
0.467 -0.69 0.30 0.0347 -0.0148 0.1416 -0.0015 -0.015704 3.078357 
0.468 -0.64 0.30 0.0320 -0.0148 0.1416 -0.0015 -0.015704 3.078381 
0.469 0.62 0.30 -0.0311 -0.0148 0.1414 -0.0015 -0.013086 3.078396 
0.470 0.62 0.30 -0.0311 -0.0148 0.1414 -0.0015 -0.013086 3.078394 
0.471 0.62 -0.53 -0.0311 0.0266 0.1416 -0.0015 -0.010469 3.078376 
0.472 0.62 -0.53 -0.0311 0.0266 0.1416 -0.0015 -0.010469 3.078349 
0.473 0.62 -0.53 -0.0311 0.0266 0.1416 -0.0015 -0.010469 3.078335 
0.474 0.62 -0.53 -0.0311 0.0266 0.1416 -0.0015 -0.010469 3.078342 
0.475 0.62 -0.53 -0.0311 0.0266 0.1416 -0.0015 -0.010469 3.078358 
0.476 0.62 -0.53 -0.0311 0.0266 0.1416 -0.0015 -0.010469 3.078368 
0.477 0.62 -0.53 -0.0311 0.0266 0.1416 -0.0015 -0.010469 3.078367 
0.478 0.62 -0.53 -0.0311 0.0266 0.1416 -0.0015 -0.010469 3.078358 
0.479 0.62 -0.53 -0.0311 0.0266 0.1416 -0.0015 -0.010469 3.078344 
0.480 0.62 -0.53 -0.0311 0.0266 0.1416 -0.0015 -0.010469 3.078331 
0.481 0.62 -0.53 -0.0311 0.0266 0.1416 -0.0015 -0.010469 3.078327 
0.482 0.59 0.71 -0.0298 -0.0353 0.1414 -0.0015 -0.013086 3.078334 
0.483 0.56 0.71 -0.0278 -0.0353 0.1414 -0.0015 -0.013086 3.078347 
0.484 0.52 0.71 -0.0260 -0.0353 0.1414 -0.0015 -0.013086 3.078363 
0.485 0.49 0.71 -0.0244 -0.0353 0.1414 -0.0015 -0.013086 3.078378 
0.486 0.46 0.71 -0.0230 -0.0353 0.1414 -0.0015 -0.013086 3.078378 
0.487 -0.44 0.71 0.0221 -0.0353 0.1416 -0.0015 -0.015704 3.078374 
0.488 -0.44 0.71 0.0221 -0.0353 0.1416 -0.0015 -0.015704 3.078373 
0.489 -0.44 0.71 0.0221 -0.0353 0.1416 -0.0015 -0.015704 3.078378 
0.490 -0.44 0.71 0.0221 -0.0353 0.1416 -0.0015 -0.015704 3.078398 
0.491 -0.44 0.71 0.0221 -0.0353 0.1416 -0.0015 -0.015704 3.078422 
0.492 -0.44 -0.83 0.0221 0.0417 0.1418 -0.0015 -0.013086 3.078438 
0.493 -0.44 -0.83 0.0221 0.0417 0.1418 -0.0015 -0.013086 3.078442 
0.494 -0.44 -0.83 0.0221 0.0417 0.1418 -0.0015 -0.013086 3.078440 
0.495 -0.44 -0.83 0.0221 0.0417 0.1418 -0.0015 -0.013086 3.078437 
0.496 -0.44 -0.83 0.0221 0.0417 0.1418 -0.0015 -0.013086 3.078438 
0.497 -0.44 -0.83 0.0221 0.0417 0.1418 -0.0015 -0.013086 3.078448 
0.498 -0.44 -0.83 0.0221 0.0417 0.1418 -0.0015 -0.013086 3.078461 
0.499 -0.44 -0.83 0.0221 0.0417 0.1418 -0.0015 -0.013086 3.078465 
0.500 -0.44 -0.83 0.0221 0.0417 0.1418 -0.0015 -0.013086 3.078459 
0.501 -0.44 -0.83 0.0221 0.0415 0.1418 -0.0015 -0.013086 3.078444 
0.502 -0.44 -0.75 0.0221 0.0376 0.1418 -0.0015 -0.013086 3.078424 
0.503 -0.44 -0.69 0.0221 0.0345 0.1418 -0.0015 -0.013086 3.078405 
0.504 -0.44 -0.64 0.0221 0.0318 0.1418 -0.0015 -0.013086 3.078392 
0.505 -0.44 0.62 0.0221 -0.0308 0.1416 -0.0015 -0.015704 3.078392 
0.506 -0.42 0.62 0.0211 -0.0308 0.1416 -0.0015 -0.015704 3.078400 
0.507 -0.40 0.62 0.0200 -0.0308 0.1416 -0.0015 -0.015704 3.078407 
0.508 0.39 0.62 -0.0196 -0.0308 0.1414 -0.0015 -0.013086 3.078405 
0.509 0.39 0.62 -0.0196 -0.0308 0.1414 -0.0015 -0.013086 3.078398 
0.510 0.39 0.62 -0.0196 -0.0308 0.1414 -0.0015 -0.013086 3.078389 
0.511 0.39 0.62 -0.0196 -0.0308 0.1414 -0.0015 -0.013086 3.078382 
0.512 0.39 0.62 -0.0196 -0.0308 0.1414 -0.0015 -0.013086 3.078381 
0.513 0.39 0.62 -0.0196 -0.0308 0.1414 -0.0015 -0.013086 3.078384 
0.514 0.39 0.62 -0.0196 -0.0308 0.1414 -0.0015 -0.013086 3.078387 
0.515 0.39 0.62 -0.0196 -0.0308 0.1414 -0.0015 -0.013086 3.078389 
0.516 0.39 0.62 -0.0196 -0.0308 0.1414 -0.0015 -0.013086 3.078396 
0.517 0.39 0.62 -0.0196 -0.0308 0.1414 -0.0015 -0.013086 3.078406 
0.518 0.39 0.60 -0.0196 -0.0298 0.1414 -0.0015 -0.013086 3.078412 
0.519 0.39 0.56 -0.0196 -0.0278 0.1414 -0.0015 -0.013086 3.078415 
0.520 0.39 -0.54 -0.0196 0.0269 0.1416 -0.0015 -0.010469 3.078418 
0.521 0.39 -0.54 -0.0196 0.0269 0.1416 -0.0015 -0.010469 3.078427 
0.522 0.39 -0.54 -0.0196 0.0269 0.1416 -0.0015 -0.010469 3.078435 
0.523 -0.54 -0.54 0.0270 0.0269 0.1418 -0.0015 -0.013086 3.078437 
0.524 -0.54 -0.54 0.0270 0.0269 0.1418 -0.0015 -0.013086 3.078437 
0.525 -0.54 -0.54 0.0270 0.0269 0.1418 -0.0015 -0.013086 3.078438 
0.526 -0.54 -0.54 0.0270 0.0269 0.1418 -0.0015 -0.013086 3.078435 
0.527 -0.54 -0.54 0.0270 0.0269 0.1418 -0.0015 -0.013086 3.078430 
0.528 -0.54 -0.54 0.0270 0.0269 0.1418 -0.0015 -0.013086 3.078428 
0.529 -0.54 -0.54 0.0270 0.0269 0.1418 -0.0015 -0.013086 3.078431 
0.530 -0.54 -0.54 0.0270 0.0269 0.1418 -0.0015 -0.013086 3.078437 
0.531 -0.54 -0.54 0.0270 0.0269 0.1418 -0.0015 -0.013086 3.078440 
0.532 -0.54 -0.54 0.0270 0.0269 0.1418 -0.0015 -0.013086 3.078439 
0.533 -0.54 -0.54 0.0270 0.0269 0.1418 -0.0015 -0.013086 3.078435 
0.534 -0.54 -0.54 0.0270 0.0269 0.1418 -0.0015 -0.013086 3.078427 
0.535 -0.54 -0.52 0.0270 0.0262 0.1418 -0.0015 -0.013086 3.078418 
0.536 -0.54 -0.49 0.0270 0.0246 0.1418 -0.0015 -0.013086 3.078416 
0.537 -0.54 -0.46 0.0270 0.0232 0.1418 -0.0015 -0.013086 3.078414 
0.538 -0.52 -0.44 0.0261 0.0219 0.1418 -0.0015 -0.013086 3.078409 
0.539 0.50 -0.41 -0.0251 0.0208 0.1416 -0.0015 -0.010469 3.078403 
0.540 0.50 -0.40 -0.0251 0.0198 0.1416 -0.0015 -0.010469 3.078390 
0.541 0.50 -0.38 -0.0251 0.0189 0.1416 -0.0015 -0.010469 3.078379 
0.542 0.50 -0.36 -0.0251 0.0180 0.1416 -0.0015 -0.010469 3.078380 
0.543 0.50 0.36 -0.0251 -0.0178 0.1414 -0.0015 -0.013086 3.078386 
0.544 0.50 0.36 -0.0251 -0.0178 0.1414 -0.0015 -0.013086 3.078388 
0.545 0.50 0.36 -0.0251 -0.0178 0.1414 -0.0015 -0.013086 3.078384 
0.546 0.50 0.36 -0.0251 -0.0178 0.1414 -0.0015 -0.013086 3.078380 
0.547 0.50 0.36 -0.0251 -0.0178 0.1414 -0.0015 -0.013086 3.078385 
0.548 0.50 0.36 -0.0251 -0.0178 0.1414 -0.0015 -0.013086 3.078388 
0.549 0.50 0.36 -0.0251 -0.0178 0.1414 -0.0015 -0.013086 3.078387 
0.550 0.50 0.36 -0.0251 -0.0178 0.1414 -0.0015 -0.013086 3.078391 
0.551 0.50 0.36 -0.0251 -0.0178 0.1414 -0.0015 -0.013086 3.078400 
0.552 0.50 0.36 -0.0251 -0.0178 0.1414 -0.0015 -0.013086 3.078414 
0.553 -0.57 0.36 0.0287 -0.0178 0.1416 -0.0015 -0.015704 3.078433 
0.554 -0.57 0.36 0.0287 -0.0178 0.1416 -0.0015 -0.015704 3.078442 
0.555 -0.57 0.36 0.0287 -0.0178 0.1416 -0.0015 -0.015704 3.078440 
0.556 -0.57 0.36 0.0287 -0.0178 0.1416 -0.0015 -0.015704 3.078439 
0.557 -0.57 0.36 0.0287 -0.0178 0.1416 -0.0015 -0.015704 3.078441 
0.558 -0.57 0.36 0.0287 -0.0178 0.1416 -0.0015 -0.015704 3.078446 
0.559 -0.57 -0.49 0.0287 0.0246 0.1418 -0.0015 -0.013086 3.078458 
0.560 -0.57 -0.49 0.0287 0.0246 0.1418 -0.0015 -0.013086 3.078468 
0.561 -0.57 -0.49 0.0287 0.0246 0.1418 -0.0015 -0.013086 3.078470 
0.562 -0.57 -0.49 0.0287 0.0246 0.1418 -0.0015 -0.013086 3.078463 
0.563 -0.57 -0.49 0.0287 0.0246 0.1418 -0.0015 -0.013086 3.078451 
0.564 -0.57 -0.49 0.0287 0.0246 0.1418 -0.0015 -0.013086 3.078442 
0.565 -0.57 -0.49 0.0287 0.0246 0.1418 -0.0015 -0.013086 3.078442 
0.566 -0.57 -0.49 0.0287 0.0246 0.1418 -0.0015 -0.013086 3.078451 
0.567 -0.57 -0.49 0.0285 0.0246 0.1418 -0.0015 -0.013086 3.078462 
0.568 0.56 -0.49 -0.0278 0.0246 0.1416 -0.0015 -0.010469 3.078463 
0.569 0.56 -0.49 -0.0278 0.0246 0.1416 -0.0015 -0.010469 3.078454 
0.570 0.56 -0.49 -0.0278 0.0246 0.1416 -0.0015 -0.010469 3.078440 
0.571 0.56 -0.49 -0.0278 0.0246 0.1416 -0.0015 -0.010469 3.078431 
0.572 0.56 0.65 -0.0278 -0.0323 0.1414 -0.0015 -0.013086 3.078428 
0.573 0.56 0.65 -0.0278 -0.0323 0.1414 -0.0015 -0.013086 3.078428 
0.574 0.56 0.65 -0.0278 -0.0323 0.1414 -0.0015 -0.013086 3.078430 
0.575 0.56 0.65 -0.0278 -0.0323 0.1414 -0.0015 -0.013086 3.078430 
0.576 0.56 0.65 -0.0278 -0.0323 0.1414 -0.0015 -0.013086 3.078427 
0.577 0.56 0.65 -0.0278 -0.0323 0.1414 -0.0015 -0.013086 3.078422 
0.578 0.56 0.65 -0.0278 -0.0323 0.1414 -0.0015 -0.013086 3.078417 
0.579 0.56 0.65 -0.0278 -0.0323 0.1414 -0.0015 -0.013086 3.078419 
0.580 0.56 0.65 -0.0278 -0.0323 0.1414 -0.0015 -0.013086 3.078429 
0.581 0.56 0.65 -0.0278 -0.0323 0.1414 -0.0015 -0.013086 3.078438 
0.582 -0.59 -0.80 0.0294 0.0401 0.1418 -0.0015 -0.013086 3.078442 
0.583 -0.59 -0.80 0.0294 0.0401 0.1418 -0.0015 -0.013086 3.078441 
0.584 -0.59 -0.80 0.0294 0.0401 0.1418 -0.0015 -0.013086 3.078439 
0.585 -0.59 -0.80 0.0294 0.0401 0.1418 -0.0015 -0.013086 3.078440 
0.586 -0.59 -0.80 0.0294 0.0401 0.1418 -0.0015 -0.013086 3.078445 
0.587 -0.59 -0.80 0.0294 0.0401 0.1418 -0.0015 -0.013086 3.078451 
0.588 -0.59 -0.80 0.0294 0.0401 0.1418 -0.0015 -0.013086 3.078458 
0.589 -0.59 -0.80 0.0294 0.0401 0.1418 -0.0015 -0.013086 3.078465 
0.590 -0.59 -0.80 0.0294 0.0401 0.1418 -0.0015 -0.013086 3.078465 
0.591 -0.59 -0.80 0.0294 0.0401 0.1418 -0.0015 -0.013086 3.078464 
0.592 -0.59 -0.77 0.0294 0.0385 0.1418 -0.0015 -0.013086 3.078462 
0.593 -0.59 -0.70 0.0294 0.0352 0.1418 -0.0015 -0.013086 3.078458 
0.594 -0.59 -0.65 0.0294 0.0324 0.1418 -0.0015 -0.013086 3.078454 
0.595 -0.59 0.64 0.0293 -0.0321 0.1416 -0.0015 -0.015704 3.078451 
0.596 -0.55 0.64 0.0273 -0.0321 0.1416 -0.0015 -0.015704 3.078449 
0.597 -0.51 0.64 0.0256 -0.0321 0.1416 -0.0015 -0.015704 3.078443 
0.598 -0.48 0.64 0.0241 -0.0321 0.1416 -0.0015 -0.015704 3.078434 
0.599 0.47 0.64 -0.0237 -0.0321 0.1414 -0.0015 -0.013086 3.078427 
0.600 0.47 0.64 -0.0237 -0.0321 0.1414 -0.0015 -0.013086 3.078422 
0.601 0.47 0.64 -0.0237 -0.0321 0.1414 -0.0015 -0.013086 3.078420 
0.602 0.47 0.64 -0.0237 -0.0321 0.1414 -0.0015 -0.013086 3.078418 
0.603 0.47 0.64 -0.0237 -0.0321 0.1414 -0.0015 -0.013086 3.078414 
0.604 0.47 0.64 -0.0237 -0.0321 0.1414 -0.0015 -0.013086 3.078410 
0.605 0.47 0.64 -0.0237 -0.0321 0.1414 -0.0015 -0.013086 3.078412 
0.606 0.47 0.64 -0.0237 -0.0321 0.1414 -0.0015 -0.013086 3.078418 
0.607 0.47 0.63 -0.0237 -0.0314 0.1414 -0.0015 -0.013086 3.078425 
0.608 0.47 0.58 -0.0237 -0.0292 0.1414 -0.0015 -0.013086 3.078435 
0.609 0.47 0.54 -0.0237 -0.0272 0.1414 -0.0015 -0.013086 3.078442 
0.610 0.47 -0.52 -0.0237 0.0261 0.1416 -0.0015 -0.010469 3.078441 
0.611 0.47 -0.52 -0.0237 0.0261 0.1416 -0.0015 -0.010469 3.078438 
0.612 0.47 -0.52 -0.0237 0.0261 0.1416 -0.0015 -0.010469 3.078436 
0.613 0.47 -0.52 -0.0237 0.0261 0.1416 -0.0015 -0.010469 3.078437 
0.614 0.47 -0.52 -0.0237 0.0261 0.1416 -0.0015 -0.010469 3.078443 
0.615 -0.50 -0.52 0.0249 0.0261 0.1418 -0.0015 -0.013086 3.078451 
0.616 -0.50 -0.52 0.0249 0.0261 0.1418 -0.0015 -0.013086 3.078457 
0.617 -0.50 -0.52 0.0249 0.0261 0.1418 -0.0015 -0.013086 3.078463 
0.618 -0.50 -0.52 0.0249 0.0261 0.1418 -0.0015 -0.013086 3.078467 
0.619 -0.50 -0.52 0.0249 0.0261 0.1418 -0.0015 -0.013086 3.078466 
0.620 -0.50 -0.52 0.0249 0.0261 0.1418 -0.0015 -0.013086 3.078470 
0.621 -0.50 -0.52 0.0249 0.0261 0.1418 -0.0015 -0.013086 3.078480 
0.622 -0.50 -0.52 0.0249 0.0261 0.1418 -0.0015 -0.013086 3.078488 
0.623 -0.50 -0.52 0.0249 0.0261 0.1418 -0.0015 -0.013086 3.078491 
0.624 -0.50 -0.52 0.0249 0.0261 0.1418 -0.0015 -0.013086 3.078482 
0.625 -0.50 -0.52 0.0249 0.0261 0.1418 -0.0015 -0.013086 3.078467 
0.626 -0.50 -0.49 0.0249 0.0248 0.1418 -0.0015 -0.013086 3.078457 
0.627 -0.50 -0.47 0.0249 0.0233 0.1418 -0.0015 -0.013086 3.078458 
0.628 -0.50 -0.44 0.0249 0.0221 0.1418 -0.0015 -0.013086 3.078466 
0.629 -0.50 -0.42 0.0249 0.0209 0.1418 -0.0015 -0.013086 3.078475 
0.630 -0.50 -0.40 0.0249 0.0199 0.1418 -0.0015 -0.013086 3.078478 
0.631 -0.49 -0.38 0.0248 0.0190 0.1418 -0.0015 -0.013086 3.078474 
0.632 -0.47 0.37 0.0233 -0.0183 0.1416 -0.0015 -0.015704 3.078466 
0.633 -0.44 0.37 0.0221 -0.0183 0.1416 -0.0015 -0.015704 3.078460 
0.634 0.43 0.37 -0.0218 -0.0183 0.1414 -0.0015 -0.013086 3.078457 
0.635 0.43 0.37 -0.0218 -0.0183 0.1414 -0.0015 -0.013086 3.078462 
0.636 0.43 0.37 -0.0218 -0.0183 0.1414 -0.0015 -0.013086 3.078470 
0.637 0.43 0.37 -0.0218 -0.0183 0.1414 -0.0015 -0.013086 3.078474 
0.638 0.43 0.37 -0.0218 -0.0183 0.1414 -0.0015 -0.013086 3.078472 
0.639 0.43 0.37 -0.0218 -0.0183 0.1414 -0.0015 -0.013086 3.078468 
0.640 0.43 0.37 -0.0218 -0.0183 0.1414 -0.0015 -0.013086 3.078465 
0.641 0.43 0.37 -0.0218 -0.0183 0.1414 -0.0015 -0.013086 3.078467 
0.642 0.43 0.37 -0.0218 -0.0183 0.1414 -0.0015 -0.013086 3.078474 
0.643 0.43 0.37 -0.0218 -0.0183 0.1414 -0.0015 -0.013086 3.078483 
0.644 0.43 0.37 -0.0218 -0.0183 0.1414 -0.0015 -0.013086 3.078492 
0.645 0.43 0.37 -0.0218 -0.0183 0.1414 -0.0015 -0.013086 3.078500 
0.646 0.43 0.37 -0.0218 -0.0183 0.1414 -0.0015 -0.013086 3.078501 
0.647 0.43 -0.54 -0.0218 0.0269 0.1416 -0.0015 -0.010469 3.078498 
0.648 0.43 -0.54 -0.0218 0.0269 0.1416 -0.0015 -0.010469 3.078498 
0.649 -0.53 -0.54 0.0263 0.0269 0.1418 -0.0015 -0.013086 3.078500 
0.650 -0.53 -0.54 0.0263 0.0269 0.1418 -0.0015 -0.013086 3.078504 
0.651 -0.53 -0.54 0.0263 0.0269 0.1418 -0.0015 -0.013086 3.078510 
0.652 -0.53 -0.54 0.0263 0.0269 0.1418 -0.0015 -0.013086 3.078513 
0.653 -0.53 -0.54 0.0263 0.0269 0.1418 -0.0015 -0.013086 3.078512 
0.654 -0.53 -0.54 0.0263 0.0269 0.1418 -0.0015 -0.013086 3.078507 
0.655 -0.53 -0.54 0.0263 0.0269 0.1418 -0.0015 -0.013086 3.078499 
0.656 -0.53 -0.54 0.0263 0.0269 0.1418 -0.0015 -0.013086 3.078493 
0.657 -0.53 -0.54 0.0263 0.0269 0.1418 -0.0015 -0.013086 3.078490 
0.658 -0.53 -0.54 0.0263 0.0269 0.1418 -0.0015 -0.013086 3.078488 
0.659 -0.53 0.68 0.0263 -0.0340 0.1416 -0.0015 -0.015704 3.078484 
0.660 -0.53 0.68 0.0263 -0.0340 0.1416 -0.0015 -0.015704 3.078478 
0.661 -0.53 0.68 0.0263 -0.0340 0.1416 -0.0015 -0.015704 3.078473 
0.662 -0.53 0.68 0.0263 -0.0340 0.1416 -0.0015 -0.015704 3.078468 
0.663 -0.53 0.68 0.0263 -0.0340 0.1416 -0.0015 -0.015704 3.078464 
0.664 -0.53 0.68 0.0263 -0.0340 0.1416 -0.0015 -0.015704 3.078463 
0.665 -0.50 0.68 0.0248 -0.0340 0.1416 -0.0015 -0.015704 3.078464 
0.666 0.49 0.68 -0.0247 -0.0340 0.1414 -0.0015 -0.013086 3.078462 
0.667 0.49 0.68 -0.0247 -0.0340 0.1414 -0.0015 -0.013086 3.078460 
0.668 0.49 0.68 -0.0247 -0.0340 0.1414 -0.0015 -0.013086 3.078460 
0.669 0.49 -0.88 -0.0247 0.0439 0.1416 -0.0015 -0.010469 3.078462 
0.670 0.49 -0.88 -0.0247 0.0439 0.1416 -0.0015 -0.010469 3.078466 
0.671 0.49 -0.88 -0.0247 0.0439 0.1416 -0.0015 -0.010469 3.078471 
0.672 0.49 -0.88 -0.0247 0.0439 0.1416 -0.0015 -0.010469 3.078475 
0.673 0.49 -0.88 -0.0247 0.0439 0.1416 -0.0015 -0.010469 3.078478 
0.674 0.49 -0.88 -0.0247 0.0439 0.1416 -0.0015 -0.010469 3.078482 
0.675 0.49 -0.88 -0.0247 0.0439 0.1416 -0.0015 -0.010469 3.078485 
0.676 0.49 -0.88 -0.0247 0.0439 0.1416 -0.0015 -0.010469 3.078489 
0.677 0.49 -0.88 -0.0247 0.0439 0.1416 -0.0015 -0.010469 3.078491 
0.678 0.49 -0.82 -0.0247 0.0408 0.1416 -0.0015 -0.010469 3.078491 
0.679 0.49 -0.74 -0.0247 0.0371 0.1416 -0.0015 -0.010469 3.078490 
0.680 -0.49 -0.68 0.0247 0.0340 0.1418 -0.0015 -0.013086 3.078487 
0.681 -0.55 -0.63 0.0273 0.0314 0.1418 -0.0015 -0.013086 3.078483 
0.682 -0.55 0.61 0.0273 -0.0306 0.1416 -0.0015 -0.015704 3.078480 
0.683 -0.55 0.61 0.0273 -0.0306 0.1416 -0.0015 -0.015704 3.078482 
0.684 -0.55 0.61 0.0273 -0.0306 0.1416 -0.0015 -0.015704 3.078481 
0.685 -0.55 0.61 0.0273 -0.0306 0.1416 -0.0015 -0.015704 3.078479 
0.686 -0.55 0.61 0.0273 -0.0306 0.1416 -0.0015 -0.015704 3.078476 
0.687 -0.55 0.61 0.0273 -0.0306 0.1416 -0.0015 -0.015704 3.078468 
0.688 -0.55 0.61 0.0273 -0.0306 0.1416 -0.0015 -0.015704 3.078457 
0.689 -0.55 0.61 0.0273 -0.0306 0.1416 -0.0015 -0.015704 3.078451 
0.690 -0.55 0.61 0.0273 -0.0306 0.1416 -0.0015 -0.015704 3.078446 
0.691 -0.55 0.61 0.0273 -0.0306 0.1416 -0.0015 -0.015704 3.078436 
0.692 -0.55 0.61 0.0273 -0.0306 0.1416 -0.0015 -0.015704 3.078429 
0.693 -0.55 0.61 0.0273 -0.0306 0.1416 -0.0015 -0.015704 3.078429 
0.694 -0.55 0.61 0.0273 -0.0306 0.1416 -0.0015 -0.015704 3.078428 
0.695 -0.54 0.59 0.0270 -0.0297 0.1416 -0.0015 -0.015704 3.078423 
0.696 -0.51 0.55 0.0254 -0.0277 0.1416 -0.0015 -0.015704 3.078417 
0.697 0.50 0.52 -0.0248 -0.0259 0.1414 -0.0015 -0.013086 3.078408 
0.698 0.50 -0.50 -0.0248 0.0249 0.1416 -0.0015 -0.010469 3.078400 
0.699 0.50 -0.50 -0.0248 0.0249 0.1416 -0.0015 -0.010469 3.078396 
0.700 0.50 -0.50 -0.0248 0.0249 0.1416 -0.0015 -0.010469 3.078393 
0.701 0.50 -0.50 -0.0248 0.0249 0.1416 -0.0015 -0.010469 3.078390 
0.702 0.50 -0.50 -0.0248 0.0249 0.1416 -0.0015 -0.010469 3.078386 
0.703 0.50 -0.50 -0.0248 0.0249 0.1416 -0.0015 -0.010469 3.078385 
0.704 0.50 -0.50 -0.0248 0.0249 0.1416 -0.0015 -0.010469 3.078387 
0.705 0.50 -0.50 -0.0248 0.0249 0.1416 -0.0015 -0.010469 3.078390 
0.706 0.50 -0.50 -0.0248 0.0249 0.1416 -0.0015 -0.010469 3.078393 
0.707 0.50 -0.50 -0.0248 0.0249 0.1416 -0.0015 -0.010469 3.078392 
0.708 0.50 -0.50 -0.0248 0.0249 0.1416 -0.0015 -0.010469 3.078386 
0.709 0.50 -0.50 -0.0248 0.0249 0.1416 -0.0015 -0.010469 3.078376 
0.710 0.50 -0.50 -0.0248 0.0249 0.1416 -0.0015 -0.010469 3.078366 
0.711 0.50 -0.50 -0.0248 0.0249 0.1416 -0.0015 -0.010469 3.078359 
0.712 -0.54 -0.50 0.0272 0.0249 0.1418 -0.0015 -0.013086 3.078360 
0.713 -0.54 -0.50 0.0272 0.0249 0.1418 -0.0015 -0.013086 3.078363 
0.714 -0.54 -0.49 0.0272 0.0248 0.1418 -0.0015 -0.013086 3.078366 
0.715 -0.54 -0.47 0.0272 0.0233 0.1418 -0.0015 -0.013086 3.078367 
0.716 -0.54 -0.44 0.0272 0.0221 0.1418 -0.0015 -0.013086 3.078362 
0.717 -0.54 -0.42 0.0272 0.0209 0.1418 -0.0015 -0.013086 3.078357 
0.718 -0.54 -0.40 0.0272 0.0199 0.1418 -0.0015 -0.013086 3.078352 
0.719 -0.54 -0.38 0.0272 0.0190 0.1418 -0.0015 -0.013086 3.078349 
0.720 -0.54 0.37 0.0272 -0.0187 0.1416 -0.0015 -0.015704 3.078347 
0.721 -0.54 0.37 0.0272 -0.0187 0.1416 -0.0015 -0.015704 3.078351 
0.722 -0.54 0.37 0.0272 -0.0187 0.1416 -0.0015 -0.015704 3.078356 
0.723 -0.54 0.37 0.0272 -0.0187 0.1416 -0.0015 -0.015704 3.078354 
0.724 -0.54 0.37 0.0272 -0.0187 0.1416 -0.0015 -0.015704 3.078356 
0.725 -0.54 0.37 0.0272 -0.0187 0.1416 -0.0015 -0.015704 3.078357 
0.726 -0.54 0.37 0.0272 -0.0187 0.1416 -0.0015 -0.015704 3.078354 
0.727 -0.52 0.37 0.0258 -0.0187 0.1416 -0.0015 -0.015704 3.078351 
0.728 -0.48 0.37 0.0242 -0.0187 0.1416 -0.0015 -0.015704 3.078347 
0.729 0.47 0.37 -0.0235 -0.0187 0.1414 -0.0015 -0.013086 3.078338 
0.730 0.47 0.37 -0.0235 -0.0187 0.1414 -0.0015 -0.013086 3.078329 
0.731 0.47 0.37 -0.0235 -0.0187 0.1414 -0.0015 -0.013086 3.078330 
0.732 0.47 0.37 -0.0235 -0.0187 0.1414 -0.0015 -0.013086 3.078338 
0.733 0.47 -0.62 -0.0235 0.0313 0.1416 -0.0015 -0.010469 3.078341 
0.734 0.47 -0.62 -0.0235 0.0313 0.1416 -0.0015 -0.010469 3.078335 
0.735 0.47 -0.62 -0.0235 0.0313 0.1416 -0.0015 -0.010469 3.078331 
0.736 0.47 -0.62 -0.0235 0.0313 0.1416 -0.0015 -0.010469 3.078333 
0.737 0.47 -0.62 -0.0235 0.0313 0.1416 -0.0015 -0.010469 3.078337 
0.738 0.47 -0.62 -0.0235 0.0313 0.1416 -0.0015 -0.010469 3.078342 
0.739 0.47 -0.62 -0.0235 0.0313 0.1416 -0.0015 -0.010469 3.078350 
0.740 0.47 -0.62 -0.0235 0.0313 0.1416 -0.0015 -0.010469 3.078353 
0.741 0.47 -0.62 -0.0235 0.0313 0.1416 -0.0015 -0.010469 3.078347 
0.742 0.47 -0.62 -0.0235 0.0313 0.1416 -0.0015 -0.010469 3.078338 
0.743 0.47 -0.62 -0.0235 0.0313 0.1416 -0.0015 -0.010469 3.078332 
0.744 -0.54 0.71 0.0270 -0.0354 0.1416 -0.0015 -0.015704 3.078333 
0.745 -0.54 0.71 0.0270 -0.0354 0.1416 -0.0015 -0.015704 3.078338 
0.746 -0.54 0.71 0.0270 -0.0354 0.1416 -0.0015 -0.015704 3.078339 
0.747 -0.54 0.71 0.0270 -0.0354 0.1416 -0.0015 -0.015704 3.078332 
0.748 -0.54 0.71 0.0270 -0.0354 0.1416 -0.0015 -0.015704 3.078324 
0.749 -0.54 0.71 0.0270 -0.0354 0.1416 -0.0015 -0.015704 3.078319 
0.750 -0.54 0.71 0.0270 -0.0354 0.1416 -0.0015 -0.015704 3.078315 
0.751 -0.54 0.71 0.0270 -0.0354 0.1416 -0.0015 -0.015704 3.078312 
0.752 -0.54 0.71 0.0270 -0.0354 0.1416 -0.0015 -0.015704 3.078315 
0.753 -0.54 0.71 0.0270 -0.0354 0.1416 -0.0015 -0.015704 3.078321 
0.754 -0.54 0.71 0.0270 -0.0354 0.1416 -0.0015 -0.015704 3.078329 
0.755 -0.54 -0.72 0.0270 0.0363 0.1418 -0.0015 -0.013086 3.078337 
0.756 -0.54 -0.72 0.0270 0.0363 0.1418 -0.0015 -0.013086 3.078343 
0.757 -0.54 -0.72 0.0270 0.0363 0.1418 -0.0015 -0.013086 3.078347 
0.758 -0.54 -0.72 0.0270 0.0363 0.1418 -0.0015 -0.013086 3.078352 
0.759 -0.52 -0.72 0.0262 0.0363 0.1418 -0.0015 -0.013086 3.078356 
0.760 -0.49 -0.72 0.0246 0.0363 0.1418 -0.0015 -0.013086 3.078357 
0.761 0.48 -0.72 -0.0242 0.0363 0.1416 -0.0015 -0.010469 3.078357 
0.762 0.48 -0.72 -0.0242 0.0363 0.1416 -0.0015 -0.010469 3.078354 
0.763 0.48 -0.72 -0.0242 0.0363 0.1416 -0.0015 -0.010469 3.078349 
0.764 0.48 -0.72 -0.0242 0.0363 0.1416 -0.0015 -0.010469 3.078348 
0.765 0.48 -0.72 -0.0242 0.0363 0.1416 -0.0015 -0.010469 3.078350 
0.766 0.48 -0.72 -0.0242 0.0363 0.1416 -0.0015 -0.010469 3.078353 
0.767 0.48 -0.67 -0.0242 0.0336 0.1416 -0.0015 -0.010469 3.078355 
0.768 0.48 -0.62 -0.0242 0.0310 0.1416 -0.0015 -0.010469 3.078355 
0.769 0.48 0.61 -0.0242 -0.0306 0.1414 -0.0015 -0.013086 3.078352 
0.770 0.48 0.61 -0.0242 -0.0306 0.1414 -0.0015 -0.013086 3.078352 
0.771 0.48 0.61 -0.0242 -0.0306 0.1414 -0.0015 -0.013086 3.078354 
0.772 0.48 0.61 -0.0242 -0.0306 0.1414 -0.0015 -0.013086 3.078354 
0.773 0.48 0.61 -0.0242 -0.0306 0.1414 -0.0015 -0.013086 3.078351 
0.774 0.48 0.61 -0.0242 -0.0306 0.1414 -0.0015 -0.013086 3.078348 
0.775 0.48 0.61 -0.0242 -0.0306 0.1414 -0.0015 -0.013086 3.078344 
0.776 -0.52 0.61 0.0261 -0.0306 0.1416 -0.0015 -0.015704 3.078338 
0.777 -0.52 0.61 0.0261 -0.0306 0.1416 -0.0015 -0.015704 3.078338 
0.778 -0.52 0.61 0.0261 -0.0306 0.1416 -0.0015 -0.015704 3.078350 
0.779 -0.52 0.61 0.0261 -0.0306 0.1416 -0.0015 -0.015704 3.078360 
0.780 -0.52 0.61 0.0261 -0.0306 0.1416 -0.0015 -0.015704 3.078372 
0.781 -0.52 0.61 0.0261 -0.0306 0.1416 -0.0015 -0.015704 3.078377 
0.782 -0.52 0.59 0.0261 -0.0294 0.1416 -0.0015 -0.015704 3.078376 
0.783 -0.52 -0.57 0.0261 0.0284 0.1418 -0.0015 -0.013086 3.078369 
0.784 -0.52 -0.57 0.0261 0.0284 0.1418 -0.0015 -0.013086 3.078361 
0.785 -0.52 -0.57 0.0261 0.0284 0.1418 -0.0015 -0.013086 3.078356 
0.786 -0.52 -0.57 0.0261 0.0284 0.1418 -0.0015 -0.013086 3.078356 
0.787 -0.52 -0.57 0.0261 0.0284 0.1418 -0.0015 -0.013086 3.078363 
0.788 -0.52 -0.57 0.0261 0.0284 0.1418 -0.0015 -0.013086 3.078370 
0.789 -0.52 -0.57 0.0261 0.0284 0.1418 -0.0015 -0.013086 3.078373 
0.790 -0.52 -0.57 0.0261 0.0284 0.1418 -0.0015 -0.013086 3.078373 
0.791 -0.52 -0.57 0.0261 0.0284 0.1418 -0.0015 -0.013086 3.078377 
0.792 -0.50 -0.57 0.0251 0.0284 0.1418 -0.0015 -0.013086 3.078378 
0.793 -0.47 -0.57 0.0236 0.0284 0.1418 -0.0015 -0.013086 3.078375 
0.794 0.46 -0.57 -0.0230 0.0284 0.1416 -0.0015 -0.010469 3.078376 
0.795 0.46 -0.57 -0.0230 0.0284 0.1416 -0.0015 -0.010469 3.078376 
0.796 0.46 -0.57 -0.0230 0.0284 0.1416 -0.0015 -0.010469 3.078374 
0.797 0.46 -0.56 -0.0230 0.0280 0.1416 -0.0015 -0.010469 3.078372 
0.798 0.46 -0.52 -0.0230 0.0262 0.1416 -0.0015 -0.010469 3.078368 
0.799 0.46 -0.49 -0.0230 0.0246 0.1416 -0.0015 -0.010469 3.078362 
0.800 0.46 -0.46 -0.0230 0.0232 0.1416 -0.0015 -0.010469 3.078360 
0.801 0.46 0.45 -0.0230 -0.0223 0.1414 -0.0015 -0.013086 3.078362 
0.802 0.46 0.45 -0.0230 -0.0223 0.1414 -0.0015 -0.013086 3.078364 
0.803 0.46 0.45 -0.0230 -0.0223 0.1414 -0.0015 -0.013086 3.078365 
0.804 0.46 0.45 -0.0230 -0.0223 0.1414 -0.0015 -0.013086 3.078364 
0.805 0.46 0.45 -0.0230 -0.0223 0.1414 -0.0015 -0.013086 3.078361 
0.806 0.46 0.45 -0.0230 -0.0223 0.1414 -0.0015 -0.013086 3.078357 
0.807 0.46 0.45 -0.0230 -0.0223 0.1414 -0.0015 -0.013086 3.078359 
0.808 0.46 0.45 -0.0230 -0.0223 0.1414 -0.0015 -0.013086 3.078359 
0.809 -0.54 0.45 0.0269 -0.0223 0.1416 -0.0015 -0.015704 3.078366 
0.810 -0.54 0.45 0.0269 -0.0223 0.1416 -0.0015 -0.015704 3.078379 
0.811 -0.54 0.45 0.0269 -0.0223 0.1416 -0.0015 -0.015704 3.078384 
0.812 -0.54 0.45 0.0269 -0.0223 0.1416 -0.0015 -0.015704 3.078391 
0.813 -0.54 0.45 0.0269 -0.0223 0.1416 -0.0015 -0.015704 3.078399 
0.814 -0.54 0.45 0.0269 -0.0223 0.1416 -0.0015 -0.015704 3.078406 
0.815 -0.54 -0.59 0.0269 0.0294 0.1418 -0.0015 -0.013086 3.078405 
0.816 -0.54 -0.59 0.0269 0.0294 0.1418 -0.0015 -0.013086 3.078397 
0.817 -0.54 -0.59 0.0269 0.0294 0.1418 -0.0015 -0.013086 3.078387 
0.818 -0.54 -0.59 0.0269 0.0294 0.1418 -0.0015 -0.013086 3.078382 
0.819 -0.54 -0.59 0.0269 0.0294 0.1418 -0.0015 -0.013086 3.078387 
0.820 -0.54 -0.59 0.0269 0.0294 0.1418 -0.0015 -0.013086 3.078391 
0.821 -0.54 -0.59 0.0269 0.0294 0.1418 -0.0015 -0.013086 3.078390 
0.822 -0.54 -0.59 0.0269 0.0294 0.1418 -0.0015 -0.013086 3.078386 
0.823 -0.54 -0.59 0.0269 0.0294 0.1418 -0.0015 -0.013086 3.078378 
0.824 -0.52 -0.59 0.0262 0.0294 0.1418 -0.0015 -0.013086 3.078372 
0.825 0.49 -0.59 -0.0247 0.0294 0.1416 -0.0015 -0.010469 3.078370 
0.826 0.49 -0.59 -0.0247 0.0294 0.1416 -0.0015 -0.010469 3.078367 
0.827 0.49 -0.59 -0.0247 0.0294 0.1416 -0.0015 -0.010469 3.078365 
0.828 0.49 -0.59 -0.0247 0.0294 0.1416 -0.0015 -0.010469 3.078365 
0.829 0.49 0.58 -0.0247 -0.0289 0.1414 -0.0015 -0.013086 3.078361 
0.830 0.49 0.58 -0.0247 -0.0289 0.1414 -0.0015 -0.013086 3.078349 
0.831 0.49 0.58 -0.0247 -0.0289 0.1414 -0.0015 -0.013086 3.078337 
0.832 0.49 0.58 -0.0247 -0.0289 0.1414 -0.0015 -0.013086 3.078328 
0.833 0.49 0.58 -0.0247 -0.0289 0.1414 -0.0015 -0.013086 3.078322 
0.834 0.49 0.58 -0.0247 -0.0289 0.1414 -0.0015 -0.013086 3.078320 
0.835 0.49 0.58 -0.0247 -0.0289 0.1414 -0.0015 -0.013086 3.078320 
0.836 0.49 0.58 -0.0247 -0.0289 0.1414 -0.0015 -0.013086 3.078320 
0.837 0.49 0.58 -0.0247 -0.0289 0.1414 -0.0015 -0.013086 3.078322 
0.838 0.49 0.58 -0.0247 -0.0289 0.1414 -0.0015 -0.013086 3.078327 
0.839 -0.61 0.58 0.0305 -0.0289 0.1416 -0.0015 -0.015704 3.078329 
0.840 -0.61 0.58 0.0305 -0.0289 0.1416 -0.0015 -0.015704 3.078329 
0.841 -0.61 0.58 0.0305 -0.0289 0.1416 -0.0015 -0.015704 3.078332 
0.842 -0.61 0.58 0.0305 -0.0289 0.1416 -0.0015 -0.015704 3.078338 
0.843 -0.61 -0.59 0.0305 0.0295 0.1418 -0.0015 -0.013086 3.078344 
0.844 -0.61 -0.59 0.0305 0.0295 0.1418 -0.0015 -0.013086 3.078348 
0.845 -0.61 -0.59 0.0305 0.0295 0.1418 -0.0015 -0.013086 3.078347 
0.846 -0.61 -0.59 0.0305 0.0295 0.1418 -0.0015 -0.013086 3.078344 
0.847 -0.61 -0.59 0.0305 0.0295 0.1418 -0.0015 -0.013086 3.078342 
0.848 -0.61 -0.59 0.0305 0.0295 0.1418 -0.0015 -0.013086 3.078346 
0.849 -0.61 -0.59 0.0305 0.0295 0.1418 -0.0015 -0.013086 3.078353 
0.850 -0.61 -0.59 0.0305 0.0295 0.1418 -0.0015 -0.013086 3.078358 
0.851 -0.61 -0.59 0.0305 0.0295 0.1418 -0.0015 -0.013086 3.078360 
0.852 -0.59 -0.59 0.0296 0.0295 0.1418 -0.0015 -0.013086 3.078353 
0.853 -0.55 -0.59 0.0276 0.0295 0.1418 -0.0015 -0.013086 3.078338 
0.854 -0.52 -0.59 0.0259 0.0295 0.1418 -0.0015 -0.013086 3.078323 
0.855 0.51 -0.59 -0.0255 0.0295 0.1416 -0.0015 -0.010469 3.078310 
0.856 0.51 -0.59 -0.0255 0.0295 0.1416 -0.0015 -0.010469 3.078301 
0.857 0.51 -0.55 -0.0255 0.0275 0.1416 -0.0015 -0.010469 3.078296 
0.858 0.51 -0.52 -0.0255 0.0258 0.1416 -0.0015 -0.010469 3.078290 
0.859 0.51 -0.48 -0.0255 0.0242 0.1416 -0.0015 -0.010469 3.078285 
0.860 0.51 0.47 -0.0255 -0.0236 0.1414 -0.0015 -0.013086 3.078279 
0.861 0.51 0.47 -0.0255 -0.0236 0.1414 -0.0015 -0.013086 3.078270 
0.862 0.51 0.47 -0.0255 -0.0236 0.1414 -0.0015 -0.013086 3.078258 
0.863 0.51 0.47 -0.0255 -0.0236 0.1414 -0.0015 -0.013086 3.078249 
0.864 0.51 0.47 -0.0255 -0.0236 0.1414 -0.0015 -0.013086 3.078247 
0.865 0.51 0.47 -0.0255 -0.0236 0.1414 -0.0015 -0.013086 3.078249 
0.866 0.51 0.47 -0.0255 -0.0236 0.1414 -0.0015 -0.013086 3.078249 
0.867 0.51 0.47 -0.0255 -0.0236 0.1414 -0.0015 -0.013086 3.078242 
0.868 0.51 0.47 -0.0255 -0.0236 0.1414 -0.0015 -0.013086 3.078236 
0.869 0.51 0.47 -0.0255 -0.0236 0.1414 -0.0015 -0.013086 3.078234 
0.870 -0.52 0.47 0.0259 -0.0236 0.1416 -0.0015 -0.015704 3.078236 
0.871 -0.52 0.47 0.0259 -0.0236 0.1416 -0.0015 -0.015704 3.078243 
0.872 -0.52 0.47 0.0259 -0.0236 0.1416 -0.0015 -0.015704 3.078249 
0.873 -0.52 0.47 0.0259 -0.0236 0.1416 -0.0015 -0.015704 3.078254 
0.874 -0.52 -0.57 0.0259 0.0284 0.1418 -0.0015 -0.013086 3.078256 
0.875 -0.52 -0.57 0.0259 0.0284 0.1418 -0.0015 -0.013086 3.078252 
0.876 -0.52 -0.57 0.0259 0.0284 0.1418 -0.0015 -0.013086 3.078246 
0.877 -0.52 -0.57 0.0259 0.0284 0.1418 -0.0015 -0.013086 3.078243 
0.878 -0.52 -0.57 0.0259 0.0284 0.1418 -0.0015 -0.013086 3.078247 
0.879 -0.52 -0.57 0.0259 0.0284 0.1418 -0.0015 -0.013086 3.078250 
0.880 -0.52 -0.57 0.0259 0.0284 0.1418 -0.0015 -0.013086 3.078251 
0.881 -0.52 -0.57 0.0259 0.0284 0.1418 -0.0015 -0.013086 3.078249 
0.882 -0.52 -0.57 0.0259 0.0284 0.1418 -0.0015 -0.013086 3.078248 
0.883 -0.52 -0.57 0.0259 0.0284 0.1418 -0.0015 -0.013086 3.078244 
0.884 -0.52 -0.57 0.0259 0.0284 0.1418 -0.0015 -0.013086 3.078237 
0.885 -0.52 -0.57 0.0259 0.0284 0.1418 -0.0015 -0.013086 3.078231 
0.886 -0.50 -0.57 0.0251 0.0284 0.1418 -0.0015 -0.013086 3.078231 
0.887 -0.47 -0.57 0.0237 0.0284 0.1418 -0.0015 -0.013086 3.078234 
0.888 0.46 0.58 -0.0230 -0.0291 0.1414 -0.0015 -0.013086 3.078233 
0.889 0.46 0.58 -0.0230 -0.0291 0.1414 -0.0015 -0.013086 3.078226 
0.890 0.46 0.58 -0.0230 -0.0291 0.1414 -0.0015 -0.013086 3.078215 
0.891 0.46 0.58 -0.0230 -0.0291 0.1414 -0.0015 -0.013086 3.078203 
0.892 0.46 0.58 -0.0230 -0.0291 0.1414 -0.0015 -0.013086 3.078193 
0.893 0.46 0.58 -0.0230 -0.0291 0.1414 -0.0015 -0.013086 3.078188 
0.894 0.46 0.58 -0.0230 -0.0291 0.1414 -0.0015 -0.013086 3.078184 
0.895 0.46 0.58 -0.0230 -0.0291 0.1414 -0.0015 -0.013086 3.078177 
0.896 0.46 0.58 -0.0230 -0.0291 0.1414 -0.0015 -0.013086 3.078171 
0.897 0.46 0.58 -0.0230 -0.0291 0.1414 -0.0015 -0.013086 3.078172 
0.898 0.46 0.58 -0.0230 -0.0291 0.1414 -0.0015 -0.013086 3.078177 
0.899 0.46 0.58 -0.0230 -0.0291 0.1414 -0.0015 -0.013086 3.078182 
0.900 0.46 0.58 -0.0230 -0.0291 0.1414 -0.0015 -0.013086 3.078188 
0.901 0.46 -0.65 -0.0230 0.0323 0.1416 -0.0015 -0.010469 3.078194 
0.902 -0.56 -0.65 0.0280 0.0323 0.1418 -0.0015 -0.013086 3.078201 
0.903 -0.56 -0.65 0.0280 0.0323 0.1418 -0.0015 -0.013086 3.078211 
0.904 -0.56 -0.65 0.0280 0.0323 0.1418 -0.0015 -0.013086 3.078222 
0.905 -0.56 -0.65 0.0280 0.0323 0.1418 -0.0015 -0.013086 3.078228 
0.906 -0.56 -0.65 0.0280 0.0323 0.1418 -0.0015 -0.013086 3.078228 
0.907 -0.56 -0.65 0.0280 0.0323 0.1418 -0.0015 -0.013086 3.078225 
0.908 -0.56 -0.65 0.0280 0.0323 0.1418 -0.0015 -0.013086 3.078224 
0.909 -0.56 -0.65 0.0280 0.0323 0.1418 -0.0015 -0.013086 3.078230 
0.910 -0.56 -0.65 0.0280 0.0323 0.1418 -0.0015 -0.013086 3.078239 
0.911 -0.56 -0.65 0.0280 0.0323 0.1418 -0.0015 -0.013086 3.078245 
0.912 -0.56 -0.65 0.0280 0.0323 0.1418 -0.0015 -0.013086 3.078244 
0.913 -0.56 -0.64 0.0280 0.0318 0.1418 -0.0015 -0.013086 3.078237 
0.914 -0.56 -0.59 0.0280 0.0295 0.1418 -0.0015 -0.013086 3.078230 
0.915 -0.56 -0.55 0.0280 0.0275 0.1418 -0.0015 -0.013086 3.078225 
0.916 -0.56 0.52 0.0280 -0.0259 0.1416 -0.0015 -0.015704 3.078223 
0.917 -0.54 0.52 0.0270 -0.0259 0.1416 -0.0015 -0.015704 3.078218 
0.918 0.52 0.52 -0.0261 -0.0259 0.1414 -0.0015 -0.013086 3.078216 
0.919 0.52 0.52 -0.0261 -0.0259 0.1414 -0.0015 -0.013086 3.078215 
0.920 0.52 0.52 -0.0261 -0.0259 0.1414 -0.0015 -0.013086 3.078210 
0.921 0.52 0.52 -0.0261 -0.0259 0.1414 -0.0015 -0.013086 3.078203 
0.922 0.52 0.52 -0.0261 -0.0259 0.1414 -0.0015 -0.013086 3.078197 
0.923 0.52 0.52 -0.0261 -0.0259 0.1414 -0.0015 -0.013086 3.078188 
0.924 0.52 0.52 -0.0261 -0.0259 0.1414 -0.0015 -0.013086 3.078181 
0.925 0.52 0.52 -0.0261 -0.0259 0.1414 -0.0015 -0.013086 3.078182 
0.926 0.52 0.52 -0.0261 -0.0259 0.1414 -0.0015 -0.013086 3.078188 
0.927 0.52 0.52 -0.0261 -0.0259 0.1414 -0.0015 -0.013086 3.078195 
0.928 0.52 0.52 -0.0261 -0.0259 0.1414 -0.0015 -0.013086 3.078209 
0.929 0.52 0.52 -0.0261 -0.0259 0.1414 -0.0015 -0.013086 3.078219 
0.930 0.52 -0.59 -0.0261 0.0297 0.1416 -0.0015 -0.010469 3.078222 
0.931 0.52 -0.59 -0.0261 0.0297 0.1416 -0.0015 -0.010469 3.078222 
0.932 -0.57 -0.59 0.0287 0.0297 0.1418 -0.0015 -0.013086 3.078220 
0.933 -0.57 -0.59 0.0287 0.0297 0.1418 -0.0015 -0.013086 3.078221 
0.934 -0.57 -0.59 0.0287 0.0297 0.1418 -0.0015 -0.013086 3.078227 
0.935 -0.57 -0.59 0.0287 0.0297 0.1418 -0.0015 -0.013086 3.078235 
