%% logfile from robot Freja (4)
% Freja (4)
%  1    time 0.000 sec
%  2  3 Motor voltage [V] left, right: 6.20 6.20
%  4  5 Wheel velocity [m/s] left, right: -0.0000 0.0000
% 6 7 Turnrate [r/s]: 0.0000, steer angle [rad]: 0.0000
%  8  9 10 11 Pose x,y,h,tilt [m,m,rad,rad]: 0 0 0 3.06973
0.000 6.20 6.20 -0.0000 0.0000 0.0000 0.0000 0.0000 0.0000 0.000000 3.069728 
0.005 6.20 6.20 0.0000 0.0000 0.0000 0.0000 0.0004 0.0000 0.000000 3.069722 
0.010 2.22 1.88 0.3351 0.3567 0.1397 -0.0114 0.0018 0.0000 0.002617 3.069721 
0.015 1.24 1.51 0.4129 0.3909 -0.1420 0.0000 0.0037 0.0000 0.000000 3.069736 
0.020 1.32 1.43 0.4069 0.3977 -0.0596 0.0000 0.0057 0.0000 0.000000 3.069750 
0.025 1.41 1.42 0.3993 0.3984 -0.0059 0.0000 0.0077 0.0000 0.000000 3.069672 
0.030 1.43 1.41 0.3975 0.3991 0.0103 0.0000 0.0097 0.0000 0.000000 3.069752 
0.035 1.45 1.48 0.3956 0.3930 -0.0170 0.0000 0.0118 0.0000 0.000000 3.069762 
0.040 1.38 1.48 0.4015 0.3936 -0.0508 0.0000 0.0138 0.0000 0.000000 3.069831 
0.045 1.44 1.45 0.3969 0.3955 -0.0086 0.0000 0.0158 0.0000 0.000000 3.069798 
0.050 1.50 1.50 0.3913 0.3916 0.0017 0.0000 0.0178 0.0000 0.000000 3.069842 
0.055 1.48 1.47 0.3932 0.3942 0.0061 0.0000 0.0195 0.0000 0.000000 3.069817 
0.060 1.47 1.62 0.3945 0.3818 -0.0821 0.0000 0.0215 0.0000 0.000000 3.069831 
0.065 1.34 1.59 0.4046 0.3841 -0.1325 0.0000 0.0235 0.0000 0.000000 3.069825 
0.070 1.45 1.46 0.3960 0.3949 -0.0070 0.0000 0.0256 0.0000 0.000000 3.069814 
0.075 1.52 1.49 0.3862 0.3958 0.0620 0.0114 0.0274 0.0000 -0.002617 3.069829 
0.080 1.44 1.53 0.3936 0.3922 -0.0089 0.0114 0.0294 -0.0000 -0.002617 3.069800 
0.085 1.42 1.54 0.3952 0.3912 -0.0254 0.0114 0.0314 -0.0000 -0.002617 3.069808 
0.090 1.42 1.49 0.3980 0.3928 -0.0336 0.0000 0.0333 -0.0000 0.000000 3.069753 
0.095 1.44 1.46 0.3966 0.3946 -0.0129 0.0000 0.0353 -0.0000 0.000000 3.069765 
0.100 1.50 1.53 0.3918 0.3892 -0.0168 0.0000 0.0373 -0.0000 0.000000 3.069788 
0.105 1.44 1.56 0.3966 0.3864 -0.0654 0.0000 0.0394 -0.0000 0.000000 3.069768 
0.110 1.38 1.59 0.3983 0.3877 -0.0680 0.0114 0.0412 -0.0000 -0.002617 3.069783 
0.115 1.39 1.57 0.3976 0.3894 -0.0532 0.0114 0.0432 -0.0000 -0.002617 3.069781 
0.120 1.47 1.50 0.3905 0.3953 0.0312 0.0114 0.0452 -0.0000 -0.002617 3.069771 
0.125 1.46 1.52 0.3915 0.3936 0.0137 0.0114 0.0473 -0.0000 -0.002617 3.069757 
0.130 1.45 1.55 0.3958 0.3878 -0.0519 0.0000 0.0491 -0.0000 0.000000 3.069758 
0.135 1.37 1.57 0.3990 0.3894 -0.0622 0.0114 0.0509 -0.0000 -0.002617 3.069794 
0.140 1.41 1.52 0.3960 0.3933 -0.0174 0.0114 0.0529 -0.0000 -0.002617 3.069753 
0.145 1.45 1.49 0.3926 0.3959 0.0216 0.0114 0.0550 -0.0000 -0.002617 3.069744 
0.150 1.43 1.53 0.3945 0.3924 -0.0135 0.0114 0.0570 -0.0000 -0.002617 3.069731 
0.155 1.38 1.54 0.3984 0.3915 -0.0445 0.0114 0.0590 -0.0001 -0.002617 3.069718 
0.160 1.47 1.45 0.3940 0.3954 0.0094 0.0000 0.0609 -0.0001 0.000000 3.069704 
0.165 1.43 1.57 0.3941 0.3893 -0.0313 0.0114 0.0627 -0.0001 -0.002617 3.069691 
0.170 1.43 1.50 0.3942 0.3949 0.0046 0.0114 0.0647 -0.0001 -0.002617 3.069712 
0.175 1.44 1.47 0.3932 0.3975 0.0278 0.0114 0.0667 -0.0001 -0.002617 3.069714 
0.180 1.34 1.58 0.4013 0.3883 -0.0839 0.0114 0.0688 -0.0001 -0.002617 3.069713 
0.185 1.45 1.47 0.3927 0.3978 0.0327 0.0114 0.0708 -0.0001 -0.002617 3.069743 
0.190 1.48 1.49 0.3902 0.3959 0.0370 0.0114 0.0728 -0.0001 -0.002617 3.069765 
0.195 1.39 1.51 0.3977 0.3939 -0.0244 0.0114 0.0748 -0.0001 -0.002617 3.069761 
0.200 1.44 1.51 0.3937 0.3937 0.0002 0.0114 0.0765 -0.0001 -0.002617 3.069759 
0.205 1.38 1.52 0.3983 0.3933 -0.0325 0.0114 0.0785 -0.0001 -0.002617 3.069757 
0.210 1.44 1.48 0.3936 0.3965 0.0184 0.0114 0.0805 -0.0001 -0.002617 3.069782 
0.215 1.47 1.49 0.3908 0.3959 0.0327 0.0114 0.0826 -0.0001 -0.002617 3.069757 
0.220 1.44 1.49 0.3931 0.3956 0.0159 0.0114 0.0846 -0.0001 -0.002617 3.069742 
0.225 1.42 1.58 0.3946 0.3884 -0.0404 0.0114 0.0866 -0.0001 -0.002617 3.069758 
0.230 1.44 1.51 0.3935 0.3941 0.0038 0.0114 0.0886 -0.0001 -0.002617 3.069729 
0.235 1.49 1.36 0.3928 0.4034 0.0685 0.0000 0.0905 -0.0001 0.000000 3.069731 
0.240 1.50 1.49 0.3881 0.3963 0.0530 0.0114 0.0923 -0.0001 -0.002617 3.069733 
0.245 1.39 1.50 0.3973 0.3946 -0.0171 0.0114 0.0943 -0.0001 -0.002617 3.069731 
0.250 1.44 1.56 0.3931 0.3898 -0.0212 0.0114 0.0963 -0.0001 -0.002617 3.069714 
0.255 1.43 1.49 0.3938 0.3955 0.0113 0.0114 0.0984 -0.0001 -0.002617 3.069705 
0.260 1.45 1.44 0.3922 0.4002 0.0517 0.0114 0.1004 -0.0002 -0.002617 3.069723 
0.265 1.53 1.48 0.3890 0.3937 0.0303 0.0000 0.1022 -0.0002 0.000000 3.069713 
0.270 1.44 1.51 0.3966 0.3908 -0.0375 0.0000 0.1043 -0.0002 0.000000 3.069696 
0.275 1.39 1.56 0.3975 0.3896 -0.0510 0.0114 0.1061 -0.0002 -0.002617 3.069716 
0.280 1.44 1.54 0.3930 0.3919 -0.0069 0.0114 0.1081 -0.0002 -0.002617 3.069734 
0.285 1.47 1.40 0.3904 0.4033 0.0830 0.0114 0.1101 -0.0002 -0.002617 3.069703 
0.290 1.45 1.53 0.3923 0.3927 0.0027 0.0114 0.1122 -0.0002 -0.002617 3.069730 
0.295 1.40 1.58 0.3967 0.3887 -0.0520 0.0114 0.1142 -0.0002 -0.002617 3.069747 
0.300 1.51 1.41 0.3907 0.3995 0.0565 0.0000 0.1160 -0.0002 0.000000 3.069748 
0.305 1.46 1.40 0.3953 0.3996 0.0282 0.0000 0.1181 -0.0002 0.000000 3.069736 
0.310 1.39 1.43 0.3973 0.4010 0.0238 0.0114 0.1199 -0.0002 -0.002617 3.069723 
0.315 1.43 1.50 0.3943 0.3947 0.0030 0.0114 0.1219 -0.0002 -0.002617 3.069776 
0.320 1.38 1.52 0.3981 0.3932 -0.0314 0.0114 0.1239 -0.0002 -0.002617 3.069770 
0.325 1.45 1.45 0.3927 0.3996 0.0446 0.0114 0.1260 -0.0002 -0.002617 3.069786 
0.330 1.49 1.42 0.3891 0.4020 0.0826 0.0114 0.1280 -0.0002 -0.002617 3.069805 
0.335 1.54 1.46 0.3880 0.3953 0.0471 0.0000 0.1298 -0.0002 0.000000 3.069824 
0.340 1.50 1.52 0.3920 0.3898 -0.0142 0.0000 0.1318 -0.0002 0.000000 3.069802 
0.345 1.39 1.50 0.4007 0.3915 -0.0596 0.0000 0.1339 -0.0002 0.000000 3.069789 
0.350 1.42 1.49 0.3954 0.3963 0.0058 0.0114 0.1357 -0.0002 -0.002617 3.069795 
0.355 1.45 1.45 0.3921 0.3995 0.0476 0.0114 0.1377 -0.0002 -0.002617 3.069794 
0.360 1.38 1.53 0.3984 0.3929 -0.0355 0.0114 0.1398 -0.0002 -0.002617 3.069797 
0.365 1.39 1.56 0.3971 0.3901 -0.0449 0.0114 0.1418 -0.0002 -0.002617 3.069788 
0.370 1.42 1.45 0.3983 0.3962 -0.0136 0.0000 0.1436 -0.0002 0.000000 3.069792 
0.375 1.48 1.39 0.3933 0.4005 0.0464 0.0000 0.1456 -0.0002 0.000000 3.069798 
0.380 1.53 1.46 0.3888 0.3949 0.0396 0.0000 0.1477 -0.0002 0.000000 3.069787 
0.385 1.44 1.53 0.3968 0.3895 -0.0471 0.0000 0.1497 -0.0002 0.000000 3.069786 
0.390 1.40 1.57 0.3970 0.3887 -0.0535 0.0114 0.1515 -0.0002 -0.002617 3.069788 
0.395 1.41 1.53 0.3954 0.3924 -0.0199 0.0114 0.1535 -0.0002 -0.002617 3.069768 
0.400 1.46 1.43 0.3915 0.4005 0.0581 0.0114 0.1556 -0.0002 -0.002617 3.069753 
0.405 1.51 1.43 0.3910 0.3978 0.0440 0.0000 0.1574 -0.0003 0.000000 3.069784 
0.410 1.44 1.51 0.3970 0.3904 -0.0426 0.0000 0.1594 -0.0003 0.000000 3.069760 
0.415 1.45 1.46 0.3957 0.3950 -0.0046 0.0000 0.1615 -0.0003 0.000000 3.069747 
0.420 1.46 1.42 0.3948 0.3981 0.0218 0.0000 0.1635 -0.0003 0.000000 3.069750 
0.425 1.42 1.45 0.3952 0.3990 0.0247 0.0114 0.1653 -0.0003 -0.002617 3.069748 
0.430 1.45 1.49 0.3927 0.3959 0.0207 0.0114 0.1673 -0.0003 -0.002617 3.069762 
0.435 1.38 1.54 0.3981 0.3918 -0.0408 0.0114 0.1694 -0.0003 -0.002617 3.069706 
0.440 1.43 1.48 0.3940 0.3970 0.0191 0.0114 0.1714 -0.0003 -0.002617 3.069730 
0.445 1.47 1.44 0.3942 0.3969 0.0180 0.0000 0.1732 -0.0003 0.000000 3.069713 
0.450 1.50 1.43 0.3917 0.3974 0.0369 0.0000 0.1753 -0.0003 0.000000 3.069689 
0.455 1.47 1.50 0.3941 0.3917 -0.0158 0.0000 0.1773 -0.0003 0.000000 3.069679 
0.460 1.36 1.49 0.4032 0.3925 -0.0687 0.0000 0.1793 -0.0003 0.000000 3.069656 
0.465 1.41 1.50 0.3958 0.3947 -0.0073 0.0114 0.1811 -0.0003 -0.002617 3.069656 
0.470 1.50 1.44 0.3886 0.4000 0.0738 0.0114 0.1832 -0.0003 -0.002617 3.069639 
0.475 1.41 1.47 0.3958 0.3978 0.0131 0.0114 0.1852 -0.0003 -0.002617 3.069622 
0.480 1.39 1.50 0.3976 0.3953 -0.0151 0.0114 0.1872 -0.0003 -0.002617 3.069633 
0.485 1.44 1.46 0.3967 0.3952 -0.0100 0.0000 0.1890 -0.0003 0.000000 3.069619 
0.490 1.45 1.43 0.3960 0.3973 0.0084 0.0000 0.1911 -0.0003 0.000000 3.069625 
0.495 1.50 1.48 0.3917 0.3931 0.0096 0.0000 0.1931 -0.0003 0.000000 3.069633 
0.500 1.41 1.51 0.3993 0.3911 -0.0527 0.0000 0.1951 -0.0003 0.000000 3.069638 
0.505 1.36 1.56 0.4001 0.3901 -0.0643 0.0114 0.1970 -0.0003 -0.002617 3.069644 
0.510 1.39 1.52 0.3978 0.3937 -0.0267 0.0114 0.1990 -0.0003 -0.002617 3.069613 
0.515 1.44 1.44 0.3932 0.4004 0.0463 0.0114 0.2010 -0.0003 -0.002617 3.069621 
0.520 1.55 1.42 0.3878 0.3984 0.0681 0.0000 0.2028 -0.0003 0.000000 3.069629 
0.525 1.44 1.49 0.3970 0.3929 -0.0267 0.0000 0.2049 -0.0003 0.000000 3.069616 
0.530 1.41 1.43 0.3995 0.3977 -0.0115 0.0000 0.2069 -0.0003 0.000000 3.069623 
0.535 1.43 1.44 0.3974 0.3963 -0.0068 0.0000 0.2089 -0.0003 0.000000 3.069638 
0.540 1.47 1.49 0.3943 0.3929 -0.0091 0.0000 0.2110 -0.0003 0.000000 3.069615 
0.545 1.41 1.52 0.3954 0.3932 -0.0139 0.0114 0.2128 -0.0003 -0.002617 3.069595 
0.550 1.35 1.52 0.4005 0.3929 -0.0486 0.0114 0.2148 -0.0003 -0.002617 3.069582 
0.555 1.43 1.49 0.3944 0.3955 0.0068 0.0114 0.2168 -0.0003 -0.002617 3.069597 
0.560 1.45 1.45 0.3961 0.3962 0.0010 0.0000 0.2187 -0.0003 0.000000 3.069582 
0.565 1.50 1.45 0.3920 0.3961 0.0263 0.0000 0.2207 -0.0003 0.000000 3.069561 
0.570 1.47 1.50 0.3938 0.3919 -0.0123 0.0000 0.2227 -0.0003 0.000000 3.069609 
0.575 1.37 1.46 0.4027 0.3951 -0.0491 0.0000 0.2247 -0.0003 0.000000 3.069600 
0.580 1.46 1.36 0.3950 0.4031 0.0522 0.0000 0.2268 -0.0003 0.000000 3.069593 
0.585 1.46 1.50 0.3912 0.3949 0.0233 0.0114 0.2286 -0.0003 -0.002617 3.069605 
0.590 1.38 1.50 0.3985 0.3948 -0.0238 0.0114 0.2306 -0.0003 -0.002617 3.069604 
0.595 1.43 1.54 0.3940 0.3918 -0.0144 0.0114 0.2327 -0.0003 -0.002617 3.069599 
0.600 1.42 1.42 0.3986 0.3980 -0.0040 0.0000 0.2345 -0.0003 0.000000 3.069563 
0.605 1.46 1.39 0.3951 0.4007 0.0360 0.0000 0.2365 -0.0003 0.000000 3.069573 
0.610 1.47 1.52 0.3939 0.3902 -0.0240 0.0000 0.2385 -0.0003 0.000000 3.069571 
0.615 1.42 1.53 0.3984 0.3888 -0.0623 0.0000 0.2406 -0.0003 0.000000 3.069552 
0.620 1.38 1.54 0.3984 0.3918 -0.0425 0.0114 0.2424 -0.0003 -0.002617 3.069557 
0.625 1.42 1.48 0.3949 0.3971 0.0139 0.0114 0.2444 -0.0003 -0.002617 3.069581 
0.630 1.46 1.37 0.3913 0.4058 0.0936 0.0114 0.2465 -0.0004 -0.002617 3.069571 
0.635 1.50 1.50 0.3883 0.3948 0.0419 0.0114 0.2485 -0.0004 -0.002617 3.069569 
0.640 1.43 1.52 0.3978 0.3899 -0.0508 0.0000 0.2503 -0.0004 0.000000 3.069543 
0.645 1.46 1.42 0.3952 0.3982 0.0198 0.0000 0.2523 -0.0004 0.000000 3.069566 
0.650 1.44 1.40 0.3967 0.4002 0.0228 0.0000 0.2544 -0.0004 0.000000 3.069536 
0.655 1.42 1.47 0.3987 0.3941 -0.0297 0.0000 0.2564 -0.0004 0.000000 3.069533 
0.660 1.40 1.56 0.3966 0.3899 -0.0426 0.0114 0.2582 -0.0004 -0.002617 3.069546 
0.665 1.36 1.53 0.4000 0.3929 -0.0458 0.0114 0.2602 -0.0004 -0.002617 3.069527 
0.670 1.44 1.43 0.3932 0.4008 0.0490 0.0114 0.2623 -0.0004 -0.002617 3.069534 
0.675 1.56 1.40 0.3835 0.4033 0.1274 0.0114 0.2643 -0.0004 -0.002617 3.069518 
0.680 1.54 1.42 0.3880 0.3982 0.0658 0.0000 0.2661 -0.0004 0.000000 3.069514 
0.685 1.48 1.50 0.3937 0.3920 -0.0112 0.0000 0.2682 -0.0004 0.000000 3.069537 
0.690 1.38 1.49 0.4013 0.3921 -0.0590 0.0000 0.2702 -0.0004 0.000000 3.069492 
0.695 1.44 1.41 0.3965 0.3991 0.0168 0.0000 0.2722 -0.0004 0.000000 3.069495 
0.700 1.43 1.46 0.3940 0.3982 0.0273 0.0114 0.2740 -0.0004 -0.002617 3.069527 
0.705 1.36 1.53 0.3996 0.3923 -0.0470 0.0114 0.2761 -0.0004 -0.002617 3.069503 
0.710 1.39 1.55 0.3979 0.3911 -0.0438 0.0114 0.2781 -0.0004 -0.002617 3.069516 
0.715 1.42 1.43 0.3987 0.3975 -0.0073 0.0000 0.2799 -0.0004 0.000000 3.069517 
0.720 1.48 1.40 0.3937 0.4001 0.0413 0.0000 0.2819 -0.0004 0.000000 3.069541 
0.725 1.50 1.46 0.3918 0.3950 0.0206 0.0000 0.2840 -0.0004 0.000000 3.069540 
0.730 1.42 1.52 0.3985 0.3899 -0.0556 0.0000 0.2860 -0.0004 0.000000 3.069536 
0.735 1.42 1.46 0.3982 0.3948 -0.0214 0.0000 0.2880 -0.0004 0.000000 3.069581 
0.740 1.42 1.54 0.3952 0.3913 -0.0252 0.0114 0.2899 -0.0004 -0.002617 3.069582 
0.745 1.44 1.44 0.3930 0.4003 0.0473 0.0114 0.2919 -0.0004 -0.002617 3.069567 
0.750 1.45 1.47 0.3924 0.3976 0.0337 0.0114 0.2939 -0.0004 -0.002617 3.069579 
0.755 1.43 1.52 0.3978 0.3899 -0.0509 0.0000 0.2957 -0.0004 0.000000 3.069593 
0.760 1.45 1.45 0.3959 0.3956 -0.0023 0.0000 0.2978 -0.0004 0.000000 3.069608 
0.765 1.49 1.42 0.3927 0.3986 0.0384 0.0000 0.2998 -0.0004 0.000000 3.069591 
0.770 1.47 1.45 0.3942 0.3954 0.0076 0.0000 0.3018 -0.0004 0.000000 3.069618 
0.775 1.51 1.50 0.3909 0.3920 0.0072 0.0000 0.3039 -0.0004 0.000000 3.069639 
0.780 1.37 1.57 0.3993 0.3891 -0.0655 0.0114 0.3057 -0.0004 -0.002617 3.069634 
0.785 1.41 1.49 0.3957 0.3955 -0.0011 0.0114 0.3077 -0.0004 -0.002617 3.069639 
0.790 1.48 1.48 0.3904 0.3968 0.0414 0.0114 0.3097 -0.0004 -0.002617 3.069645 
0.795 1.49 1.41 0.3923 0.3988 0.0421 0.0000 0.3116 -0.0004 0.000000 3.069642 
0.800 1.47 1.49 0.3945 0.3927 -0.0112 0.0000 0.3136 -0.0004 0.000000 3.069649 
0.805 1.36 1.49 0.4036 0.3925 -0.0718 0.0000 0.3156 -0.0004 0.000000 3.069648 
0.810 1.44 1.41 0.3963 0.3991 0.0180 0.0000 0.3176 -0.0004 0.000000 3.069667 
0.815 1.47 1.45 0.3904 0.3993 0.0575 0.0114 0.3195 -0.0004 -0.002617 3.069662 
0.820 1.40 1.47 0.3965 0.3974 0.0057 0.0114 0.3215 -0.0004 -0.002617 3.069638 
0.825 1.38 1.49 0.3980 0.3958 -0.0136 0.0114 0.3235 -0.0004 -0.002617 3.069657 
0.830 1.43 1.54 0.3940 0.3915 -0.0160 0.0114 0.3256 -0.0004 -0.002617 3.069666 
0.835 1.47 1.44 0.3940 0.3966 0.0166 0.0000 0.3274 -0.0004 0.000000 3.069642 
0.840 1.52 1.49 0.3896 0.3926 0.0194 0.0000 0.3294 -0.0004 0.000000 3.069637 
0.845 1.42 1.50 0.3984 0.3916 -0.0441 0.0000 0.3314 -0.0004 0.000000 3.069631 
0.850 1.37 1.55 0.3994 0.3910 -0.0540 0.0114 0.3333 -0.0004 -0.002617 3.069631 
0.855 1.39 1.52 0.3979 0.3935 -0.0278 0.0114 0.3353 -0.0005 -0.002617 3.069604 
0.860 1.43 1.42 0.3941 0.4021 0.0519 0.0114 0.3373 -0.0005 -0.002617 3.069588 
0.865 1.45 1.43 0.3923 0.4009 0.0550 0.0114 0.3393 -0.0005 -0.002617 3.069621 
0.870 1.45 1.45 0.3955 0.3962 0.0045 0.0000 0.3412 -0.0005 0.000000 3.069614 
0.875 1.42 1.41 0.3980 0.3993 0.0084 0.0000 0.3432 -0.0005 0.000000 3.069618 
0.880 1.45 1.45 0.3957 0.3960 0.0019 0.0000 0.3452 -0.0005 0.000000 3.069608 
0.885 1.47 1.48 0.3943 0.3931 -0.0080 0.0000 0.3473 -0.0005 0.000000 3.069607 
0.890 1.44 1.53 0.3965 0.3894 -0.0460 0.0000 0.3493 -0.0005 0.000000 3.069596 
0.895 1.38 1.50 0.4014 0.3918 -0.0620 0.0000 0.3513 -0.0005 0.000000 3.069575 
0.900 1.40 1.48 0.3964 0.3968 0.0027 0.0114 0.3531 -0.0005 -0.002617 3.069618 
0.905 1.45 1.46 0.3921 0.3982 0.0392 0.0114 0.3552 -0.0005 -0.002617 3.069602 
0.910 1.49 1.41 0.3927 0.3988 0.0395 0.0000 0.3570 -0.0005 0.000000 3.069591 
0.915 1.48 1.51 0.3935 0.3910 -0.0158 0.0000 0.3590 -0.0005 0.000000 3.069589 
0.920 1.37 1.46 0.4025 0.3950 -0.0482 0.0000 0.3611 -0.0005 0.000000 3.069587 
0.925 1.45 1.38 0.3957 0.4015 0.0373 0.0000 0.3631 -0.0005 0.000000 3.069585 
0.930 1.49 1.50 0.3926 0.3915 -0.0068 0.0000 0.3651 -0.0005 0.000000 3.069587 
0.935 1.34 1.52 0.4015 0.3933 -0.0529 0.0114 0.3669 -0.0005 -0.002617 3.069579 
0.940 1.38 1.54 0.3979 0.3919 -0.0387 0.0114 0.3690 -0.0005 -0.002617 3.069583 
0.945 1.41 1.46 0.3958 0.3985 0.0173 0.0114 0.3710 -0.0005 -0.002617 3.069579 
0.950 1.41 1.42 0.3959 0.4018 0.0381 0.0114 0.3730 -0.0005 -0.002617 3.069592 
0.955 1.53 1.45 0.3893 0.3960 0.0434 0.0000 0.3748 -0.0005 0.000000 3.069591 
0.960 1.44 1.49 0.3970 0.3927 -0.0277 0.0000 0.3769 -0.0005 0.000000 3.069574 
0.965 1.42 1.42 0.3980 0.3981 0.0010 0.0000 0.3789 -0.0005 0.000000 3.069579 
0.970 1.44 1.39 0.3965 0.4010 0.0288 0.0000 0.3809 -0.0005 0.000000 3.069600 
0.975 1.48 1.46 0.3935 0.3950 0.0097 0.0000 0.3830 -0.0005 0.000000 3.069602 
0.980 1.42 1.52 0.3953 0.3935 -0.0112 0.0114 0.3848 -0.0005 -0.002617 3.069613 
0.985 1.35 1.57 0.4010 0.3892 -0.0765 0.0114 0.3868 -0.0005 -0.002617 3.069603 
0.990 1.43 1.44 0.3940 0.4000 0.0382 0.0114 0.3888 -0.0005 -0.002617 3.069627 
0.995 1.46 1.38 0.3947 0.4015 0.0434 0.0000 0.3907 -0.0005 0.000000 3.069640 
1.000 1.43 1.44 0.3976 0.3967 -0.0057 0.0000 0.3927 -0.0005 0.000000 3.069617 
1.005 1.44 1.51 0.3964 0.3907 -0.0372 0.0000 0.3947 -0.0005 0.000000 3.069633 
1.010 1.41 1.51 0.3990 0.3905 -0.0546 0.0000 0.3968 -0.0005 0.000000 3.069627 
1.015 1.42 1.49 0.3951 0.3958 0.0049 0.0114 0.3986 -0.0005 -0.002617 3.069628 
1.020 -1.23 4.13 0.3904 0.4012 0.0699 0.6571 0.4006 -0.0005 -0.002617 3.069632 
1.025 -0.21 3.17 0.3126 0.4742 1.0424 0.6426 0.4026 -0.0005 0.002617 3.069608 
1.030 0.65 2.26 0.2505 0.5402 1.8688 0.6204 0.4045 -0.0005 0.010469 3.069614 
1.035 1.05 1.96 0.2305 0.5521 2.0752 0.5895 0.4065 -0.0005 0.020938 3.069632 
1.040 1.10 1.83 0.2400 0.5489 1.9933 0.5574 0.4085 -0.0004 0.031408 3.069542 
1.045 1.29 1.73 0.2377 0.5439 1.9757 0.5239 0.4105 -0.0004 0.041877 3.069624 
1.050 1.19 1.63 0.2565 0.5417 1.8399 0.4978 0.4124 -0.0003 0.049729 3.069583 
1.055 1.17 1.65 0.2712 0.5267 1.6483 0.4620 0.4144 -0.0002 0.060198 3.069593 
1.060 1.16 1.52 0.2788 0.5308 1.6259 0.4435 0.4164 -0.0000 0.065432 3.069579 
1.065 1.23 1.55 0.2869 0.5147 1.4695 0.4057 0.4184 0.0001 0.075902 3.069557 
1.070 1.32 1.58 0.2860 0.5058 1.4182 0.3863 0.4205 0.0003 0.081136 3.069580 
1.075 1.29 1.55 0.2988 0.4981 1.2855 0.3566 0.4223 0.0004 0.088988 3.069560 
1.080 1.33 1.53 0.3018 0.4932 1.2350 0.3364 0.4243 0.0006 0.094223 3.069566 
1.085 1.25 1.56 0.3153 0.4835 1.0849 0.3160 0.4263 0.0008 0.099457 3.069564 
1.090 1.37 1.54 0.3119 0.4781 1.0722 0.2953 0.4283 0.0010 0.104692 3.069594 
1.095 1.37 1.53 0.3189 0.4728 0.9930 0.2743 0.4304 0.0012 0.109926 3.069579 
1.100 1.40 1.53 0.3232 0.4657 0.9198 0.2530 0.4324 0.0015 0.115161 3.069590 
1.105 1.31 1.59 0.3343 0.4574 0.7944 0.2423 0.4342 0.0017 0.117778 3.069571 
1.110 1.39 1.49 0.3342 0.4590 0.8053 0.2207 0.4362 0.0019 0.123013 3.069558 
1.115 1.39 1.52 0.3407 0.4495 0.7022 0.1989 0.4382 0.0022 0.128247 3.069542 
1.120 1.32 1.55 0.3469 0.4476 0.6496 0.1989 0.4402 0.0024 0.128247 3.069565 
1.125 1.29 1.54 0.3561 0.4412 0.5495 0.1769 0.4422 0.0027 0.133482 3.069578 
1.130 1.36 1.56 0.3533 0.4366 0.5377 0.1658 0.4440 0.0029 0.136099 3.069555 
1.135 1.30 1.42 0.3618 0.4446 0.5347 0.1547 0.4463 0.0032 0.138717 3.069553 
1.140 1.38 1.48 0.3586 0.4359 0.4988 0.1436 0.4481 0.0035 0.141334 3.069567 
1.145 1.34 1.58 0.3617 0.4280 0.4278 0.1436 0.4501 0.0038 0.141334 3.069553 
1.150 1.41 1.44 0.3629 0.4324 0.4486 0.1212 0.4521 0.0041 0.146569 3.069524 
1.155 1.43 1.52 0.3610 0.4256 0.4168 0.1212 0.4541 0.0044 0.146569 3.069552 
1.160 1.37 1.52 0.3699 0.4223 0.3384 0.1099 0.4559 0.0046 0.149186 3.069536 
1.165 1.35 1.51 0.3715 0.4235 0.3357 0.1099 0.4579 0.0049 0.149186 3.069547 
1.170 1.36 1.43 0.3741 0.4265 0.3378 0.0987 0.4597 0.0052 0.151803 3.069529 
1.175 1.38 1.51 0.3760 0.4165 0.2617 0.0874 0.4619 0.0056 0.154420 3.069518 
1.180 1.37 1.49 0.3767 0.4187 0.2705 0.0874 0.4639 0.0059 0.154420 3.069538 
1.185 1.44 1.41 0.3741 0.4221 0.3098 0.0760 0.4657 0.0062 0.157038 3.069505 
1.190 1.45 1.50 0.3734 0.4142 0.2634 0.0760 0.4677 0.0065 0.157038 3.069530 
1.195 1.42 1.53 0.3794 0.4084 0.1870 0.0647 0.4695 0.0068 0.159655 3.069533 
1.200 1.42 1.51 0.3792 0.4101 0.1989 0.0647 0.4715 0.0071 0.159655 3.069544 
1.205 1.32 1.45 0.3877 0.4154 0.1789 0.0647 0.4735 0.0074 0.159655 3.069520 
1.210 1.38 1.49 0.3828 0.4115 0.1855 0.0647 0.4755 0.0077 0.159655 3.069505 
1.215 1.41 1.52 0.3832 0.4054 0.1436 0.0533 0.4773 0.0080 0.162272 3.069531 
1.220 1.44 1.49 0.3810 0.4079 0.1736 0.0533 0.4793 0.0083 0.162272 3.069521 
1.225 1.45 1.49 0.3832 0.4047 0.1390 0.0420 0.4815 0.0087 0.164890 3.069524 
1.230 1.33 1.51 0.3936 0.4033 0.0630 0.0420 0.4835 0.0090 0.164890 3.069516 
1.235 1.42 1.41 0.3891 0.4081 0.1223 0.0306 0.4853 0.0093 0.167507 3.069518 
1.240 1.43 1.43 0.3887 0.4063 0.1135 0.0306 0.4873 0.0097 0.167507 3.069493 
1.245 1.41 1.48 0.3901 0.4027 0.0811 0.0306 0.4893 0.0100 0.167507 3.069493 
1.250 1.43 1.51 0.3882 0.3999 0.0758 0.0306 0.4913 0.0104 0.167507 3.069526 
1.255 1.33 1.54 0.3933 0.4010 0.0498 0.0420 0.4931 0.0107 0.164890 3.069526 
1.260 1.45 1.45 0.3865 0.4049 0.1188 0.0306 0.4949 0.0110 0.167507 3.069525 
1.265 1.44 1.47 0.3873 0.4033 0.1033 0.0306 0.4969 0.0113 0.167507 3.069544 
1.270 1.45 1.47 0.3866 0.4034 0.1084 0.0306 0.4989 0.0116 0.167507 3.069537 
1.275 1.43 1.51 0.3883 0.4000 0.0757 0.0306 0.5009 0.0120 0.167507 3.069542 
1.280 1.37 1.47 0.3934 0.4030 0.0622 0.0306 0.5029 0.0123 0.167507 3.069535 
1.285 1.48 1.35 0.3878 0.4095 0.1397 0.0192 0.5047 0.0126 0.170124 3.069529 
1.290 1.44 1.50 0.3906 0.3972 0.0425 0.0192 0.5067 0.0130 0.170124 3.069528 
1.295 1.44 1.57 0.3911 0.3918 0.0045 0.0192 0.5087 0.0133 0.170124 3.069507 
1.300 1.45 1.45 0.3899 0.4018 0.0766 0.0192 0.5107 0.0137 0.170124 3.069534 
1.305 1.35 1.43 0.3981 0.4033 0.0339 0.0192 0.5127 0.0140 0.170124 3.069518 
1.310 1.44 1.46 0.3947 0.3977 0.0191 0.0078 0.5145 0.0143 0.172742 3.069522 
1.315 1.42 1.52 0.3957 0.3926 -0.0201 0.0078 0.5165 0.0147 0.172742 3.069499 
1.320 1.47 1.46 0.3915 0.3973 0.0376 0.0078 0.5185 0.0150 0.172742 3.069489 
1.325 1.48 1.40 0.3911 0.4023 0.0721 0.0078 0.5205 0.0154 0.172742 3.069530 
1.330 1.31 1.42 0.4016 0.4039 0.0149 0.0192 0.5223 0.0157 0.170124 3.069505 
1.335 1.40 1.48 0.3939 0.3991 0.0330 0.0192 0.5243 0.0160 0.170124 3.069516 
1.340 1.50 1.54 0.3856 0.3937 0.0524 0.0192 0.5263 0.0164 0.170124 3.069509 
1.345 1.47 1.48 0.3917 0.3959 0.0266 0.0078 0.5281 0.0167 0.172742 3.069503 
1.350 1.46 1.41 0.3928 0.4015 0.0559 0.0078 0.5301 0.0170 0.172742 3.069507 
1.355 1.37 1.46 0.4001 0.3972 -0.0186 0.0078 0.5321 0.0174 0.172742 3.069498 
1.360 1.43 1.52 0.3953 0.3921 -0.0208 0.0078 0.5341 0.0177 0.172742 3.069515 
1.365 1.48 1.46 0.3906 0.3975 0.0445 0.0078 0.5361 0.0181 0.172742 3.069517 
1.370 1.41 1.41 0.3965 0.4016 0.0332 0.0078 0.5381 0.0184 0.172742 3.069524 
1.375 1.41 1.45 0.3969 0.3984 0.0098 0.0078 0.5401 0.0188 0.172742 3.069566 
1.380 1.35 1.46 0.4019 0.3976 -0.0277 0.0078 0.5417 0.0190 0.172742 3.069570 
1.385 1.45 1.52 0.3937 0.3920 -0.0106 0.0078 0.5437 0.0194 0.172742 3.069566 
1.390 1.49 1.47 0.3905 0.3966 0.0394 0.0078 0.5457 0.0197 0.172742 3.069575 
1.395 1.41 1.46 0.3969 0.3970 0.0005 0.0078 0.5477 0.0201 0.172742 3.069580 
1.400 1.37 1.44 0.4000 0.3992 -0.0051 0.0078 0.5497 0.0204 0.172742 3.069600 
1.405 1.48 1.51 0.3913 0.3932 0.0123 0.0078 0.5517 0.0208 0.172742 3.069592 
1.410 1.47 1.49 0.3918 0.3948 0.0198 0.0078 0.5537 0.0211 0.172742 3.069578 
1.415 1.44 1.41 0.3944 0.4013 0.0445 0.0078 0.5557 0.0215 0.172742 3.069603 
1.420 1.45 1.46 0.3966 0.3941 -0.0160 -0.0036 0.5575 0.0218 0.175359 3.069585 
1.425 1.39 1.45 0.3987 0.3980 -0.0043 0.0078 0.5593 0.0221 0.172742 3.069560 
1.430 1.39 1.48 0.3982 0.3958 -0.0156 0.0078 0.5613 0.0225 0.172742 3.069554 
1.435 1.44 1.49 0.3943 0.3951 0.0051 0.0078 0.5633 0.0228 0.172742 3.069541 
1.440 1.45 1.46 0.3937 0.3977 0.0254 0.0078 0.5653 0.0232 0.172742 3.069540 
1.445 1.34 1.51 0.4023 0.3932 -0.0586 0.0078 0.5673 0.0235 0.172742 3.069523 
1.450 1.42 1.50 0.3958 0.3936 -0.0142 0.0078 0.5693 0.0239 0.172742 3.069550 
1.455 1.51 1.46 0.3887 0.3974 0.0564 0.0078 0.5713 0.0242 0.172742 3.069554 
1.460 1.49 1.43 0.3933 0.3964 0.0197 -0.0036 0.5731 0.0245 0.175359 3.069514 
1.465 1.40 1.43 0.3973 0.3999 0.0168 0.0078 0.5749 0.0248 0.172742 3.069533 
1.470 1.35 1.46 0.4019 0.3975 -0.0287 0.0078 0.5769 0.0252 0.172742 3.069521 
1.475 1.41 1.54 0.3964 0.3908 -0.0362 0.0078 0.5789 0.0255 0.172742 3.069524 
1.480 1.45 1.44 0.3937 0.3987 0.0325 0.0078 0.5809 0.0259 0.172742 3.069511 
1.485 1.40 1.46 0.3974 0.3974 0.0003 0.0078 0.5829 0.0262 0.172742 3.069520 
1.490 1.40 1.48 0.3973 0.3959 -0.0088 0.0078 0.5849 0.0266 0.172742 3.069552 
1.495 1.43 1.53 0.3956 0.3914 -0.0269 0.0078 0.5869 0.0269 0.172742 3.069521 
1.500 1.75 1.41 0.3718 0.3980 0.1692 -0.0036 0.5887 0.0272 0.175359 3.069531 
1.505 1.50 1.37 0.3927 0.4016 0.0575 -0.0036 0.5907 0.0276 0.175359 3.069541 
1.510 1.34 1.46 0.4025 0.3976 -0.0315 0.0078 0.5925 0.0279 0.172742 3.069527 
1.515 1.41 1.45 0.3970 0.3980 0.0068 0.0078 0.5945 0.0283 0.172742 3.069529 
1.520 1.41 1.49 0.3965 0.3947 -0.0114 0.0078 0.5965 0.0286 0.172742 3.069531 
1.525 1.43 1.48 0.3956 0.3957 0.0011 0.0078 0.5985 0.0290 0.172742 3.069556 
1.530 1.42 1.39 0.3957 0.4033 0.0489 0.0078 0.6005 0.0293 0.172742 3.069567 
1.535 1.38 1.54 0.3993 0.3904 -0.0580 0.0078 0.6024 0.0296 0.172742 3.069534 
1.540 1.43 1.58 0.3952 0.3873 -0.0508 0.0078 0.6044 0.0300 0.172742 3.069539 
1.545 1.48 1.44 0.3906 0.3987 0.0521 0.0078 0.6064 0.0303 0.172742 3.069550 
1.550 1.46 1.46 0.3923 0.3975 0.0334 0.0078 0.6080 0.0306 0.172742 3.069542 
1.555 1.45 1.41 0.3935 0.4016 0.0523 0.0078 0.6100 0.0310 0.172742 3.069555 
1.560 1.36 1.47 0.4007 0.3968 -0.0250 0.0078 0.6120 0.0313 0.172742 3.069554 
1.565 1.44 1.49 0.3946 0.3951 0.0034 0.0078 0.6140 0.0317 0.172742 3.069558 
1.570 1.46 1.42 0.3924 0.4007 0.0536 0.0078 0.6160 0.0320 0.172742 3.069556 
1.575 1.37 1.41 0.4001 0.4014 0.0082 0.0078 0.6180 0.0324 0.172742 3.069542 
1.580 1.41 1.50 0.3972 0.3938 -0.0224 0.0078 0.6200 0.0327 0.172742 3.069542 
1.585 1.42 1.52 0.3994 0.3892 -0.0660 -0.0036 0.6218 0.0330 0.175359 3.069537 
1.590 1.46 1.53 0.3962 0.3884 -0.0502 -0.0036 0.6238 0.0334 0.175359 3.069531 
1.595 1.45 1.46 0.3933 0.3970 0.0240 0.0078 0.6256 0.0337 0.172742 3.069549 
1.600 1.39 1.43 0.3986 0.3998 0.0079 0.0078 0.6276 0.0340 0.172742 3.069545 
1.605 1.40 1.47 0.3975 0.3963 -0.0076 0.0078 0.6296 0.0344 0.172742 3.069543 
1.610 1.42 1.51 0.3958 0.3930 -0.0182 0.0078 0.6316 0.0347 0.172742 3.069528 
1.615 1.47 1.47 0.3919 0.3969 0.0317 0.0078 0.6336 0.0351 0.172742 3.069546 
1.620 1.45 1.40 0.3934 0.4025 0.0590 0.0078 0.6356 0.0354 0.172742 3.069566 
1.625 1.35 1.47 0.4019 0.3962 -0.0365 0.0078 0.6376 0.0358 0.172742 3.069549 
1.630 1.45 1.50 0.3969 0.3903 -0.0428 -0.0036 0.6394 0.0361 0.175359 3.069533 
1.635 1.40 1.57 0.3973 0.3877 -0.0621 0.0078 0.6412 0.0364 0.172742 3.069556 
1.640 1.42 1.53 0.3958 0.3915 -0.0273 0.0078 0.6432 0.0368 0.172742 3.069541 
1.645 1.43 1.43 0.3953 0.3999 0.0296 0.0078 0.6452 0.0371 0.172742 3.069555 
1.650 1.36 1.47 0.4011 0.3966 -0.0292 0.0078 0.6472 0.0375 0.172742 3.069553 
1.655 1.41 1.53 0.3965 0.3911 -0.0345 0.0078 0.6492 0.0378 0.172742 3.069579 
1.660 1.51 1.46 0.3885 0.3972 0.0558 0.0078 0.6512 0.0382 0.172742 3.069567 
1.665 1.44 1.42 0.3942 0.4007 0.0418 0.0078 0.6532 0.0385 0.172742 3.069546 
1.670 1.52 1.41 0.3913 0.3983 0.0451 -0.0036 0.6550 0.0388 0.175359 3.069574 
1.675 1.33 1.47 0.4032 0.3961 -0.0456 0.0078 0.6568 0.0391 0.172742 3.069569 
1.680 1.42 1.55 0.3963 0.3896 -0.0431 0.0078 0.6588 0.0395 0.172742 3.069564 
1.685 1.49 1.48 0.3904 0.3955 0.0328 0.0078 0.6608 0.0398 0.172742 3.069569 
1.690 1.41 1.47 0.3973 0.3963 -0.0062 0.0078 0.6628 0.0402 0.172742 3.069563 
1.695 1.36 1.43 0.4010 0.3998 -0.0078 0.0078 0.6648 0.0405 0.172742 3.069561 
1.700 1.41 1.51 0.3965 0.3928 -0.0237 0.0078 0.6668 0.0409 0.172742 3.069553 
1.705 1.45 1.48 0.3931 0.3956 0.0157 0.0078 0.6688 0.0412 0.172742 3.069555 
1.710 1.43 1.43 0.3955 0.3995 0.0260 0.0078 0.6708 0.0416 0.172742 3.069579 
1.715 1.42 1.42 0.3960 0.4004 0.0282 0.0078 0.6724 0.0419 0.172742 3.069555 
1.720 1.43 1.45 0.3954 0.3983 0.0183 0.0078 0.6744 0.0422 0.172742 3.069578 
1.725 1.45 1.48 0.3936 0.3958 0.0141 0.0078 0.6764 0.0426 0.172742 3.069586 
1.730 1.46 1.50 0.3929 0.3942 0.0085 0.0078 0.6784 0.0429 0.172742 3.069582 
1.735 1.46 1.45 0.3929 0.3981 0.0335 0.0078 0.6804 0.0433 0.172742 3.069563 
1.740 1.33 1.49 0.4032 0.3944 -0.0565 0.0078 0.6824 0.0436 0.172742 3.069553 
1.745 1.43 1.48 0.3950 0.3953 0.0023 0.0078 0.6844 0.0440 0.172742 3.069592 
1.750 1.42 1.42 0.3990 0.3972 -0.0115 -0.0036 0.6862 0.0443 0.175359 3.069602 
1.755 1.46 1.42 0.3960 0.3974 0.0092 -0.0036 0.6882 0.0446 0.175359 3.069610 
1.760 1.39 1.44 0.3983 0.3993 0.0064 0.0078 0.6900 0.0449 0.172742 3.069633 
1.765 1.35 1.45 0.4014 0.3984 -0.0198 0.0078 0.6920 0.0453 0.172742 3.069628 
1.770 1.45 1.49 0.3934 0.3946 0.0074 0.0078 0.6940 0.0456 0.172742 3.069633 
1.775 1.48 1.43 0.3908 0.3997 0.0571 0.0078 0.6960 0.0460 0.172742 3.069623 
1.780 1.43 1.45 0.3948 0.3977 0.0189 0.0078 0.6980 0.0463 0.172742 3.069621 
1.785 1.41 1.49 0.3970 0.3947 -0.0151 0.0078 0.7000 0.0467 0.172742 3.069617 
1.790 1.36 1.50 0.4042 0.3904 -0.0890 -0.0036 0.7018 0.0470 0.175359 3.069594 
1.795 1.46 1.43 0.3957 0.3960 0.0023 -0.0036 0.7038 0.0474 0.175359 3.069622 
1.800 1.46 1.48 0.3924 0.3960 0.0230 0.0078 0.7056 0.0477 0.172742 3.069642 
1.805 1.36 1.45 0.4007 0.3980 -0.0176 0.0078 0.7075 0.0480 0.172742 3.069636 
1.810 1.41 1.44 0.3967 0.3989 0.0142 0.0078 0.7095 0.0484 0.172742 3.069642 
1.815 1.42 1.52 0.3960 0.3925 -0.0225 0.0078 0.7115 0.0487 0.172742 3.069635 
1.820 1.45 1.46 0.3936 0.3971 0.0226 0.0078 0.7135 0.0491 0.172742 3.069649 
1.825 1.46 1.37 0.3925 0.4049 0.0796 0.0078 0.7155 0.0494 0.172742 3.069646 
1.830 1.46 1.46 0.3961 0.3935 -0.0163 -0.0036 0.7173 0.0497 0.175359 3.069626 
1.835 1.43 1.53 0.3982 0.3878 -0.0673 -0.0036 0.7193 0.0501 0.175359 3.069642 
1.840 1.44 1.43 0.3976 0.3965 -0.0069 -0.0036 0.7213 0.0504 0.175359 3.069632 
1.845 1.44 1.49 0.3941 0.3950 0.0059 0.0078 0.7231 0.0508 0.172742 3.069625 
1.850 1.43 1.43 0.3950 0.3998 0.0310 0.0078 0.7251 0.0511 0.172742 3.069638 
1.855 1.35 1.47 0.4017 0.3963 -0.0348 0.0078 0.7271 0.0515 0.172742 3.069644 
1.860 1.43 1.48 0.3955 0.3955 -0.0001 0.0078 0.7291 0.0518 0.172742 3.069640 
1.865 1.47 1.41 0.3921 0.4014 0.0602 0.0078 0.7311 0.0522 0.172742 3.069646 
1.870 1.39 1.38 0.3988 0.4043 0.0354 0.0078 0.7331 0.0525 0.172742 3.069671 
1.875 1.48 1.42 0.3945 0.3970 0.0161 -0.0036 0.7349 0.0528 0.175359 3.069669 
1.880 1.41 1.51 0.3999 0.3899 -0.0643 -0.0036 0.7369 0.0532 0.175359 3.069648 
1.885 1.45 1.48 0.3967 0.3922 -0.0293 -0.0036 0.7389 0.0535 0.175359 3.069636 
1.890 1.46 1.46 0.3929 0.3975 0.0296 0.0078 0.7407 0.0538 0.172742 3.069649 
1.895 1.39 1.42 0.3981 0.4008 0.0174 0.0078 0.7427 0.0542 0.172742 3.069650 
1.900 1.40 1.45 0.3975 0.3980 0.0032 0.0078 0.7447 0.0545 0.172742 3.069642 
1.905 1.42 1.51 0.3960 0.3932 -0.0180 0.0078 0.7467 0.0549 0.172742 3.069638 
1.910 1.46 1.47 0.3923 0.3962 0.0252 0.0078 0.7487 0.0552 0.172742 3.069650 
1.915 1.46 1.43 0.3926 0.4001 0.0483 0.0078 0.7507 0.0556 0.172742 3.069650 
1.920 1.43 1.44 0.3987 0.3960 -0.0178 -0.0036 0.7525 0.0559 0.175359 3.069615 
1.925 1.42 1.51 0.3998 0.3893 -0.0677 -0.0036 0.7545 0.0563 0.175359 3.069633 
1.930 1.40 1.57 0.3976 0.3884 -0.0595 0.0078 0.7563 0.0566 0.172742 3.069645 
1.935 1.41 1.51 0.3970 0.3928 -0.0269 0.0078 0.7583 0.0569 0.172742 3.069640 
1.940 1.43 1.42 0.3956 0.4007 0.0333 0.0078 0.7603 0.0573 0.172742 3.069643 
1.945 1.36 1.46 0.4011 0.3976 -0.0225 0.0078 0.7623 0.0576 0.172742 3.069642 
1.950 1.43 1.52 0.3950 0.3920 -0.0192 0.0078 0.7643 0.0580 0.172742 3.069649 
1.955 1.48 1.45 0.3909 0.3983 0.0480 0.0078 0.7663 0.0583 0.172742 3.069620 
1.960 1.42 1.43 0.3963 0.4001 0.0244 0.0078 0.7683 0.0587 0.172742 3.069630 
1.965 1.49 1.42 0.3937 0.3977 0.0258 -0.0036 0.7701 0.0590 0.175359 3.069646 
1.970 1.37 1.46 0.4037 0.3939 -0.0632 -0.0036 0.7721 0.0593 0.175359 3.069632 
1.975 1.40 1.56 0.3975 0.3890 -0.0546 0.0078 0.7739 0.0597 0.172742 3.069624 
1.980 1.46 1.48 0.3924 0.3957 0.0213 0.0078 0.7759 0.0600 0.172742 3.069628 
1.985 1.40 1.47 0.3981 0.3968 -0.0080 0.0078 0.7779 0.0604 0.172742 3.069634 
1.990 1.36 1.43 0.4006 0.4000 -0.0044 0.0078 0.7799 0.0607 0.172742 3.069625 
1.995 1.42 1.50 0.3963 0.3938 -0.0163 0.0078 0.7819 0.0611 0.172742 3.069613 
2.000 1.46 1.48 0.3927 0.3955 0.0182 0.0078 0.7839 0.0614 0.172742 3.069649 
2.005 1.43 1.40 0.3954 0.4027 0.0469 0.0078 0.7859 0.0617 0.172742 3.069628 
2.010 1.47 1.44 0.3954 0.3953 -0.0009 -0.0036 0.7877 0.0621 0.175359 3.069598 
2.015 1.41 1.46 0.4001 0.3939 -0.0402 -0.0036 0.7897 0.0624 0.175359 3.069610 
2.020 1.37 1.50 0.4003 0.3936 -0.0429 0.0078 0.7915 0.0627 0.172742 3.069597 
2.025 1.42 1.50 0.3960 0.3936 -0.0151 0.0078 0.7935 0.0631 0.172742 3.069609 
2.030 4.13 -1.25 0.3958 0.3982 0.0154 -0.6449 0.7955 0.0634 0.172742 3.069609 
2.035 3.12 -0.40 0.4764 0.3304 -0.9414 -0.6376 0.7973 0.0637 0.170124 3.069604 
2.040 2.11 0.62 0.5503 0.2556 -1.9012 -0.6152 0.7995 0.0641 0.162272 3.069612 
2.045 1.95 1.04 0.5503 0.2337 -2.0428 -0.5841 0.8015 0.0644 0.151803 3.069563 
2.050 1.65 1.24 0.5581 0.2344 -2.0879 -0.5434 0.8033 0.0647 0.138717 3.069646 
2.055 1.71 1.19 0.5429 0.2482 -1.9015 -0.5180 0.8051 0.0649 0.130865 3.069591 
2.060 1.70 1.27 0.5342 0.2515 -1.8239 -0.4918 0.8073 0.0652 0.123013 3.069626 
2.065 1.61 1.25 0.5277 0.2667 -1.6843 -0.4557 0.8093 0.0655 0.112544 3.069620 
2.070 1.61 1.33 0.5173 0.2709 -1.5899 -0.4278 0.8111 0.0657 0.104692 3.069617 
2.075 1.59 1.22 0.5128 0.2862 -1.4617 -0.4087 0.8131 0.0659 0.099457 3.069624 
2.080 1.54 1.32 0.5029 0.2917 -1.3627 -0.3697 0.8152 0.0660 0.088988 3.069628 
2.085 1.61 1.31 0.4905 0.2993 -1.2339 -0.3497 0.8172 0.0662 0.083753 3.069661 
2.090 1.53 1.30 0.4904 0.3069 -1.1834 -0.3295 0.8192 0.0664 0.078519 3.069653 
2.095 1.56 1.38 0.4815 0.3068 -1.1274 -0.3089 0.8212 0.0665 0.073284 3.069657 
2.100 1.49 1.37 0.4769 0.3181 -1.0247 -0.2776 0.8230 0.0667 0.065432 3.069638 
2.105 1.53 1.38 0.4702 0.3202 -0.9675 -0.2670 0.8249 0.0668 0.062815 3.069640 
2.110 1.53 1.32 0.4634 0.3323 -0.8457 -0.2457 0.8269 0.0669 0.057580 3.069643 
2.115 1.53 1.33 0.4565 0.3379 -0.7651 -0.2241 0.8289 0.0670 0.052346 3.069639 
2.120 1.64 1.35 0.4479 0.3368 -0.7167 -0.2241 0.8309 0.0671 0.052346 3.069656 
2.125 1.46 1.38 0.4558 0.3405 -0.7436 -0.2024 0.8330 0.0672 0.047111 3.069651 
2.130 1.53 1.37 0.4431 0.3482 -0.6123 -0.1804 0.8350 0.0673 0.041877 3.069651 
2.135 1.52 1.35 0.4410 0.3533 -0.5655 -0.1693 0.8368 0.0674 0.039259 3.069659 
2.140 1.43 1.40 0.4481 0.3495 -0.6363 -0.1693 0.8388 0.0675 0.039259 3.069639 
2.145 1.50 1.40 0.4359 0.3557 -0.5178 -0.1471 0.8409 0.0675 0.034025 3.069633 
2.150 1.54 1.40 0.4324 0.3562 -0.4916 -0.1471 0.8429 0.0676 0.034025 3.069661 
2.155 1.47 1.43 0.4315 0.3601 -0.4605 -0.1247 0.8449 0.0677 0.028790 3.069655 
2.160 1.50 1.49 0.4257 0.3590 -0.4302 -0.1135 0.8468 0.0677 0.026173 3.069648 
2.165 1.51 1.33 0.4245 0.3721 -0.3380 -0.1135 0.8488 0.0678 0.026173 3.069634 
2.170 1.41 1.36 0.4295 0.3730 -0.3643 -0.1022 0.8506 0.0678 0.023556 3.069623 
2.175 1.49 1.47 0.4196 0.3673 -0.3374 -0.0909 0.8528 0.0679 0.020938 3.069632 
2.180 1.51 1.49 0.4180 0.3658 -0.3369 -0.0909 0.8549 0.0679 0.020938 3.069620 
2.185 1.37 1.46 0.4261 0.3717 -0.3512 -0.0796 0.8567 0.0680 0.018321 3.069614 
2.190 1.49 1.35 0.4165 0.3801 -0.2346 -0.0796 0.8587 0.0680 0.018321 3.069633 
2.195 1.54 1.42 0.4084 0.3783 -0.1944 -0.0683 0.8605 0.0680 0.015704 3.069602 
2.200 1.45 1.31 0.4159 0.3872 -0.1851 -0.0683 0.8626 0.0681 0.015704 3.069588 
2.205 1.48 1.45 0.4137 0.3752 -0.2486 -0.0683 0.8646 0.0681 0.015704 3.069601 
2.210 1.45 1.47 0.4129 0.3773 -0.2292 -0.0569 0.8664 0.0681 0.013086 3.069580 
2.215 1.39 1.53 0.4145 0.3755 -0.2521 -0.0456 0.8687 0.0681 0.010469 3.069560 
2.220 1.42 1.43 0.4116 0.3841 -0.1775 -0.0456 0.8707 0.0682 0.010469 3.069562 
2.225 1.45 1.37 0.4094 0.3889 -0.1317 -0.0456 0.8727 0.0682 0.010469 3.069557 
2.230 1.42 1.43 0.4086 0.3870 -0.1390 -0.0342 0.8745 0.0682 0.007852 3.069571 
2.235 1.45 1.41 0.4057 0.3892 -0.1062 -0.0342 0.8766 0.0682 0.007852 3.069564 
2.240 1.41 1.44 0.4094 0.3867 -0.1463 -0.0342 0.8786 0.0682 0.007852 3.069567 
2.245 1.47 1.40 0.4039 0.3899 -0.0909 -0.0342 0.8806 0.0682 0.007852 3.069569 
2.250 1.51 1.38 0.4007 0.3911 -0.0616 -0.0342 0.8827 0.0683 0.007852 3.069553 
2.255 1.40 1.50 0.4067 0.3850 -0.1395 -0.0228 0.8845 0.0683 0.005235 3.069563 
2.260 1.44 1.49 0.4030 0.3859 -0.1108 -0.0228 0.8865 0.0683 0.005235 3.069556 
2.265 1.47 1.51 0.4012 0.3840 -0.1110 -0.0228 0.8885 0.0683 0.005235 3.069540 
2.270 1.47 1.42 0.4012 0.3914 -0.0631 -0.0228 0.8906 0.0683 0.005235 3.069546 
2.275 1.49 1.41 0.3988 0.3920 -0.0440 -0.0228 0.8922 0.0683 0.005235 3.069553 
2.280 1.41 1.40 0.4060 0.3931 -0.0833 -0.0228 0.8942 0.0683 0.005235 3.069555 
2.285 1.42 1.41 0.4050 0.3923 -0.0816 -0.0228 0.8962 0.0683 0.005235 3.069544 
2.290 1.45 1.48 0.4025 0.3866 -0.1027 -0.0228 0.8983 0.0683 0.005235 3.069547 
2.295 1.46 1.42 0.4017 0.3915 -0.0657 -0.0228 0.9003 0.0684 0.005235 3.069542 
2.300 1.47 1.33 0.4008 0.3991 -0.0110 -0.0228 0.9023 0.0684 0.005235 3.069550 
2.305 1.37 1.47 0.4062 0.3904 -0.1021 -0.0114 0.9042 0.0684 0.002617 3.069552 
2.310 1.42 1.48 0.4014 0.3903 -0.0716 -0.0114 0.9062 0.0684 0.002617 3.069557 
2.315 1.49 1.52 0.3961 0.3867 -0.0608 -0.0114 0.9082 0.0684 0.002617 3.069549 
2.320 1.42 1.43 0.4016 0.3938 -0.0503 -0.0114 0.9102 0.0684 0.002617 3.069533 
2.325 1.42 1.39 0.4013 0.3977 -0.0234 -0.0114 0.9123 0.0684 0.002617 3.069536 
2.330 1.40 1.46 0.4001 0.3953 -0.0312 0.0000 0.9141 0.0684 0.000000 3.069554 
2.335 1.45 1.44 0.3962 0.3966 0.0025 0.0000 0.9161 0.0684 0.000000 3.069555 
2.340 1.45 1.49 0.3957 0.3923 -0.0221 0.0000 0.9181 0.0684 0.000000 3.069553 
2.345 1.36 1.46 0.4035 0.3947 -0.0567 0.0000 0.9202 0.0684 0.000000 3.069550 
2.350 1.43 1.37 0.3975 0.4028 0.0341 0.0000 0.9222 0.0684 0.000000 3.069544 
2.355 1.46 1.47 0.3984 0.3907 -0.0499 -0.0114 0.9240 0.0684 0.002617 3.069541 
2.360 1.48 1.52 0.3969 0.3865 -0.0676 -0.0114 0.9261 0.0684 0.002617 3.069534 
2.365 1.40 1.55 0.3997 0.3872 -0.0804 0.0000 0.9279 0.0684 0.000000 3.069541 
2.370 1.36 1.45 0.4029 0.3958 -0.0460 0.0000 0.9299 0.0684 0.000000 3.069538 
2.375 1.43 1.38 0.3975 0.4018 0.0282 0.0000 0.9319 0.0684 0.000000 3.069536 
2.380 1.47 1.45 0.3941 0.3962 0.0133 0.0000 0.9340 0.0684 0.000000 3.069535 
2.385 1.43 1.46 0.3973 0.3947 -0.0171 0.0000 0.9360 0.0684 0.000000 3.069536 
2.390 1.41 1.40 0.3991 0.3997 0.0037 0.0000 0.9380 0.0684 0.000000 3.069546 
2.395 1.42 1.37 0.3980 0.4027 0.0302 0.0000 0.9401 0.0684 0.000000 3.069535 
2.400 1.54 1.41 0.3913 0.3956 0.0277 -0.0114 0.9419 0.0684 0.002617 3.069543 
2.405 1.46 1.52 0.3946 0.3901 -0.0293 0.0000 0.9437 0.0684 0.000000 3.069552 
2.410 1.37 1.54 0.4027 0.3887 -0.0908 0.0000 0.9457 0.0684 0.000000 3.069543 
2.415 1.42 1.42 0.3986 0.3984 -0.0014 0.0000 0.9478 0.0684 0.000000 3.069534 
2.420 1.43 1.41 0.3977 0.3994 0.0106 0.0000 0.9498 0.0684 0.000000 3.069537 
2.425 1.42 1.50 0.3986 0.3914 -0.0464 0.0000 0.9518 0.0684 0.000000 3.069556 
2.430 1.43 1.50 0.3974 0.3914 -0.0389 0.0000 0.9538 0.0684 0.000000 3.069560 
2.435 1.40 1.45 0.4003 0.3958 -0.0292 0.0000 0.9559 0.0684 0.000000 3.069554 
2.440 1.45 1.41 0.3958 0.3988 0.0194 0.0000 0.9579 0.0684 0.000000 3.069572 
2.445 1.46 1.42 0.3914 0.4021 0.0689 0.0114 0.9597 0.0684 -0.002617 3.069550 
2.450 1.49 1.45 0.3926 0.3961 0.0225 0.0000 0.9616 0.0684 0.000000 3.069532 
2.455 1.45 1.51 0.3958 0.3908 -0.0324 0.0000 0.9636 0.0684 0.000000 3.069556 
2.460 1.35 1.48 0.4041 0.3931 -0.0708 0.0000 0.9656 0.0684 0.000000 3.069544 
2.465 1.43 1.39 0.3976 0.4007 0.0200 0.0000 0.9676 0.0684 0.000000 3.069542 
2.470 1.46 1.44 0.3946 0.3965 0.0118 0.0000 0.9697 0.0684 0.000000 3.069557 
2.475 1.39 1.51 0.4010 0.3911 -0.0639 0.0000 0.9717 0.0684 0.000000 3.069561 
2.480 1.39 1.47 0.4005 0.3938 -0.0436 0.0000 0.9737 0.0684 0.000000 3.069589 
2.485 1.36 1.47 0.3997 0.3973 -0.0157 0.0114 0.9756 0.0684 -0.002617 3.069550 
2.490 1.40 1.40 0.3970 0.4038 0.0440 0.0114 0.9776 0.0684 -0.002617 3.069557 
2.495 1.43 1.45 0.3942 0.3994 0.0334 0.0114 0.9796 0.0684 -0.002617 3.069583 
2.500 1.44 1.49 0.3969 0.3922 -0.0308 0.0000 0.9814 0.0684 0.000000 3.069582 
2.505 1.40 1.45 0.3999 0.3960 -0.0252 0.0000 0.9835 0.0684 0.000000 3.069575 
2.510 1.42 1.45 0.3984 0.3962 -0.0144 0.0000 0.9855 0.0684 0.000000 3.069577 
2.515 1.47 1.42 0.3943 0.3982 0.0246 0.0000 0.9875 0.0684 0.000000 3.069577 
2.520 1.46 1.49 0.3954 0.3925 -0.0189 0.0000 0.9895 0.0684 0.000000 3.069582 
2.525 1.34 1.49 0.4046 0.3925 -0.0782 0.0000 0.9916 0.0684 0.000000 3.069556 
2.530 1.40 1.47 0.3966 0.3972 0.0036 0.0114 0.9934 0.0684 -0.002617 3.069547 
2.535 1.49 1.42 0.3888 0.4021 0.0859 0.0114 0.9954 0.0684 -0.002617 3.069559 
2.540 1.46 1.49 0.3915 0.3962 0.0306 0.0114 0.9975 0.0684 -0.002617 3.069533 
2.545 1.50 1.45 0.3916 0.3956 0.0256 0.0000 0.9993 0.0684 0.000000 3.069542 
2.550 1.39 1.48 0.4007 0.3937 -0.0446 0.0000 1.0013 0.0684 0.000000 3.069534 
2.555 1.44 1.44 0.3967 0.3970 0.0017 0.0000 1.0033 0.0684 0.000000 3.069549 
2.560 1.48 1.48 0.3934 0.3937 0.0025 0.0000 1.0054 0.0684 0.000000 3.069536 
2.565 1.41 1.48 0.3988 0.3930 -0.0375 0.0000 1.0074 0.0684 0.000000 3.069551 
2.570 1.37 1.51 0.3989 0.3937 -0.0332 0.0114 1.0092 0.0684 -0.002617 3.069561 
2.575 1.38 1.49 0.3979 0.3955 -0.0155 0.0114 1.0112 0.0684 -0.002617 3.069544 
2.580 1.44 1.40 0.3933 0.4034 0.0649 0.0114 1.0133 0.0684 -0.002617 3.069541 
2.585 1.49 1.44 0.3894 0.4003 0.0702 0.0114 1.0153 0.0683 -0.002617 3.069577 
2.590 1.44 1.48 0.3964 0.3930 -0.0220 0.0000 1.0171 0.0683 0.000000 3.069546 
2.595 1.38 1.46 0.4015 0.3948 -0.0434 0.0000 1.0192 0.0683 0.000000 3.069537 
2.600 1.42 1.47 0.3980 0.3942 -0.0242 0.0000 1.0212 0.0683 0.000000 3.069531 
2.605 1.45 1.49 0.3955 0.3925 -0.0196 0.0000 1.0232 0.0683 0.000000 3.069537 
2.610 1.39 1.54 0.3979 0.3920 -0.0376 0.0114 1.0250 0.0683 -0.002617 3.069541 
2.615 1.34 1.52 0.4018 0.3932 -0.0559 0.0114 1.0271 0.0683 -0.002617 3.069523 
2.620 1.41 1.45 0.3957 0.3994 0.0240 0.0114 1.0291 0.0683 -0.002617 3.069534 
2.625 1.46 1.43 0.3917 0.4011 0.0602 0.0114 1.0311 0.0683 -0.002617 3.069534 
2.630 1.45 1.45 0.3929 0.3995 0.0428 0.0114 1.0332 0.0683 -0.002617 3.069497 
2.635 1.53 1.46 0.3887 0.3951 0.0415 0.0000 1.0350 0.0683 0.000000 3.069486 
2.640 1.41 1.43 0.3989 0.3976 -0.0082 0.0000 1.0370 0.0683 0.000000 3.069486 
2.645 1.47 1.37 0.3946 0.4021 0.0490 0.0000 1.0390 0.0683 0.000000 3.069498 
2.650 1.50 1.51 0.3919 0.3904 -0.0098 0.0000 1.0411 0.0683 0.000000 3.069484 
2.655 1.34 1.53 0.4012 0.3927 -0.0549 0.0114 1.0429 0.0683 -0.002617 3.069469 
2.660 1.40 1.56 0.3965 0.3901 -0.0411 0.0114 1.0449 0.0683 -0.002617 3.069484 
2.665 1.41 1.47 0.3957 0.3978 0.0131 0.0114 1.0469 0.0683 -0.002617 3.069470 
2.670 1.47 1.36 0.3939 0.4036 0.0624 0.0000 1.0488 0.0683 0.000000 3.069465 
2.675 1.48 1.45 0.3935 0.3962 0.0174 0.0000 1.0508 0.0683 0.000000 3.069476 
2.680 1.47 1.48 0.3945 0.3935 -0.0068 0.0000 1.0528 0.0683 0.000000 3.069480 
2.685 1.44 1.43 0.3971 0.3979 0.0055 0.0000 1.0549 0.0683 0.000000 3.069484 
2.690 1.43 1.38 0.3976 0.4017 0.0266 0.0000 1.0569 0.0683 0.000000 3.069473 
2.695 1.47 1.52 0.3944 0.3901 -0.0275 0.0000 1.0589 0.0683 0.000000 3.069493 
2.700 1.41 1.58 0.3960 0.3884 -0.0493 0.0114 1.0607 0.0683 -0.002617 3.069488 
2.705 1.33 1.58 0.4021 0.3880 -0.0910 0.0114 1.0628 0.0683 -0.002617 3.069463 
2.710 1.41 1.43 0.3956 0.4007 0.0330 0.0114 1.0648 0.0683 -0.002617 3.069471 
2.715 1.49 1.37 0.3923 0.4023 0.0647 0.0000 1.0666 0.0683 0.000000 3.069499 
2.720 1.44 1.41 0.3969 0.3990 0.0135 0.0000 1.0687 0.0683 0.000000 3.069484 
2.725 1.44 1.48 0.3970 0.3936 -0.0222 0.0000 1.0707 0.0683 0.000000 3.069472 
2.730 1.39 1.44 0.4010 0.3965 -0.0292 0.0000 1.0727 0.0683 0.000000 3.069478 
2.735 1.45 1.38 0.3957 0.4021 0.0410 0.0000 1.0747 0.0683 0.000000 3.069481 
2.740 1.46 1.48 0.3916 0.3967 0.0331 0.0114 1.0766 0.0683 -0.002617 3.069488 
2.745 1.39 1.51 0.3975 0.3942 -0.0214 0.0114 1.0786 0.0683 -0.002617 3.069483 
2.750 1.39 1.56 0.3978 0.3900 -0.0503 0.0114 1.0806 0.0683 -0.002617 3.069524 
2.755 1.39 1.46 0.4011 0.3947 -0.0412 0.0000 1.0824 0.0683 0.000000 3.069490 
2.760 1.46 1.39 0.3948 0.4011 0.0405 0.0000 1.0845 0.0683 0.000000 3.069487 
2.765 1.48 1.44 0.3934 0.3964 0.0193 0.0000 1.0865 0.0683 0.000000 3.069501 
2.770 1.40 1.50 0.4002 0.3916 -0.0553 0.0000 1.0885 0.0683 0.000000 3.069507 
2.775 1.40 1.44 0.3997 0.3966 -0.0200 0.0000 1.0906 0.0683 0.000000 3.069511 
2.780 1.41 1.49 0.3957 0.3955 -0.0010 0.0114 1.0924 0.0683 -0.002617 3.069497 
2.785 1.43 1.45 0.3945 0.3991 0.0301 0.0114 1.0944 0.0683 -0.002617 3.069508 
2.790 1.43 1.47 0.3941 0.3973 0.0206 0.0114 1.0964 0.0683 -0.002617 3.069517 
2.795 1.37 1.54 0.3989 0.3917 -0.0466 0.0114 1.0985 0.0683 -0.002617 3.069508 
2.800 1.44 1.44 0.3969 0.3966 -0.0024 0.0000 1.1003 0.0683 0.000000 3.069520 
2.805 1.43 1.44 0.3973 0.3963 -0.0065 0.0000 1.1023 0.0683 0.000000 3.069542 
2.810 1.47 1.43 0.3944 0.3976 0.0202 0.0000 1.1044 0.0683 0.000000 3.069544 
2.815 1.46 1.49 0.3951 0.3925 -0.0167 0.0000 1.1064 0.0683 0.000000 3.069532 
2.820 1.34 1.47 0.4048 0.3945 -0.0661 0.0000 1.1084 0.0683 0.000000 3.069529 
2.825 1.39 1.47 0.3970 0.3976 0.0037 0.0114 1.1102 0.0683 -0.002617 3.069528 
2.830 1.47 1.41 0.3904 0.4026 0.0787 0.0114 1.1123 0.0683 -0.002617 3.069523 
2.835 1.39 1.44 0.3976 0.4000 0.0155 0.0114 1.1143 0.0682 -0.002617 3.069517 
2.840 1.37 1.47 0.3994 0.3974 -0.0130 0.0114 1.1163 0.0682 -0.002617 3.069536 
2.845 1.41 1.46 0.3990 0.3948 -0.0271 0.0000 1.1181 0.0682 0.000000 3.069529 
2.850 1.45 1.43 0.3962 0.3977 0.0097 0.0000 1.1202 0.0682 0.000000 3.069515 
2.855 1.48 1.47 0.3935 0.3938 0.0024 0.0000 1.1222 0.0682 0.000000 3.069512 
2.860 1.41 1.48 0.3991 0.3932 -0.0386 0.0000 1.1242 0.0682 0.000000 3.069519 
2.865 1.41 1.44 0.3995 0.3966 -0.0187 0.0000 1.1263 0.0682 0.000000 3.069522 
2.870 1.38 1.50 0.3986 0.3953 -0.0211 0.0114 1.1281 0.0682 -0.002617 3.069512 
2.875 1.44 1.41 0.3935 0.4028 0.0603 0.0114 1.1301 0.0682 -0.002617 3.069505 
2.880 1.44 1.44 0.3933 0.4004 0.0455 0.0114 1.1321 0.0682 -0.002617 3.069516 
2.885 1.44 1.44 0.3968 0.3963 -0.0033 0.0000 1.1340 0.0682 0.000000 3.069499 
2.890 1.40 1.41 0.4002 0.3992 -0.0064 0.0000 1.1360 0.0682 0.000000 3.069518 
2.895 1.43 1.46 0.3972 0.3947 -0.0162 0.0000 1.1380 0.0682 0.000000 3.069531 
2.900 1.46 1.51 0.3947 0.3910 -0.0241 0.0000 1.1401 0.0682 0.000000 3.069520 
2.905 1.43 1.54 0.3978 0.3879 -0.0633 0.0000 1.1421 0.0682 0.000000 3.069507 
2.910 1.36 1.46 0.4035 0.3952 -0.0533 0.0000 1.1441 0.0682 0.000000 3.069480 
2.915 1.38 1.48 0.3982 0.3968 -0.0090 0.0114 1.1459 0.0682 -0.002617 3.069502 
2.920 1.45 1.46 0.3928 0.3984 0.0362 0.0114 1.1480 0.0682 -0.002617 3.069509 
2.925 1.39 1.46 0.3972 0.3981 0.0062 0.0114 1.1500 0.0682 -0.002617 3.069484 
2.930 1.48 1.45 0.3931 0.3960 0.0185 0.0000 1.1518 0.0682 0.000000 3.069511 
2.935 1.38 1.41 0.4021 0.3992 -0.0185 0.0000 1.1538 0.0682 0.000000 3.069515 
2.940 1.43 1.35 0.3972 0.4038 0.0426 0.0000 1.1559 0.0682 0.000000 3.069515 
2.945 1.49 1.51 0.3923 0.3910 -0.0082 0.0000 1.1579 0.0682 0.000000 3.069515 
2.950 1.39 1.55 0.4009 0.3875 -0.0864 0.0000 1.1599 0.0682 0.000000 3.069519 
2.955 1.38 1.57 0.3985 0.3892 -0.0604 0.0114 1.1618 0.0682 -0.002617 3.069529 
2.960 1.39 1.48 0.3970 0.3965 -0.0038 0.0114 1.1638 0.0682 -0.002617 3.069522 
2.965 1.39 1.46 0.3977 0.3983 0.0042 0.0114 1.1658 0.0682 -0.002617 3.069542 
2.970 1.41 1.49 0.3957 0.3963 0.0039 0.0114 1.1678 0.0682 -0.002617 3.069553 
2.975 1.51 1.45 0.3910 0.3961 0.0329 0.0000 1.1697 0.0682 0.000000 3.069570 
2.980 1.42 1.39 0.3980 0.4010 0.0194 0.0000 1.1717 0.0682 0.000000 3.069575 
2.985 1.42 1.36 0.3983 0.4028 0.0295 0.0000 1.1737 0.0682 0.000000 3.069581 
2.990 1.46 1.46 0.3948 0.3946 -0.0011 0.0000 1.1757 0.0682 0.000000 3.069591 
2.995 1.45 1.53 0.3961 0.3890 -0.0456 0.0000 1.1778 0.0682 0.000000 3.069597 
3.000 1.33 1.58 0.4025 0.3883 -0.0917 0.0114 1.1796 0.0682 -0.002617 3.069578 
3.005 1.40 1.44 0.3966 0.3999 0.0212 0.0114 1.1816 0.0682 -0.002617 3.069590 
3.010 1.45 1.42 0.3924 0.4016 0.0594 0.0114 1.1837 0.0682 -0.002617 3.069596 
3.015 1.37 1.46 0.3991 0.3982 -0.0056 0.0114 1.1857 0.0682 -0.002617 3.069594 
3.020 1.39 1.53 0.3976 0.3925 -0.0331 0.0114 1.1877 0.0682 -0.002617 3.069604 
3.025 1.41 1.43 0.3995 0.3972 -0.0148 0.0000 1.1895 0.0682 0.000000 3.069591 
3.030 1.45 1.39 0.3955 0.4007 0.0333 0.0000 1.1916 0.0682 0.000000 3.069608 
3.035 1.49 1.44 0.3927 0.3964 0.0235 0.0000 1.1936 0.0682 0.000000 3.069611 
3.040 -4.79 -4.62 0.3990 0.3847 -0.0926 0.0000 1.1956 0.0682 0.000000 3.069603 
3.045 -2.70 -2.71 0.2250 0.2256 0.0037 0.0000 1.1968 0.0682 0.000000 3.069623 
3.050 -1.16 -1.35 0.0968 0.1123 0.1000 0.0000 1.1973 0.0682 0.000000 3.069582 
3.055 0.64 -0.73 -0.0501 0.0573 0.6933 0.0000 1.1970 0.0682 0.002617 3.069612 
3.060 0.60 0.64 -0.0501 -0.0535 -0.0217 0.0000 1.1968 0.0682 0.000000 3.069639 
3.065 0.60 0.48 -0.0470 -0.0433 0.0244 0.0000 1.1966 0.0682 0.002617 3.069622 
3.070 -1.02 0.34 0.0852 -0.0282 -0.7320 0.0000 1.1968 0.0682 0.000000 3.069683 
3.075 -0.61 0.25 0.0511 -0.0209 -0.4648 0.0000 1.1968 0.0682 0.000000 3.069635 
3.080 0.56 -0.31 -0.0402 0.0193 0.3842 0.0000 1.1968 0.0682 0.005235 3.069673 
3.085 0.56 -0.31 -0.0402 0.0193 0.3842 0.0000 1.1968 0.0682 0.005235 3.069654 
3.090 0.46 -0.31 -0.0316 0.0193 0.3285 0.0000 1.1968 0.0682 0.005235 3.069597 
3.095 0.35 -0.31 -0.0227 0.0193 0.2713 0.0000 1.1968 0.0682 0.005235 3.069669 
3.100 -0.18 -0.26 0.0187 0.0180 -0.0045 0.0000 1.1970 0.0682 0.002617 3.069638 
3.105 -0.22 0.21 0.0187 -0.0172 -0.2314 0.0000 1.1968 0.0682 0.000000 3.069685 
3.110 -0.22 0.21 0.0187 -0.0172 -0.2314 0.0000 1.1968 0.0682 0.000000 3.069659 
3.115 -0.22 0.21 0.0187 -0.0172 -0.2314 0.0000 1.1968 0.0682 0.000000 3.069649 
3.120 -0.22 0.21 0.0187 -0.0172 -0.2314 0.0000 1.1968 0.0682 0.000000 3.069654 
3.125 -0.19 0.21 0.0159 -0.0172 -0.2134 0.0000 1.1968 0.0682 0.000000 3.069614 
3.130 -0.12 -0.25 0.0133 0.0175 0.0270 0.0000 1.1970 0.0682 0.002617 3.069628 
3.135 0.22 -0.29 -0.0120 0.0175 0.1901 0.0000 1.1968 0.0682 0.005235 3.069649 
3.140 0.18 0.32 -0.0120 -0.0303 -0.1181 0.0000 1.1966 0.0682 0.002617 3.069654 
3.145 0.18 0.32 -0.0120 -0.0303 -0.1181 0.0000 1.1966 0.0682 0.002617 3.069641 
3.150 -0.38 -0.52 0.0351 0.0398 0.0301 0.0000 1.1970 0.0682 0.002617 3.069631 
3.155 0.59 -0.56 -0.0421 0.0398 0.5283 0.0000 1.1968 0.0682 0.005235 3.069633 
3.160 0.59 -0.55 -0.0421 0.0392 0.5244 0.0000 1.1968 0.0682 0.005235 3.069621 
3.165 -0.50 0.45 0.0418 -0.0375 -0.5118 0.0000 1.1968 0.0682 0.000000 3.069619 
3.170 -0.50 0.45 0.0418 -0.0375 -0.5118 0.0000 1.1968 0.0682 0.000000 3.069633 
3.175 -0.48 0.34 0.0401 -0.0282 -0.4407 0.0000 1.1968 0.0682 0.000000 3.069611 
3.180 0.42 -0.42 -0.0282 0.0287 0.3668 0.0000 1.1968 0.0682 0.005235 3.069588 
3.185 0.42 -0.42 -0.0282 0.0287 0.3668 0.0000 1.1968 0.0682 0.005235 3.069571 
3.190 0.42 -0.41 -0.0282 0.0277 0.3603 0.0000 1.1968 0.0682 0.005235 3.069596 
3.195 0.35 0.22 -0.0258 -0.0216 0.0271 0.0000 1.1966 0.0682 0.002617 3.069615 
3.200 -0.27 0.26 0.0225 -0.0216 -0.2850 0.0000 1.1968 0.0682 0.000000 3.069607 
3.205 -0.27 0.26 0.0225 -0.0216 -0.2850 0.0000 1.1968 0.0682 0.000000 3.069627 
3.210 -0.27 0.26 0.0225 -0.0216 -0.2850 0.0000 1.1968 0.0682 0.000000 3.069629 
3.215 -0.27 0.23 0.0225 -0.0197 -0.2723 0.0000 1.1968 0.0682 0.000000 3.069620 
3.220 0.30 -0.32 -0.0185 0.0202 0.2500 0.0000 1.1968 0.0682 0.005235 3.069617 
3.225 0.30 -0.32 -0.0185 0.0202 0.2500 0.0000 1.1968 0.0682 0.005235 3.069617 
3.230 0.30 -0.32 -0.0185 0.0202 0.2500 0.0000 1.1968 0.0682 0.005235 3.069632 
3.235 0.26 0.23 -0.0185 -0.0225 -0.0259 0.0000 1.1966 0.0682 0.002617 3.069622 
3.240 -0.31 0.27 0.0260 -0.0225 -0.3129 0.0000 1.1968 0.0682 0.000000 3.069630 
3.245 -0.31 0.27 0.0260 -0.0225 -0.3129 0.0000 1.1968 0.0682 0.000000 3.069635 
3.250 -0.27 -0.38 0.0260 0.0286 0.0171 0.0000 1.1970 0.0682 0.002617 3.069626 
3.255 0.41 -0.42 -0.0274 0.0286 0.3610 0.0000 1.1968 0.0682 0.005235 3.069616 
3.260 0.37 0.38 -0.0274 -0.0353 -0.0510 0.0000 1.1966 0.0682 0.002617 3.069609 
3.265 -0.38 0.42 0.0315 -0.0353 -0.4307 0.0000 1.1968 0.0682 0.000000 3.069628 
3.270 -0.38 0.42 0.0315 -0.0353 -0.4307 0.0000 1.1968 0.0682 0.000000 3.069635 
3.275 -0.34 -0.47 0.0315 0.0362 0.0306 0.0000 1.1970 0.0682 0.002617 3.069622 
3.280 0.41 -0.52 -0.0274 0.0362 0.4104 0.0000 1.1968 0.0681 0.005235 3.069630 
3.285 0.41 -0.44 -0.0274 0.0300 0.3703 0.0000 1.1968 0.0681 0.005235 3.069630 
3.290 0.37 0.28 -0.0274 -0.0269 0.0029 0.0000 1.1966 0.0681 0.002617 3.069616 
3.295 -0.33 0.32 0.0276 -0.0269 -0.3520 0.0000 1.1968 0.0681 0.000000 3.069602 
3.300 -0.33 0.32 0.0276 -0.0269 -0.3520 0.0000 1.1968 0.0681 0.000000 3.069627 
3.305 -0.33 0.27 0.0276 -0.0223 -0.3219 0.0000 1.1968 0.0681 0.000000 3.069626 
3.310 -0.26 -0.32 0.0250 0.0229 -0.0139 0.0000 1.1970 0.0681 0.002617 3.069619 
3.315 0.36 -0.35 -0.0233 0.0229 0.2977 0.0000 1.1968 0.0681 0.005235 3.069612 
3.320 0.36 -0.35 -0.0233 0.0229 0.2977 0.0000 1.1968 0.0681 0.005235 3.069581 
3.325 0.36 -0.33 -0.0233 0.0205 0.2821 0.0000 1.1968 0.0681 0.005235 3.069590 
3.330 -0.30 0.24 0.0255 -0.0201 -0.2939 0.0000 1.1968 0.0681 0.000000 3.069603 
3.335 -0.30 0.24 0.0255 -0.0201 -0.2939 0.0000 1.1968 0.0681 0.000000 3.069629 
3.340 -0.30 0.24 0.0255 -0.0201 -0.2939 0.0000 1.1968 0.0681 0.000000 3.069661 
3.345 -0.24 -0.33 0.0234 0.0244 0.0070 0.0000 1.1970 0.0681 0.002617 3.069652 
3.350 0.36 -0.37 -0.0230 0.0244 0.3062 0.0000 1.1968 0.0681 0.005235 3.069637 
3.355 0.36 -0.37 -0.0230 0.0244 0.3062 0.0000 1.1968 0.0681 0.005235 3.069640 
3.360 0.32 0.32 -0.0230 -0.0305 -0.0479 0.0000 1.1966 0.0681 0.002617 3.069659 
3.365 -0.31 0.36 0.0256 -0.0305 -0.3616 0.0000 1.1968 0.0681 0.000000 3.069679 
3.370 -0.27 -0.43 0.0256 0.0323 0.0430 0.0000 1.1970 0.0681 0.002617 3.069692 
3.375 -0.27 -0.43 0.0256 0.0323 0.0430 0.0000 1.1970 0.0681 0.002617 3.069689 
3.380 0.37 -0.47 -0.0241 0.0323 0.3635 0.0000 1.1968 0.0681 0.005235 3.069672 
3.385 0.33 0.29 -0.0241 -0.0274 -0.0210 0.0000 1.1966 0.0681 0.002617 3.069651 
3.390 0.33 0.29 -0.0241 -0.0274 -0.0210 0.0000 1.1966 0.0681 0.002617 3.069646 
3.395 -0.31 0.33 0.0258 -0.0274 -0.3426 0.0000 1.1968 0.0681 0.000000 3.069662 
3.400 -0.31 0.32 0.0258 -0.0263 -0.3357 0.0000 1.1968 0.0681 0.000000 3.069656 
3.405 -0.27 -0.32 0.0258 0.0232 -0.0167 0.0000 1.1970 0.0681 0.002617 3.069658 
3.410 -0.27 -0.32 0.0258 0.0232 -0.0167 0.0000 1.1970 0.0681 0.002617 3.069660 
3.415 0.39 -0.36 -0.0255 0.0232 0.3143 0.0000 1.1968 0.0681 0.005235 3.069659 
3.420 0.39 -0.36 -0.0255 0.0232 0.3143 0.0000 1.1968 0.0681 0.005235 3.069642 
3.425 -0.37 0.26 0.0307 -0.0214 -0.3367 0.0000 1.1968 0.0681 0.000000 3.069643 
3.430 -0.37 0.26 0.0307 -0.0214 -0.3367 0.0000 1.1968 0.0681 0.000000 3.069658 
3.435 -0.37 0.26 0.0307 -0.0214 -0.3367 0.0000 1.1968 0.0681 0.000000 3.069657 
3.440 -0.27 -0.40 0.0255 0.0302 0.0306 0.0000 1.1970 0.0681 0.002617 3.069628 
3.445 0.37 -0.44 -0.0240 0.0302 0.3502 0.0000 1.1968 0.0681 0.005235 3.069609 
3.450 0.33 0.36 -0.0240 -0.0335 -0.0612 0.0000 1.1966 0.0681 0.002617 3.069600 
3.455 0.33 0.36 -0.0240 -0.0335 -0.0612 0.0000 1.1966 0.0681 0.002617 3.069600 
3.460 -0.31 0.40 0.0257 -0.0335 -0.3824 0.0000 1.1968 0.0681 0.000000 3.069597 
3.465 -0.27 -0.38 0.0257 0.0280 0.0149 0.0000 1.1970 0.0681 0.002617 3.069633 
3.470 -0.27 -0.38 0.0257 0.0280 0.0149 0.0000 1.1970 0.0681 0.002617 3.069637 
3.475 -0.23 -0.38 0.0228 0.0280 0.0340 0.0000 1.1970 0.0681 0.002617 3.069624 
3.480 0.35 -0.37 -0.0227 0.0241 0.3025 0.0000 1.1968 0.0681 0.005235 3.069611 
3.485 0.31 0.20 -0.0227 -0.0202 0.0164 0.0000 1.1966 0.0681 0.002617 3.069609 
3.490 0.31 0.20 -0.0227 -0.0202 0.0164 0.0000 1.1966 0.0681 0.002617 3.069622 
3.495 -0.28 0.24 0.0234 -0.0202 -0.2811 0.0000 1.1968 0.0681 0.000000 3.069631 
3.500 -0.28 0.24 0.0234 -0.0202 -0.2811 0.0000 1.1968 0.0681 0.000000 3.069646 
3.505 -0.24 -0.29 0.0234 0.0209 -0.0159 0.0000 1.1970 0.0681 0.002617 3.069656 
3.510 -0.24 -0.29 0.0234 0.0209 -0.0159 0.0000 1.1970 0.0681 0.002617 3.069655 
3.515 0.36 -0.33 -0.0231 0.0209 0.2838 0.0000 1.1968 0.0681 0.005235 3.069638 
3.520 0.32 0.27 -0.0231 -0.0258 -0.0178 0.0000 1.1966 0.0681 0.002617 3.069657 
3.525 -0.36 0.31 0.0304 -0.0258 -0.3631 0.0000 1.1968 0.0681 0.000000 3.069661 
3.530 -0.36 0.31 0.0304 -0.0258 -0.3631 0.0000 1.1968 0.0681 0.000000 3.069670 
3.535 -0.32 -0.44 0.0304 0.0336 0.0203 0.0000 1.1970 0.0681 0.002617 3.069663 
3.540 0.41 -0.48 -0.0272 0.0336 0.3921 0.0000 1.1968 0.0681 0.005235 3.069665 
3.545 0.41 -0.46 -0.0272 0.0317 0.3799 0.0000 1.1968 0.0681 0.005235 3.069646 
3.550 0.37 0.34 -0.0272 -0.0317 -0.0293 0.0000 1.1966 0.0681 0.002617 3.069625 
3.555 0.35 0.34 -0.0256 -0.0317 -0.0398 0.0000 1.1966 0.0681 0.002617 3.069633 
3.560 -0.30 0.33 0.0250 -0.0274 -0.3382 0.0000 1.1968 0.0681 0.000000 3.069647 
3.565 -0.26 -0.34 0.0250 0.0252 0.0007 0.0000 1.1970 0.0681 0.002617 3.069646 
3.570 -0.26 -0.34 0.0250 0.0252 0.0007 0.0000 1.1970 0.0681 0.002617 3.069637 
3.575 0.34 -0.38 -0.0213 0.0252 0.2996 0.0000 1.1968 0.0681 0.005235 3.069623 
3.580 0.34 -0.35 -0.0213 0.0225 0.2822 0.0000 1.1968 0.0681 0.005235 3.069607 
3.585 0.30 0.20 -0.0213 -0.0197 0.0102 0.0000 1.1966 0.0681 0.002617 3.069599 
3.590 0.30 0.20 -0.0213 -0.0197 0.0102 0.0000 1.1966 0.0681 0.002617 3.069609 
3.595 -0.31 0.24 0.0262 -0.0197 -0.2959 0.0000 1.1968 0.0681 0.000000 3.069627 
3.600 -0.31 0.24 0.0262 -0.0197 -0.2959 0.0000 1.1968 0.0681 0.000000 3.069628 
3.605 -0.27 -0.32 0.0262 0.0237 -0.0161 0.0000 1.1970 0.0681 0.002617 3.069602 
3.610 0.40 -0.36 -0.0267 0.0237 0.3252 0.0000 1.1968 0.0681 0.005235 3.069603 
3.615 0.36 0.32 -0.0267 -0.0301 -0.0217 0.0000 1.1966 0.0681 0.002617 3.069617 
3.620 -0.41 0.36 0.0340 -0.0301 -0.4136 0.0000 1.1968 0.0681 0.000000 3.069619 
3.625 -0.41 0.36 0.0340 -0.0301 -0.4136 0.0000 1.1968 0.0681 0.000000 3.069647 
3.630 -0.37 -0.44 0.0340 0.0335 -0.0031 0.0000 1.1970 0.0681 0.002617 3.069659 
3.635 0.41 -0.48 -0.0272 0.0335 0.3919 0.0000 1.1968 0.0681 0.005235 3.069656 
3.640 0.41 -0.45 -0.0272 0.0309 0.3748 0.0000 1.1968 0.0681 0.005235 3.069608 
3.645 0.37 0.32 -0.0272 -0.0300 -0.0183 0.0000 1.1966 0.0681 0.002617 3.069603 
3.650 0.33 0.32 -0.0241 -0.0300 -0.0381 0.0000 1.1966 0.0681 0.002617 3.069602 
3.655 -0.29 0.34 0.0242 -0.0281 -0.3374 0.0000 1.1968 0.0681 0.000000 3.069620 
3.660 -0.25 -0.34 0.0242 0.0251 0.0060 0.0000 1.1970 0.0681 0.002617 3.069611 
3.665 -0.25 -0.34 0.0242 0.0251 0.0060 0.0000 1.1970 0.0681 0.002617 3.069622 
3.670 -0.21 -0.34 0.0207 0.0251 0.0283 0.0000 1.1970 0.0681 0.002617 3.069614 
3.675 0.32 -0.36 -0.0196 0.0230 0.2749 0.0000 1.1968 0.0681 0.005235 3.069603 
3.680 0.28 0.20 -0.0196 -0.0199 -0.0017 0.0000 1.1966 0.0681 0.002617 3.069592 
3.685 0.28 0.20 -0.0196 -0.0199 -0.0017 0.0000 1.1966 0.0681 0.002617 3.069624 
3.690 -0.27 0.24 0.0221 -0.0199 -0.2710 0.0000 1.1968 0.0681 0.000000 3.069643 
3.695 -0.27 0.24 0.0221 -0.0199 -0.2710 0.0000 1.1968 0.0681 0.000000 3.069647 
3.700 -0.22 -0.28 0.0221 0.0195 -0.0165 0.0000 1.1970 0.0681 0.002617 3.069640 
3.705 -0.22 -0.28 0.0221 0.0195 -0.0165 0.0000 1.1970 0.0681 0.002617 3.069627 
3.710 0.37 -0.32 -0.0242 0.0195 0.2820 0.0000 1.1968 0.0681 0.005235 3.069630 
3.715 0.37 -0.32 -0.0242 0.0195 0.2820 0.0000 1.1968 0.0681 0.005235 3.069635 
3.720 -0.44 0.30 0.0365 -0.0250 -0.3968 0.0000 1.1968 0.0681 0.000000 3.069671 
3.725 -0.44 0.30 0.0365 -0.0250 -0.3968 0.0000 1.1968 0.0681 0.000000 3.069687 
3.730 -0.37 -0.45 0.0344 0.0342 -0.0015 0.0000 1.1970 0.0681 0.002617 3.069671 
3.735 0.46 -0.49 -0.0314 0.0342 0.4232 0.0000 1.1968 0.0681 0.005235 3.069653 
3.740 0.46 -0.49 -0.0314 0.0342 0.4232 0.0000 1.1968 0.0681 0.005235 3.069639 
