% Freja (4)
%  1    time 0.003 sec
%  2  3 Motor voltage [V] left, right: 0.00 0.00
%  4  5 Wheel velocity [m/s] left, right: 0.0000 0.0000
% 6 7 Turnrate [r/s]: 0.0000, steer angle [rad]: 0.0000
%  8  9 10 11 Pose x,y,h,tilt [m,m,rad,rad]: 0 0 0 3.07485
0.003 0.00 0.00 0.0000 0.0000 0.0000 0.0000 0.0000 0.0000 0.000000 3.074846 
0.007 0.00 0.00 0.0000 0.0000 0.0000 0.0000 0.0000 0.0000 0.000000 3.074850 
0.011 0.00 0.00 0.0000 0.0000 0.0000 0.0000 0.0000 0.0000 0.000000 3.074832 
0.015 0.00 0.00 0.0000 0.0000 0.0000 0.0000 0.0000 0.0000 0.000000 3.074815 
0.019 0.00 0.00 0.0000 0.0000 0.0000 0.0000 0.0000 0.0000 0.000000 3.074809 
0.023 0.00 0.00 0.0000 0.0000 0.0000 0.0000 0.0000 0.0000 0.000000 3.074798 
0.027 0.00 0.00 0.0000 0.0000 0.0000 0.0000 0.0000 0.0000 0.000000 3.074790 
0.031 0.00 0.00 0.0000 0.0000 0.0000 0.0000 0.0000 0.0000 0.000000 3.074784 
0.035 0.00 0.00 0.0000 0.0000 0.0000 0.0000 0.0000 0.0000 0.000000 3.074792 
0.039 0.00 0.00 0.0000 0.0000 0.0000 0.0000 0.0000 0.0000 0.000000 3.074784 
0.043 0.00 0.00 0.0000 0.0000 0.0000 0.0000 0.0000 0.0000 0.000000 3.074781 
0.047 0.00 0.00 0.0000 0.0000 0.0000 0.0000 0.0000 0.0000 0.000000 3.074785 
0.051 0.00 0.00 0.0000 0.0000 0.0000 0.0000 0.0000 0.0000 0.000000 3.074786 
0.055 0.00 0.00 0.0000 0.0000 0.0000 0.0000 0.0000 0.0000 0.000000 3.074803 
0.059 0.00 0.00 0.0000 0.0000 0.0000 0.0000 0.0000 0.0000 0.000000 3.074809 
0.063 0.00 0.00 0.0000 0.0000 0.0000 0.0000 0.0000 0.0000 0.000000 3.074818 
0.067 0.00 0.00 0.0000 0.0000 0.0000 0.0000 0.0000 0.0000 0.000000 3.074804 
0.071 0.00 0.00 0.0000 0.0000 0.0000 0.0000 0.0000 0.0000 0.000000 3.074819 
0.075 0.00 0.00 0.0000 0.0000 0.0000 0.0000 0.0000 0.0000 0.000000 3.074826 
0.079 0.00 0.00 0.0000 0.0000 0.0000 0.0000 0.0000 0.0000 0.000000 3.074824 
0.083 0.00 0.00 0.0000 0.0000 0.0000 0.0000 0.0000 0.0000 0.000000 3.074819 
0.087 0.00 0.00 0.0000 0.0000 0.0000 0.0000 0.0000 0.0000 0.000000 3.074817 
0.091 0.00 0.00 0.0000 0.0000 0.0000 0.0000 0.0000 0.0000 0.000000 3.074830 
0.095 0.00 0.00 0.0000 0.0000 0.0000 0.0000 0.0000 0.0000 0.000000 3.074825 
0.099 0.00 0.00 0.0000 0.0000 0.0000 0.0000 0.0000 0.0000 0.000000 3.074821 
0.103 0.00 0.00 0.0000 0.0000 0.0000 0.0000 0.0000 0.0000 0.000000 3.074820 
0.107 0.00 0.00 0.0000 0.0000 0.0000 0.0000 0.0000 0.0000 0.000000 3.074818 
0.111 0.00 0.00 0.0000 0.0000 0.0000 0.0000 0.0000 0.0000 0.000000 3.074819 
0.115 0.00 0.00 0.0000 0.0000 0.0000 0.0000 0.0000 0.0000 0.000000 3.074833 
0.119 0.00 0.00 0.0000 0.0000 0.0000 0.0000 0.0000 0.0000 0.000000 3.074833 
0.123 0.00 0.00 0.0000 0.0000 0.0000 0.0000 0.0000 0.0000 0.000000 3.074842 
0.127 0.00 0.00 0.0000 0.0000 0.0000 0.0000 0.0000 0.0000 0.000000 3.074853 
0.131 0.00 0.00 0.0000 0.0000 0.0000 0.0000 0.0000 0.0000 0.000000 3.074864 
0.135 0.00 0.00 0.0000 0.0000 0.0000 0.0000 0.0000 0.0000 0.000000 3.074885 
0.139 0.00 0.00 0.0000 0.0000 0.0000 0.0000 0.0000 0.0000 0.000000 3.074881 
0.143 0.00 0.00 0.0000 0.0000 0.0000 0.0000 0.0000 0.0000 0.000000 3.074906 
0.147 0.00 0.00 0.0000 0.0000 0.0000 0.0000 0.0000 0.0000 0.000000 3.074911 
0.151 0.00 0.00 0.0000 0.0000 0.0000 0.0000 0.0000 0.0000 0.000000 3.074919 
0.155 0.00 0.00 0.0000 0.0000 0.0000 0.0000 0.0000 0.0000 0.000000 3.074932 
0.159 0.00 0.00 0.0000 0.0000 0.0000 0.0000 0.0000 0.0000 0.000000 3.074932 
0.163 0.00 0.00 0.0000 0.0000 0.0000 0.0000 0.0000 0.0000 0.000000 3.074933 
0.167 0.00 0.00 0.0000 0.0000 0.0000 0.0000 0.0000 0.0000 0.000000 3.074921 
0.171 0.00 0.00 0.0000 0.0000 0.0000 0.0000 0.0000 0.0000 0.000000 3.074914 
0.175 0.00 0.00 0.0000 0.0000 0.0000 0.0000 0.0000 0.0000 0.000000 3.074897 
0.179 0.00 0.00 0.0000 0.0000 0.0000 0.0000 0.0000 0.0000 0.000000 3.074894 
0.183 0.00 0.00 0.0000 0.0000 0.0000 0.0000 0.0000 0.0000 0.000000 3.074880 
0.187 0.00 0.00 0.0000 0.0000 0.0000 0.0000 0.0000 0.0000 0.000000 3.074864 
0.191 0.00 0.00 0.0000 0.0000 0.0000 0.0000 0.0000 0.0000 0.000000 3.074853 
0.195 0.00 0.00 0.0000 0.0000 0.0000 0.0000 0.0000 0.0000 0.000000 3.074837 
0.199 0.00 0.00 0.0000 0.0000 0.0000 0.0000 0.0000 0.0000 0.000000 3.074823 
0.203 0.00 0.00 0.0000 0.0000 0.0000 0.0000 0.0000 0.0000 0.000000 3.074816 
0.207 0.00 0.00 0.0000 0.0000 0.0000 0.0000 0.0000 0.0000 0.000000 3.074812 
0.211 0.00 0.00 0.0000 0.0000 0.0000 0.0000 0.0000 0.0000 0.000000 3.074791 
0.215 0.00 0.00 0.0000 0.0000 0.0000 0.0000 0.0000 0.0000 0.000000 3.074772 
0.219 0.00 0.00 0.0000 0.0000 0.0000 0.0000 0.0000 0.0000 0.000000 3.074752 
0.223 0.00 0.00 0.0000 0.0000 0.0000 0.0000 0.0000 0.0000 0.000000 3.074739 
0.227 0.00 0.00 0.0000 0.0000 0.0000 0.0000 0.0000 0.0000 0.000000 3.074710 
0.231 0.00 0.00 0.0000 0.0000 0.0000 0.0000 0.0000 0.0000 0.000000 3.074687 
0.235 0.00 0.00 0.0000 0.0000 0.0000 0.0000 0.0000 0.0000 0.000000 3.074668 
0.239 0.00 0.00 0.0000 0.0000 0.0000 0.0000 0.0000 0.0000 0.000000 3.074663 
0.243 0.00 0.00 0.0000 0.0000 0.0000 0.0000 0.0000 0.0000 0.000000 3.074649 
0.247 0.00 0.00 0.0000 0.0000 0.0000 0.0000 0.0000 0.0000 0.000000 3.074646 
0.251 0.00 0.00 0.0000 0.0000 0.0000 0.0000 0.0000 0.0000 0.000000 3.074649 
0.255 0.00 0.00 0.0000 0.0000 0.0000 0.0000 0.0000 0.0000 0.000000 3.074657 
0.259 0.00 0.00 0.0000 0.0000 0.0000 0.0000 0.0000 0.0000 0.000000 3.074666 
0.263 0.00 0.00 0.0000 0.0000 0.0000 0.0000 0.0000 0.0000 0.000000 3.074704 
0.267 0.00 0.00 0.0000 0.0000 0.0000 0.0000 0.0000 0.0000 0.000000 3.074729 
0.271 0.00 0.00 0.0000 0.0000 0.0000 0.0000 0.0000 0.0000 0.000000 3.074749 
0.275 0.00 0.00 0.0000 0.0000 0.0000 0.0000 0.0000 0.0000 0.000000 3.074770 
0.279 0.00 0.00 0.0000 0.0000 0.0000 0.0000 0.0000 0.0000 0.000000 3.074792 
0.283 0.00 0.00 0.0000 0.0000 0.0000 0.0000 0.0000 0.0000 0.000000 3.074811 
0.287 0.00 0.00 0.0000 0.0000 0.0000 0.0000 0.0000 0.0000 0.000000 3.074840 
0.291 0.00 0.00 0.0000 0.0000 0.0000 0.0000 0.0000 0.0000 0.000000 3.074868 
0.295 0.00 0.00 0.0000 0.0000 0.0000 0.0000 0.0000 0.0000 0.000000 3.074880 
0.299 0.00 0.00 0.0000 0.0000 0.0000 0.0000 0.0000 0.0000 0.000000 3.074891 
0.303 0.00 0.00 0.0000 0.0000 0.0000 0.0000 0.0000 0.0000 0.000000 3.074893 
0.307 0.00 0.00 0.0000 0.0000 0.0000 0.0000 0.0000 0.0000 0.000000 3.074906 
0.311 0.00 0.00 0.0000 0.0000 0.0000 0.0000 0.0000 0.0000 0.000000 3.074913 
0.315 0.00 0.00 0.0000 0.0000 0.0000 0.0000 0.0000 0.0000 0.000000 3.074919 
0.319 0.00 0.00 0.0000 0.0000 0.0000 0.0000 0.0000 0.0000 0.000000 3.074907 
0.323 0.00 0.00 0.0000 0.0000 0.0000 0.0000 0.0000 0.0000 0.000000 3.074903 
0.327 0.00 0.00 0.0000 0.0000 0.0000 0.0000 0.0000 0.0000 0.000000 3.074902 
0.331 0.00 0.00 0.0000 0.0000 0.0000 0.0000 0.0000 0.0000 0.000000 3.074892 
0.335 0.00 0.00 0.0000 0.0000 0.0000 0.0000 0.0000 0.0000 0.000000 3.074875 
0.339 0.00 0.00 0.0000 0.0000 0.0000 0.0000 0.0000 0.0000 0.000000 3.074859 
0.343 0.00 0.00 0.0000 0.0000 0.0000 0.0000 0.0000 0.0000 0.000000 3.074841 
0.347 0.00 0.00 0.0000 0.0000 0.0000 0.0000 0.0000 0.0000 0.000000 3.074832 
0.351 0.00 0.00 0.0000 0.0000 0.0000 0.0000 0.0000 0.0000 0.000000 3.074823 
0.355 0.00 0.00 0.0000 0.0000 0.0000 0.0000 0.0000 0.0000 0.000000 3.074808 
0.359 0.00 0.00 0.0000 0.0000 0.0000 0.0000 0.0000 0.0000 0.000000 3.074785 
0.363 0.00 0.00 0.0000 0.0000 0.0000 0.0000 0.0000 0.0000 0.000000 3.074779 
0.367 0.00 0.00 0.0000 0.0000 0.0000 0.0000 0.0000 0.0000 0.000000 3.074782 
0.371 0.00 0.00 0.0000 0.0000 0.0000 0.0000 0.0000 0.0000 0.000000 3.074780 
0.375 0.00 0.00 0.0000 0.0000 0.0000 0.0000 0.0000 0.0000 0.000000 3.074775 
0.379 0.00 0.00 0.0000 0.0000 0.0000 0.0000 0.0000 0.0000 0.000000 3.074767 
0.383 0.00 0.00 0.0000 0.0000 0.0000 0.0000 0.0000 0.0000 0.000000 3.074763 
0.387 0.00 0.00 0.0000 0.0000 0.0000 0.0000 0.0000 0.0000 0.000000 3.074760 
0.391 0.00 0.00 0.0000 0.0000 0.0000 0.0000 0.0000 0.0000 0.000000 3.074755 
0.395 0.00 0.00 0.0000 0.0000 0.0000 0.0000 0.0000 0.0000 0.000000 3.074767 
0.399 0.00 0.00 0.0000 0.0000 0.0000 0.0000 0.0000 0.0000 0.000000 3.074770 
0.403 0.00 0.00 0.0000 0.0000 0.0000 0.0000 0.0000 0.0000 0.000000 3.074781 
0.407 0.00 0.00 0.0000 0.0000 0.0000 0.0000 0.0000 0.0000 0.000000 3.074785 
0.411 0.00 0.00 0.0000 0.0000 0.0000 0.0000 0.0000 0.0000 0.000000 3.074812 
0.415 0.00 0.00 0.0000 0.0000 0.0000 0.0000 0.0000 0.0000 0.000000 3.074821 
0.419 0.00 0.00 0.0000 0.0000 0.0000 0.0000 0.0000 0.0000 0.000000 3.074828 
0.423 0.00 0.00 0.0000 0.0000 0.0000 0.0000 0.0000 0.0000 0.000000 3.074838 
0.427 0.00 0.00 0.0000 0.0000 0.0000 0.0000 0.0000 0.0000 0.000000 3.074857 
0.431 0.00 0.00 0.0000 0.0000 0.0000 0.0000 0.0000 0.0000 0.000000 3.074877 
0.435 0.00 0.00 0.0000 0.0000 0.0000 0.0000 0.0000 0.0000 0.000000 3.074892 
0.439 0.00 0.00 0.0000 0.0000 0.0000 0.0000 0.0000 0.0000 0.000000 3.074912 
0.443 0.00 0.00 0.0000 0.0000 0.0000 0.0000 0.0000 0.0000 0.000000 3.074920 
0.447 0.00 0.00 0.0000 0.0000 0.0000 0.0000 0.0000 0.0000 0.000000 3.074929 
0.451 0.00 0.00 0.0000 0.0000 0.0000 0.0000 0.0000 0.0000 0.000000 3.074946 
0.455 0.00 0.00 0.0000 0.0000 0.0000 0.0000 0.0000 0.0000 0.000000 3.074940 
0.459 0.00 0.00 0.0000 0.0000 0.0000 0.0000 0.0000 0.0000 0.000000 3.074944 
0.463 0.00 0.00 0.0000 0.0000 0.0000 0.0000 0.0000 0.0000 0.000000 3.074939 
0.467 0.00 0.00 0.0000 0.0000 0.0000 0.0000 0.0000 0.0000 0.000000 3.074934 
0.471 0.00 0.00 0.0000 0.0000 0.0000 0.0000 0.0000 0.0000 0.000000 3.074936 
0.475 0.00 0.00 0.0000 0.0000 0.0000 0.0000 0.0000 0.0000 0.000000 3.074941 
0.479 0.00 0.00 0.0000 0.0000 0.0000 0.0000 0.0000 0.0000 0.000000 3.074942 
0.483 0.00 0.00 0.0000 0.0000 0.0000 0.0000 0.0000 0.0000 0.000000 3.074931 
0.487 0.00 0.00 0.0000 0.0000 0.0000 0.0000 0.0000 0.0000 0.000000 3.074929 
0.491 0.00 0.00 0.0000 0.0000 0.0000 0.0000 0.0000 0.0000 0.000000 3.074920 
0.495 0.00 0.00 0.0000 0.0000 0.0000 0.0000 0.0000 0.0000 0.000000 3.074918 
0.499 0.00 0.00 0.0000 0.0000 0.0000 0.0000 0.0000 0.0000 0.000000 3.074912 
0.503 0.00 0.00 0.0000 0.0000 0.0000 0.0000 0.0000 0.0000 0.000000 3.074895 
0.507 0.00 0.00 0.0000 0.0000 0.0000 0.0000 0.0000 0.0000 0.000000 3.074878 
0.511 0.00 0.00 0.0000 0.0000 0.0000 0.0000 0.0000 0.0000 0.000000 3.074866 
0.515 0.00 0.00 0.0000 0.0000 0.0000 0.0000 0.0000 0.0000 0.000000 3.074851 
0.519 0.00 0.00 0.0000 0.0000 0.0000 0.0000 0.0000 0.0000 0.000000 3.074833 
0.523 0.00 0.00 0.0000 0.0000 0.0000 0.0000 0.0000 0.0000 0.000000 3.074822 
0.527 0.00 0.00 0.0000 0.0000 0.0000 0.0000 0.0000 0.0000 0.000000 3.074824 
0.531 0.00 0.00 0.0000 0.0000 0.0000 0.0000 0.0000 0.0000 0.000000 3.074820 
0.535 0.00 0.00 0.0000 0.0000 0.0000 0.0000 0.0000 0.0000 0.000000 3.074804 
0.539 0.00 0.00 0.0000 0.0000 0.0000 0.0000 0.0000 0.0000 0.000000 3.074799 
0.543 0.00 0.00 0.0000 0.0000 0.0000 0.0000 0.0000 0.0000 0.000000 3.074784 
0.547 0.00 0.00 0.0000 0.0000 0.0000 0.0000 0.0000 0.0000 0.000000 3.074767 
0.551 0.00 0.00 0.0000 0.0000 0.0000 0.0000 0.0000 0.0000 0.000000 3.074761 
0.555 0.00 0.00 0.0000 0.0000 0.0000 0.0000 0.0000 0.0000 0.000000 3.074745 
0.559 0.00 0.00 0.0000 0.0000 0.0000 0.0000 0.0000 0.0000 0.000000 3.074727 
0.563 0.00 0.00 0.0000 0.0000 0.0000 0.0000 0.0000 0.0000 0.000000 3.074732 
0.567 0.00 0.00 0.0000 0.0000 0.0000 0.0000 0.0000 0.0000 0.000000 3.074731 
0.571 0.00 0.00 0.0000 0.0000 0.0000 0.0000 0.0000 0.0000 0.000000 3.074730 
0.575 0.00 0.00 0.0000 0.0000 0.0000 0.0000 0.0000 0.0000 0.000000 3.074728 
0.579 0.00 0.00 0.0000 0.0000 0.0000 0.0000 0.0000 0.0000 0.000000 3.074718 
0.583 0.00 0.00 0.0000 0.0000 0.0000 0.0000 0.0000 0.0000 0.000000 3.074721 
0.587 0.00 0.00 0.0000 0.0000 0.0000 0.0000 0.0000 0.0000 0.000000 3.074715 
0.591 0.00 0.00 0.0000 0.0000 0.0000 0.0000 0.0000 0.0000 0.000000 3.074723 
0.595 0.00 0.00 0.0000 0.0000 0.0000 0.0000 0.0000 0.0000 0.000000 3.074734 
0.599 0.00 0.00 0.0000 0.0000 0.0000 0.0000 0.0000 0.0000 0.000000 3.074751 
0.603 0.00 0.00 0.0000 0.0000 0.0000 0.0000 0.0000 0.0000 0.000000 3.074770 
0.607 0.00 0.00 0.0000 0.0000 0.0000 0.0000 0.0000 0.0000 0.000000 3.074781 
0.611 0.00 0.00 0.0000 0.0000 0.0000 0.0000 0.0000 0.0000 0.000000 3.074803 
0.615 0.00 0.00 0.0000 0.0000 0.0000 0.0000 0.0000 0.0000 0.000000 3.074803 
0.619 0.00 0.00 0.0000 0.0000 0.0000 0.0000 0.0000 0.0000 0.000000 3.074818 
0.623 0.00 0.00 0.0000 0.0000 0.0000 0.0000 0.0000 0.0000 0.000000 3.074840 
0.627 0.00 0.00 0.0000 0.0000 0.0000 0.0000 0.0000 0.0000 0.000000 3.074858 
0.631 0.00 0.00 0.0000 0.0000 0.0000 0.0000 0.0000 0.0000 0.000000 3.074874 
0.635 0.00 0.00 0.0000 0.0000 0.0000 0.0000 0.0000 0.0000 0.000000 3.074895 
0.639 0.00 0.00 0.0000 0.0000 0.0000 0.0000 0.0000 0.0000 0.000000 3.074905 
0.643 0.00 0.00 0.0000 0.0000 0.0000 0.0000 0.0000 0.0000 0.000000 3.074915 
0.647 0.00 0.00 0.0000 0.0000 0.0000 0.0000 0.0000 0.0000 0.000000 3.074926 
0.651 0.00 0.00 0.0000 0.0000 0.0000 0.0000 0.0000 0.0000 0.000000 3.074934 
0.655 0.00 0.00 0.0000 0.0000 0.0000 0.0000 0.0000 0.0000 0.000000 3.074938 
0.659 0.00 0.00 0.0000 0.0000 0.0000 0.0000 0.0000 0.0000 0.000000 3.074934 
0.663 0.00 0.00 0.0000 0.0000 0.0000 0.0000 0.0000 0.0000 0.000000 3.074955 
0.667 0.00 0.00 0.0000 0.0000 0.0000 0.0000 0.0000 0.0000 0.000000 3.074947 
0.671 0.00 0.00 0.0000 0.0000 0.0000 0.0000 0.0000 0.0000 0.000000 3.074942 
0.675 0.00 0.00 0.0000 0.0000 0.0000 0.0000 0.0000 0.0000 0.000000 3.074941 
0.679 0.00 0.00 0.0000 0.0000 0.0000 0.0000 0.0000 0.0000 0.000000 3.074919 
0.683 0.00 0.00 0.0000 0.0000 0.0000 0.0000 0.0000 0.0000 0.000000 3.074934 
0.687 0.00 0.00 0.0000 0.0000 0.0000 0.0000 0.0000 0.0000 0.000000 3.074943 
0.691 0.00 0.00 0.0000 0.0000 0.0000 0.0000 0.0000 0.0000 0.000000 3.074927 
0.695 0.00 0.00 0.0000 0.0000 0.0000 0.0000 0.0000 0.0000 0.000000 3.074938 
0.699 0.00 0.00 0.0000 0.0000 0.0000 0.0000 0.0000 0.0000 0.000000 3.074932 
0.703 4.65 4.65 0.0000 0.0000 0.0000 0.0000 0.0000 0.0000 0.000000 3.074921 
0.707 2.67 4.65 0.1651 0.0000 -1.0649 0.0000 0.0008 -0.0000 0.000000 3.074911 
0.711 1.12 1.04 0.2909 0.3042 0.0854 0.0152 0.0018 -0.0000 -0.002617 3.074898 
0.715 1.01 0.73 0.3036 0.3263 0.1466 0.0000 0.0032 -0.0000 0.000000 3.075045 
0.719 1.03 0.92 0.3012 0.3106 0.0610 0.0000 0.0045 -0.0000 0.000000 3.074946 
0.723 0.94 0.96 0.3091 0.3071 -0.0130 0.0000 0.0057 -0.0000 0.000000 3.074923 
0.727 1.11 1.03 0.2953 0.3018 0.0423 0.0000 0.0069 -0.0000 0.000000 3.074984 
0.731 1.11 0.99 0.2950 0.3049 0.0638 0.0000 0.0081 -0.0000 0.000000 3.074976 
0.735 1.03 1.10 0.3015 0.2960 -0.0357 0.0000 0.0093 -0.0000 0.000000 3.074992 
0.739 1.12 1.09 0.2944 0.2966 0.0147 0.0000 0.0105 -0.0000 0.000000 3.074960 
0.743 1.11 1.04 0.2952 0.3007 0.0355 0.0000 0.0118 -0.0000 0.000000 3.074920 
0.747 1.05 1.07 0.3033 0.2951 -0.0526 -0.0152 0.0128 -0.0000 0.002617 3.074934 
0.751 1.24 1.09 0.2840 0.2962 0.0787 0.0000 0.0138 -0.0000 0.000000 3.074945 
0.755 1.18 1.02 0.2895 0.3026 0.0843 0.0000 0.0150 -0.0000 0.000000 3.074933 
0.759 1.14 1.07 0.2928 0.2981 0.0336 0.0000 0.0162 0.0000 0.000000 3.074950 
0.763 1.11 1.13 0.2948 0.2930 -0.0115 0.0000 0.0174 0.0000 0.000000 3.074908 
0.767 1.03 1.15 0.3012 0.2920 -0.0593 0.0000 0.0187 0.0000 0.000000 3.074881 
0.771 1.13 1.11 0.2932 0.2951 0.0123 0.0000 0.0199 0.0000 0.000000 3.074868 
0.775 1.09 1.09 0.2964 0.2967 0.0021 0.0000 0.0211 0.0000 0.000000 3.074900 
0.779 1.05 1.15 0.2999 0.2916 -0.0540 0.0000 0.0223 0.0000 0.000000 3.074928 
0.783 1.14 1.08 0.2925 0.2972 0.0302 0.0000 0.0235 0.0000 0.000000 3.074920 
0.787 1.14 0.97 0.2955 0.3031 0.0487 -0.0152 0.0245 0.0000 0.002617 3.074911 
0.791 1.04 1.04 0.3040 0.2971 -0.0446 -0.0152 0.0258 0.0000 0.002617 3.074917 
0.795 1.16 1.09 0.2942 0.2930 -0.0078 -0.0152 0.0270 0.0000 0.002617 3.074948 
0.799 1.17 1.06 0.2937 0.2961 0.0151 -0.0152 0.0282 0.0000 0.002617 3.074998 
0.803 1.08 1.10 0.2978 0.2954 -0.0155 0.0000 0.0292 0.0000 0.000000 3.075041 
0.807 1.06 1.14 0.2991 0.2924 -0.0434 0.0000 0.0304 0.0000 0.000000 3.075045 
0.811 1.09 1.09 0.2962 0.2963 0.0009 0.0000 0.0316 0.0000 0.000000 3.075039 
0.815 1.18 1.07 0.2888 0.2985 0.0625 0.0000 0.0329 0.0000 0.000000 3.075047 
0.819 1.12 1.07 0.2941 0.2980 0.0252 0.0000 0.0341 0.0000 0.000000 3.075051 
0.823 1.03 1.11 0.3016 0.2948 -0.0438 0.0000 0.0353 0.0000 0.000000 3.075054 
0.827 1.11 1.09 0.2946 0.2969 0.0147 0.0000 0.0365 0.0000 0.000000 3.075036 
0.831 1.09 1.03 0.2963 0.3018 0.0351 0.0000 0.0377 0.0000 0.000000 3.074985 
0.835 1.07 1.08 0.3019 0.2943 -0.0490 -0.0152 0.0387 0.0000 0.002617 3.074935 
0.839 1.14 1.12 0.2955 0.2911 -0.0289 -0.0152 0.0400 0.0000 0.002617 3.074903 
0.843 1.14 1.06 0.2959 0.2958 -0.0008 -0.0152 0.0412 0.0000 0.002617 3.074899 
0.847 1.15 1.05 0.2952 0.2968 0.0106 -0.0152 0.0424 0.0000 0.002617 3.074893 
0.851 1.14 1.06 0.2959 0.2961 0.0013 -0.0152 0.0436 0.0000 0.002617 3.074875 
0.855 1.04 1.07 0.3004 0.2979 -0.0159 0.0000 0.0446 0.0000 0.000000 3.074829 
0.859 1.15 1.07 0.2916 0.2979 0.0405 0.0000 0.0458 0.0000 0.000000 3.074820 
0.863 1.10 1.08 0.2955 0.2975 0.0126 0.0000 0.0471 0.0000 0.000000 3.074827 
0.867 1.02 1.16 0.3021 0.2912 -0.0704 0.0000 0.0483 0.0000 0.000000 3.074834 
0.871 1.12 1.11 0.2938 0.2949 0.0076 0.0000 0.0495 0.0000 0.000000 3.074852 
0.875 1.11 1.05 0.2953 0.3002 0.0316 0.0000 0.0507 0.0000 0.000000 3.074851 
0.879 1.10 1.10 0.2958 0.2957 -0.0002 0.0000 0.0519 0.0000 0.000000 3.074854 
0.883 1.09 1.16 0.2963 0.2911 -0.0331 0.0000 0.0531 0.0000 0.000000 3.074867 
0.887 1.13 1.09 0.2937 0.2968 0.0202 0.0000 0.0544 0.0000 0.000000 3.074897 
0.891 1.18 1.03 0.2924 0.2986 0.0398 -0.0152 0.0554 0.0000 0.002617 3.074904 
0.895 1.14 1.03 0.2958 0.2985 0.0174 -0.0152 0.0566 0.0000 0.002617 3.074882 
0.899 1.06 1.08 0.3024 0.2939 -0.0548 -0.0152 0.0578 0.0000 0.002617 3.074874 
0.903 1.12 1.08 0.2940 0.2974 0.0223 0.0000 0.0588 0.0000 0.000000 3.074863 
0.907 1.09 1.09 0.2967 0.2963 -0.0025 0.0000 0.0600 0.0000 0.000000 3.074850 
0.911 1.05 1.16 0.2998 0.2905 -0.0595 0.0000 0.0613 0.0000 0.000000 3.074839 
0.915 1.15 1.08 0.2920 0.2978 0.0371 0.0000 0.0625 0.0000 0.000000 3.074821 
0.919 1.11 1.01 0.2947 0.3036 0.0575 0.0000 0.0637 0.0000 0.000000 3.074795 
0.923 1.08 1.09 0.2973 0.2970 -0.0019 0.0000 0.0649 0.0000 0.000000 3.074774 
0.927 1.07 1.13 0.2986 0.2935 -0.0334 0.0000 0.0661 0.0000 0.000000 3.074762 
0.931 1.05 1.08 0.2998 0.2971 -0.0176 0.0000 0.0673 0.0000 0.000000 3.074752 
0.935 1.16 1.12 0.2912 0.2940 0.0183 0.0000 0.0686 0.0000 0.000000 3.074749 
0.939 1.12 1.06 0.2977 0.2961 -0.0104 -0.0152 0.0696 0.0000 0.002617 3.074749 
0.943 1.07 1.11 0.3014 0.2918 -0.0617 -0.0152 0.0708 0.0000 0.002617 3.074754 
0.947 1.20 1.05 0.2912 0.2962 0.0324 -0.0152 0.0720 0.0000 0.002617 3.074766 
0.951 1.11 1.07 0.2953 0.2986 0.0217 0.0000 0.0730 0.0000 0.000000 3.074792 
0.955 1.03 1.12 0.3015 0.2945 -0.0450 0.0000 0.0742 0.0000 0.000000 3.074814 
0.959 1.12 1.11 0.2942 0.2949 0.0048 0.0000 0.0755 0.0000 0.000000 3.074853 
0.963 1.10 1.03 0.2958 0.3012 0.0349 0.0000 0.0767 0.0000 0.000000 3.074875 
0.967 1.08 1.12 0.2974 0.2939 -0.0228 0.0000 0.0779 0.0000 0.000000 3.074875 
0.971 1.10 1.15 0.2954 0.2916 -0.0245 0.0000 0.0791 0.0000 0.000000 3.074880 
0.975 1.06 1.09 0.2992 0.2966 -0.0169 0.0000 0.0803 0.0000 0.000000 3.074887 
0.979 1.16 1.06 0.2909 0.2992 0.0538 0.0000 0.0815 0.0000 0.000000 3.074878 
0.983 1.10 1.08 0.2959 0.2971 0.0074 0.0000 0.0828 0.0000 0.000000 3.074867 
0.987 1.00 1.15 0.3043 0.2913 -0.0839 0.0000 0.0840 0.0000 0.000000 3.074841 
0.991 1.15 1.11 0.2913 0.2952 0.0252 0.0000 0.0852 0.0000 0.000000 3.074823 
0.995 1.15 1.01 0.2950 0.2997 0.0299 -0.0152 0.0862 0.0000 0.002617 3.074795 
0.999 1.07 1.06 0.3019 0.2958 -0.0392 -0.0152 0.0874 0.0000 0.002617 3.074768 
1.003 1.13 1.10 0.2932 0.2959 0.0169 0.0000 0.0884 0.0000 0.000000 3.074750 
1.007 1.11 1.04 0.2949 0.3006 0.0367 0.0000 0.0897 0.0000 0.000000 3.074743 
1.011 1.10 1.10 0.2961 0.2959 -0.0017 0.0000 0.0909 0.0000 0.000000 3.074727 
1.015 1.10 1.14 0.2959 0.2925 -0.0217 0.0000 0.0921 0.0000 0.000000 3.074727 
1.019 1.07 1.08 0.2985 0.2970 -0.0097 0.0000 0.0933 0.0000 0.000000 3.074743 
1.023 1.14 1.07 0.2926 0.2985 0.0383 0.0000 0.0945 0.0000 0.000000 3.074741 
1.027 1.10 1.07 0.2955 0.2986 0.0201 0.0000 0.0957 0.0000 0.000000 3.074745 
1.031 1.02 1.13 0.3021 0.2937 -0.0547 0.0000 0.0970 0.0000 0.000000 3.074765 
1.035 1.11 1.11 0.2946 0.2946 -0.0002 0.0000 0.0982 0.0000 0.000000 3.074768 
1.039 1.14 0.97 0.2955 0.3028 0.0474 -0.0152 0.0992 0.0000 0.002617 3.074796 
1.043 1.09 1.08 0.3000 0.2940 -0.0382 -0.0152 0.1004 0.0000 0.002617 3.074804 
1.047 1.18 1.09 0.2923 0.2928 0.0034 -0.0152 0.1016 0.0000 0.002617 3.074829 
1.051 1.15 1.06 0.2948 0.2957 0.0055 -0.0152 0.1028 0.0001 0.002617 3.074833 
1.055 1.08 1.09 0.2973 0.2966 -0.0044 0.0000 0.1039 0.0001 0.000000 3.074815 
1.059 1.08 1.13 0.2976 0.2937 -0.0253 0.0000 0.1051 0.0001 0.000000 3.074813 
1.063 1.06 1.08 0.2993 0.2975 -0.0117 0.0000 0.1063 0.0001 0.000000 3.074805 
1.067 1.12 1.12 0.2943 0.2942 -0.0001 0.0000 0.1075 0.0001 0.000000 3.074822 
1.071 1.11 1.09 0.2953 0.2968 0.0097 0.0000 0.1087 0.0001 0.000000 3.074819 
1.075 1.00 1.14 0.3040 0.2925 -0.0746 0.0000 0.1099 0.0001 0.000000 3.074825 
1.079 1.13 1.09 0.2934 0.2965 0.0202 0.0000 0.1112 0.0001 0.000000 3.074833 
1.083 1.11 1.02 0.2952 0.3027 0.0483 0.0000 0.1124 0.0001 0.000000 3.074830 
1.087 1.09 1.08 0.2965 0.2975 0.0070 0.0000 0.1136 0.0001 0.000000 3.074846 
1.091 1.15 1.06 0.2949 0.2953 0.0025 -0.0152 0.1146 0.0001 0.002617 3.074845 
1.095 1.13 1.03 0.2964 0.2979 0.0098 -0.0152 0.1158 0.0001 0.002617 3.074834 
1.099 1.12 1.04 0.2978 0.2976 -0.0014 -0.0152 0.1170 0.0001 0.002617 3.074846 
1.103 1.10 1.14 0.2960 0.2921 -0.0250 0.0000 0.1181 0.0001 0.000000 3.074877 
1.107 1.06 1.08 0.2992 0.2970 -0.0142 0.0000 0.1193 0.0001 0.000000 3.074893 
1.111 1.17 1.06 0.2901 0.2994 0.0601 0.0000 0.1205 0.0001 0.000000 3.074897 
1.115 1.10 1.09 0.2955 0.2968 0.0086 0.0000 0.1217 0.0001 0.000000 3.074914 
1.119 1.01 1.14 0.3034 0.2922 -0.0723 0.0000 0.1229 0.0001 0.000000 3.074939 
1.123 1.11 1.09 0.2951 0.2963 0.0074 0.0000 0.1241 0.0001 0.000000 3.074956 
1.127 1.10 1.05 0.2956 0.3002 0.0297 0.0000 0.1254 0.0001 0.000000 3.074956 
1.131 1.10 1.09 0.2961 0.2962 0.0010 0.0000 0.1266 0.0001 0.000000 3.074938 
1.135 1.06 1.15 0.2988 0.2921 -0.0431 0.0000 0.1278 0.0001 0.000000 3.074939 
1.139 1.03 1.09 0.3018 0.2963 -0.0356 0.0000 0.1290 0.0001 0.000000 3.074935 
1.143 1.15 1.07 0.2915 0.2981 0.0425 0.0000 0.1302 0.0001 0.000000 3.074934 
1.147 1.14 1.03 0.2958 0.2983 0.0160 -0.0152 0.1312 0.0001 0.002617 3.074928 
1.151 1.10 1.07 0.2991 0.2946 -0.0285 -0.0152 0.1325 0.0001 0.002617 3.074892 
1.155 1.18 1.05 0.2926 0.2963 0.0236 -0.0152 0.1337 0.0001 0.002617 3.074878 
1.159 1.14 0.97 0.2962 0.3029 0.0431 -0.0152 0.1349 0.0001 0.002617 3.074856 
1.163 1.01 1.12 0.3032 0.2938 -0.0603 0.0000 0.1359 0.0001 0.000000 3.074836 
1.167 1.10 1.12 0.2956 0.2943 -0.0084 0.0000 0.1371 0.0001 0.000000 3.074812 
1.171 1.13 1.03 0.2935 0.3018 0.0536 0.0000 0.1383 0.0001 0.000000 3.074771 
1.175 1.13 1.12 0.2935 0.2942 0.0045 0.0000 0.1396 0.0001 0.000000 3.074739 
1.179 1.14 1.12 0.2929 0.2939 0.0063 0.0000 0.1408 0.0001 0.000000 3.074717 
1.183 1.05 1.04 0.2995 0.3009 0.0089 0.0000 0.1420 0.0001 0.000000 3.074695 
1.187 1.15 1.06 0.2915 0.2994 0.0509 0.0000 0.1432 0.0001 0.000000 3.074678 
1.191 1.08 1.07 0.2972 0.2985 0.0084 0.0000 0.1444 0.0001 0.000000 3.074684 
1.195 1.02 1.14 0.3026 0.2923 -0.0661 0.0000 0.1456 0.0001 0.000000 3.074692 
1.199 1.20 1.07 0.2910 0.2952 0.0270 -0.0152 0.1467 0.0001 0.002617 3.074701 
1.203 1.15 1.00 0.2947 0.3008 0.0393 -0.0152 0.1479 0.0001 0.002617 3.074724 
1.207 1.04 1.06 0.3043 0.2955 -0.0571 -0.0152 0.1491 0.0001 0.002617 3.074746 
1.211 1.13 1.10 0.2931 0.2961 0.0193 0.0000 0.1501 0.0001 0.000000 3.074775 
1.215 1.11 1.02 0.2948 0.3020 0.0464 0.0000 0.1513 0.0001 0.000000 3.074792 
1.219 1.09 1.09 0.2966 0.2969 0.0019 0.0000 0.1525 0.0001 0.000000 3.074815 
1.223 1.09 1.11 0.2967 0.2947 -0.0131 0.0000 0.1538 0.0001 0.000000 3.074832 
1.227 1.03 1.07 0.3015 0.2981 -0.0219 0.0000 0.1550 0.0001 0.000000 3.074839 
1.231 1.13 1.07 0.2934 0.2980 0.0294 0.0000 0.1562 0.0001 0.000000 3.074841 
1.235 1.10 1.13 0.2961 0.2931 -0.0192 0.0000 0.1574 0.0001 0.000000 3.074829 
1.239 1.05 1.17 0.3000 0.2898 -0.0660 0.0000 0.1586 0.0001 0.000000 3.074829 
1.243 1.14 1.09 0.2925 0.2966 0.0264 0.0000 0.1598 0.0001 0.000000 3.074803 
1.247 1.15 0.97 0.2952 0.3030 0.0504 -0.0152 0.1609 0.0001 0.002617 3.074782 
1.251 1.05 1.04 0.3035 0.2973 -0.0401 -0.0152 0.1621 0.0001 0.002617 3.074785 
1.255 1.16 1.09 0.2942 0.2932 -0.0063 -0.0152 0.1633 0.0001 0.002617 3.074785 
1.259 1.15 1.05 0.2949 0.2962 0.0085 -0.0152 0.1645 0.0001 0.002617 3.074780 
1.263 1.14 1.10 0.2928 0.2956 0.0180 0.0000 0.1655 0.0001 0.000000 3.074799 
1.267 1.08 1.15 0.2972 0.2916 -0.0359 0.0000 0.1667 0.0001 0.000000 3.074780 
1.271 1.04 1.09 0.3010 0.2967 -0.0275 0.0000 0.1680 0.0001 0.000000 3.074799 
1.275 1.15 1.07 0.2921 0.2984 0.0408 0.0000 0.1692 0.0001 0.000000 3.074817 
1.279 1.11 1.08 0.2949 0.2977 0.0184 0.0000 0.1704 0.0001 0.000000 3.074833 
1.283 1.03 1.12 0.3012 0.2945 -0.0433 0.0000 0.1716 0.0001 0.000000 3.074852 
1.287 1.11 1.09 0.2949 0.2969 0.0132 0.0000 0.1728 0.0001 0.000000 3.074868 
1.291 1.09 1.03 0.2963 0.3019 0.0362 0.0000 0.1740 0.0001 0.000000 3.074884 
1.295 1.10 1.07 0.2991 0.2946 -0.0289 -0.0152 0.1751 0.0001 0.002617 3.074901 
1.299 1.17 1.11 0.2937 0.2913 -0.0159 -0.0152 0.1763 0.0001 0.002617 3.074901 
1.303 1.13 1.06 0.2964 0.2960 -0.0022 -0.0152 0.1775 0.0001 0.002617 3.074891 
1.307 1.14 1.02 0.2961 0.2989 0.0181 -0.0152 0.1787 0.0001 0.002617 3.074878 
1.311 1.13 1.02 0.2968 0.2989 0.0139 -0.0152 0.1799 0.0001 0.002617 3.074859 
1.315 1.08 1.09 0.3009 0.2933 -0.0490 -0.0152 0.1811 0.0001 0.002617 3.074841 
1.319 1.15 1.06 0.2917 0.2991 0.0480 0.0000 0.1822 0.0001 0.000000 3.074805 
1.323 1.11 1.06 0.2952 0.2988 0.0234 0.0000 0.1834 0.0001 0.000000 3.074783 
1.327 1.03 1.15 0.3015 0.2920 -0.0613 0.0000 0.1846 0.0001 0.000000 3.074740 
1.331 1.11 1.13 0.2948 0.2933 -0.0096 0.0000 0.1858 0.0001 0.000000 3.074724 
1.335 1.10 1.05 0.2954 0.2996 0.0271 0.0000 0.1870 0.0001 0.000000 3.074720 
1.339 1.16 1.11 0.2912 0.2948 0.0232 0.0000 0.1882 0.0001 0.000000 3.074727 
1.343 1.11 1.13 0.2949 0.2933 -0.0106 0.0000 0.1895 0.0001 0.000000 3.074755 
1.347 1.15 1.01 0.2949 0.2996 0.0301 -0.0152 0.1905 0.0001 0.002617 3.074760 
1.351 1.12 1.00 0.2974 0.3004 0.0199 -0.0152 0.1917 0.0001 0.002617 3.074778 
1.355 1.11 1.02 0.2985 0.2987 0.0017 -0.0152 0.1929 0.0001 0.002617 3.074803 
1.359 1.07 1.08 0.3020 0.2939 -0.0519 -0.0152 0.1941 0.0001 0.002617 3.074827 
1.363 1.18 1.08 0.2929 0.2943 0.0096 -0.0152 0.1953 0.0001 0.002617 3.074867 
1.367 1.16 1.06 0.2939 0.2961 0.0140 -0.0152 0.1966 0.0001 0.002617 3.074900 
1.371 1.05 1.15 0.2997 0.2919 -0.0500 0.0000 0.1976 0.0001 0.000000 3.074897 
1.375 1.14 1.08 0.2927 0.2978 0.0329 0.0000 0.1988 0.0001 0.000000 3.074897 
1.379 1.10 1.01 0.2955 0.3035 0.0517 0.0000 0.2000 0.0001 0.000000 3.074909 
1.383 1.07 1.09 0.2981 0.2967 -0.0092 0.0000 0.2012 0.0001 0.000000 3.074918 
1.387 1.06 1.13 0.2991 0.2930 -0.0397 0.0000 0.2024 0.0001 0.000000 3.074935 
1.391 1.09 1.08 0.2963 0.2972 0.0055 0.0000 0.2037 0.0001 0.000000 3.074938 
1.395 1.18 1.05 0.2926 0.2967 0.0260 -0.0152 0.2047 0.0001 0.002617 3.074924 
1.399 1.11 1.04 0.2983 0.2972 -0.0073 -0.0152 0.2059 0.0001 0.002617 3.074920 
1.403 5.14 5.47 0.3468 0.3191 -0.1786 0.0000 0.2073 0.0001 0.000000 3.074928 
1.407 3.46 3.58 0.4869 0.4771 -0.0632 0.0000 0.2089 0.0001 0.000000 3.074915 
1.411 2.66 2.62 0.5564 0.5531 -0.0212 -0.0076 0.2112 0.0001 0.002617 3.074934 
1.415 2.20 2.23 0.5918 0.5895 -0.0146 0.0000 0.2134 0.0001 0.000000 3.074984 
1.419 2.07 2.06 0.6023 0.6030 0.0041 0.0000 0.2158 0.0001 0.000000 3.074993 
1.423 2.02 2.02 0.6064 0.6067 0.0018 0.0000 0.2183 0.0001 0.000000 3.074957 
1.427 2.02 2.01 0.6062 0.6076 0.0091 0.0000 0.2207 0.0001 0.000000 3.074992 
1.431 2.02 2.02 0.6063 0.6067 0.0024 0.0000 0.2231 0.0001 0.000000 3.074986 
1.435 2.04 2.03 0.6051 0.6058 0.0048 0.0000 0.2256 0.0002 0.000000 3.074961 
1.439 2.02 2.01 0.6062 0.6078 0.0103 0.0000 0.2280 0.0002 0.000000 3.074948 
1.443 2.03 2.00 0.6060 0.6082 0.0142 0.0000 0.2304 0.0002 0.000000 3.074933 
1.447 2.01 1.99 0.6075 0.6095 0.0134 0.0000 0.2329 0.0002 0.000000 3.074920 
1.451 2.02 2.03 0.6071 0.6060 -0.0069 0.0000 0.2353 0.0002 0.000000 3.074923 
1.455 2.04 2.02 0.6050 0.6067 0.0108 0.0000 0.2377 0.0002 0.000000 3.074920 
1.459 2.06 2.06 0.6036 0.6035 -0.0005 0.0000 0.2402 0.0002 0.000000 3.074897 
1.463 2.08 2.04 0.6020 0.6051 0.0203 0.0000 0.2426 0.0002 0.000000 3.074873 
1.467 2.06 2.00 0.6036 0.6080 0.0286 0.0000 0.2450 0.0002 0.000000 3.074851 
1.471 2.19 1.96 0.5960 0.6085 0.0808 -0.0076 0.2473 0.0002 0.002617 3.074856 
1.475 2.04 1.94 0.6079 0.6101 0.0141 -0.0076 0.2497 0.0002 0.002617 3.074840 
1.479 2.11 1.97 0.6024 0.6074 0.0321 -0.0076 0.2521 0.0002 0.002617 3.074830 
1.483 2.06 1.98 0.6067 0.6063 -0.0024 -0.0076 0.2546 0.0002 0.002617 3.074830 
1.487 2.11 1.99 0.6029 0.6054 0.0167 -0.0076 0.2570 0.0002 0.002617 3.074795 
1.491 2.00 1.99 0.6118 0.6057 -0.0396 -0.0076 0.2594 0.0002 0.002617 3.074774 
1.495 2.11 2.00 0.6022 0.6053 0.0200 -0.0076 0.2619 0.0002 0.002617 3.074750 
1.499 2.01 1.97 0.6107 0.6075 -0.0207 -0.0076 0.2643 0.0002 0.002617 3.074750 
1.503 2.11 1.99 0.6023 0.6061 0.0250 -0.0076 0.2667 0.0002 0.002617 3.074755 
1.507 2.02 1.97 0.6095 0.6075 -0.0129 -0.0076 0.2692 0.0002 0.002617 3.074753 
1.511 2.12 2.01 0.6018 0.6040 0.0142 -0.0076 0.2716 0.0002 0.002617 3.074765 
1.515 2.07 2.00 0.6062 0.6048 -0.0091 -0.0076 0.2740 0.0002 0.002617 3.074808 
1.519 2.11 1.98 0.6024 0.6068 0.0288 -0.0076 0.2765 0.0002 0.002617 3.074838 
1.523 2.00 1.97 0.6114 0.6076 -0.0244 -0.0076 0.2789 0.0002 0.002617 3.074870 
1.527 2.14 1.98 0.6000 0.6065 0.0418 -0.0076 0.2813 0.0002 0.002617 3.074890 
1.531 2.00 1.96 0.6116 0.6081 -0.0227 -0.0076 0.2838 0.0002 0.002617 3.074896 
1.535 2.09 1.98 0.6040 0.6065 0.0161 -0.0076 0.2862 0.0002 0.002617 3.074903 
1.539 2.04 1.98 0.6086 0.6065 -0.0136 -0.0076 0.2886 0.0002 0.002617 3.074925 
1.543 2.10 2.01 0.6031 0.6038 0.0043 -0.0076 0.2911 0.0002 0.002617 3.074944 
1.547 2.07 1.99 0.6061 0.6056 -0.0032 -0.0076 0.2935 0.0003 0.002617 3.074960 
1.551 2.10 1.98 0.6030 0.6068 0.0244 -0.0076 0.2959 0.0003 0.002617 3.074955 
1.555 1.97 2.02 0.6142 0.6037 -0.0681 -0.0076 0.2984 0.0003 0.002617 3.074952 
1.559 2.06 2.06 0.6030 0.6035 0.0033 0.0000 0.3006 0.0003 0.000000 3.074953 
1.563 1.98 2.09 0.6104 0.6006 -0.0636 0.0000 0.3030 0.0003 0.000000 3.074933 
1.567 2.06 2.00 0.6034 0.6086 0.0339 0.0000 0.3055 0.0003 0.000000 3.074927 
1.571 1.98 2.07 0.6097 0.6023 -0.0479 0.0000 0.3079 0.0003 0.000000 3.074931 
1.575 2.07 1.98 0.6021 0.6098 0.0495 0.0000 0.3103 0.0003 0.000000 3.074930 
1.579 2.04 2.07 0.6052 0.6027 -0.0161 0.0000 0.3128 0.0003 0.000000 3.074937 
1.583 2.10 1.98 0.5996 0.6099 0.0665 0.0000 0.3152 0.0003 0.000000 3.074948 
1.587 1.97 2.08 0.6109 0.6018 -0.0587 0.0000 0.3176 0.0003 0.000000 3.074958 
1.591 2.08 2.03 0.6020 0.6058 0.0248 0.0000 0.3201 0.0003 0.000000 3.074961 
1.595 1.98 2.08 0.6104 0.6013 -0.0590 0.0000 0.3225 0.0003 0.000000 3.074975 
1.599 2.07 2.00 0.6024 0.6081 0.0368 0.0000 0.3250 0.0003 0.000000 3.074980 
1.603 2.02 2.01 0.6070 0.6077 0.0045 0.0000 0.3274 0.0003 0.000000 3.074993 
1.607 2.04 1.93 0.6087 0.6109 0.0139 -0.0076 0.3296 0.0003 0.002617 3.075005 
1.611 2.12 2.01 0.6013 0.6041 0.0178 -0.0076 0.3321 0.0003 0.002617 3.075004 
1.615 2.10 1.94 0.6030 0.6100 0.0448 -0.0076 0.3345 0.0003 0.002617 3.074999 
1.619 2.07 2.03 0.6056 0.6027 -0.0187 -0.0076 0.3369 0.0003 0.002617 3.075006 
1.623 2.06 1.96 0.6070 0.6087 0.0111 -0.0076 0.3394 0.0003 0.002617 3.074982 
1.627 2.08 2.08 0.6046 0.5984 -0.0402 -0.0076 0.3418 0.0003 0.002617 3.074978 
1.631 2.08 2.00 0.6046 0.6048 0.0015 -0.0076 0.3442 0.0003 0.002617 3.074975 
1.635 2.06 2.03 0.6066 0.6021 -0.0295 -0.0076 0.3467 0.0004 0.002617 3.074964 
1.639 2.07 1.94 0.6055 0.6096 0.0263 -0.0076 0.3491 0.0004 0.002617 3.074954 
1.643 2.03 2.03 0.6095 0.6026 -0.0449 -0.0076 0.3515 0.0004 0.002617 3.074933 
1.647 2.06 1.95 0.6065 0.6095 0.0198 -0.0076 0.3540 0.0004 0.002617 3.074942 
1.651 2.08 2.04 0.6051 0.6020 -0.0200 -0.0076 0.3564 0.0004 0.002617 3.074940 
1.655 2.06 1.96 0.6062 0.6081 0.0122 -0.0076 0.3588 0.0004 0.002617 3.074927 
1.663 2.09 1.88 0.6044 0.6146 0.0659 -0.0076 0.3637 0.0004 0.002617 3.074906 
1.667 2.04 1.99 0.6086 0.6060 -0.0169 -0.0076 0.3661 0.0004 0.002617 3.074925 
1.671 2.08 1.91 0.6053 0.6123 0.0450 -0.0076 0.3686 0.0004 0.002617 3.074940 
1.675 2.11 2.00 0.6027 0.6054 0.0171 -0.0076 0.3710 0.0004 0.002617 3.074947 
1.679 2.11 1.96 0.6027 0.6083 0.0363 -0.0076 0.3734 0.0004 0.002617 3.074938 
1.683 2.06 2.02 0.6065 0.6031 -0.0218 -0.0076 0.3759 0.0004 0.002617 3.074951 
1.687 2.06 1.97 0.6065 0.6078 0.0086 -0.0076 0.3783 0.0004 0.002617 3.074922 
1.691 2.05 2.02 0.6075 0.6029 -0.0292 -0.0076 0.3807 0.0004 0.002617 3.074913 
1.695 2.06 1.96 0.6071 0.6084 0.0080 -0.0076 0.3832 0.0004 0.002617 3.074915 
1.699 2.01 2.03 0.6112 0.6021 -0.0585 -0.0076 0.3856 0.0004 0.002617 3.074919 
1.703 2.06 1.94 0.6070 0.6097 0.0174 -0.0076 0.3880 0.0004 0.002617 3.074925 
1.707 2.03 2.12 0.6094 0.5952 -0.0914 -0.0076 0.3905 0.0004 0.002617 3.074928 
1.711 2.07 1.98 0.6062 0.6066 0.0027 -0.0076 0.3929 0.0004 0.002617 3.074934 
1.715 2.07 2.07 0.6061 0.5994 -0.0434 -0.0076 0.3953 0.0004 0.002617 3.074944 
1.719 2.07 1.96 0.6062 0.6087 0.0160 -0.0076 0.3978 0.0005 0.002617 3.074952 
1.723 2.09 2.04 0.6045 0.6012 -0.0209 -0.0076 0.4002 0.0005 0.002617 3.074958 
1.727 2.14 2.02 0.5969 0.6064 0.0611 0.0000 0.4024 0.0005 0.000000 3.074968 
1.731 2.04 2.00 0.6052 0.6084 0.0207 0.0000 0.4049 0.0005 0.000000 3.074940 
1.735 2.06 1.98 0.6067 0.6064 -0.0019 -0.0076 0.4075 0.0005 0.002617 3.074957 
1.739 2.02 2.02 0.6068 0.6065 -0.0023 0.0000 0.4097 0.0005 0.000000 3.074970 
1.743 2.03 1.98 0.6092 0.6064 -0.0179 -0.0076 0.4120 0.0005 0.002617 3.074997 
1.747 2.10 1.96 0.6031 0.6087 0.0358 -0.0076 0.4144 0.0005 0.002617 3.075003 
1.751 2.04 1.99 0.6052 0.6090 0.0244 0.0000 0.4170 0.0005 0.000000 3.074999 
1.755 2.11 1.97 0.6023 0.6077 0.0352 -0.0076 0.4193 0.0005 0.002617 3.074998 
1.759 1.98 2.00 0.6138 0.6050 -0.0563 -0.0076 0.4217 0.0005 0.002617 3.075004 
1.763 2.13 1.96 0.6008 0.6081 0.0466 -0.0076 0.4241 0.0005 0.002617 3.075003 
1.767 2.03 2.00 0.6088 0.6048 -0.0261 -0.0076 0.4266 0.0005 0.002617 3.075007 
1.771 2.08 2.00 0.6052 0.6046 -0.0039 -0.0076 0.4290 0.0005 0.002617 3.075010 
1.775 2.02 2.02 0.6104 0.6031 -0.0470 -0.0076 0.4314 0.0005 0.002617 3.074995 
1.779 2.10 1.98 0.6034 0.6062 0.0184 -0.0076 0.4339 0.0005 0.002617 3.074975 
1.783 2.02 1.96 0.6104 0.6086 -0.0120 -0.0076 0.4363 0.0005 0.002617 3.074967 
1.787 2.12 1.99 0.6018 0.6061 0.0280 -0.0076 0.4387 0.0005 0.002617 3.074941 
1.791 1.98 2.02 0.6134 0.6036 -0.0634 -0.0076 0.4412 0.0006 0.002617 3.074935 
1.795 2.09 1.98 0.6041 0.6067 0.0163 -0.0076 0.4436 0.0006 0.002617 3.074903 
1.799 2.04 1.99 0.6079 0.6058 -0.0135 -0.0076 0.4460 0.0006 0.002617 3.074888 
1.803 2.10 2.00 0.6033 0.6049 0.0100 -0.0076 0.4485 0.0006 0.002617 3.074891 
1.807 2.05 1.99 0.6078 0.6058 -0.0129 -0.0076 0.4509 0.0006 0.002617 3.074887 
1.811 2.12 1.95 0.6020 0.6088 0.0437 -0.0076 0.4534 0.0006 0.002617 3.074873 
1.815 2.02 1.94 0.6096 0.6100 0.0026 -0.0076 0.4558 0.0006 0.002617 3.074872 
1.819 2.13 1.96 0.6007 0.6083 0.0488 -0.0076 0.4582 0.0006 0.002617 3.074866 
1.823 1.99 2.00 0.6122 0.6051 -0.0458 -0.0076 0.4607 0.0006 0.002617 3.074880 
1.827 2.09 1.98 0.6039 0.6068 0.0189 -0.0076 0.4631 0.0006 0.002617 3.074913 
1.831 2.06 1.98 0.6070 0.6063 -0.0045 -0.0076 0.4655 0.0006 0.002617 3.074921 
1.835 2.11 1.98 0.6023 0.6064 0.0267 -0.0076 0.4680 0.0006 0.002617 3.074949 
1.839 2.04 1.99 0.6082 0.6060 -0.0142 -0.0076 0.4704 0.0006 0.002617 3.074968 
1.843 2.05 1.96 0.6072 0.6084 0.0081 -0.0076 0.4728 0.0006 0.002617 3.074963 
1.847 1.99 1.98 0.6122 0.6062 -0.0388 -0.0076 0.4753 0.0006 0.002617 3.074965 
1.851 2.09 1.99 0.6042 0.6057 0.0092 -0.0076 0.4777 0.0006 0.002617 3.074966 
1.855 2.05 2.01 0.6078 0.6044 -0.0216 -0.0076 0.4801 0.0006 0.002617 3.074958 
1.859 2.10 1.97 0.6031 0.6072 0.0262 -0.0076 0.4826 0.0006 0.002617 3.074950 
1.863 2.05 2.01 0.6077 0.6040 -0.0241 -0.0076 0.4850 0.0006 0.002617 3.074946 
1.867 2.08 2.01 0.6050 0.6038 -0.0077 -0.0076 0.4874 0.0006 0.002617 3.074942 
1.871 1.99 2.12 0.6092 0.5986 -0.0681 0.0000 0.4897 0.0006 0.000000 3.074939 
1.875 2.06 1.98 0.6029 0.6104 0.0485 0.0000 0.4921 0.0006 0.000000 3.074943 
1.879 1.98 2.05 0.6102 0.6039 -0.0411 0.0000 0.4945 0.0006 0.000000 3.074927 
1.883 2.08 1.99 0.6020 0.6090 0.0454 0.0000 0.4970 0.0006 0.000000 3.074928 
1.887 1.94 2.07 0.6134 0.6027 -0.0695 0.0000 0.4994 0.0007 0.000000 3.074943 
1.891 2.03 1.96 0.6056 0.6115 0.0380 0.0000 0.5018 0.0007 0.000000 3.074951 
1.895 1.99 2.06 0.6089 0.6029 -0.0391 0.0000 0.5043 0.0007 0.000000 3.074972 
1.899 2.06 2.01 0.6036 0.6074 0.0244 0.0000 0.5067 0.0007 0.000000 3.075001 
1.903 2.00 2.11 0.6081 0.5992 -0.0570 0.0000 0.5091 0.0007 0.000000 3.075018 
1.907 2.02 1.97 0.6064 0.6106 0.0273 0.0000 0.5116 0.0007 0.000000 3.075014 
1.911 1.99 2.07 0.6090 0.6026 -0.0416 0.0000 0.5140 0.0007 0.000000 3.075014 
1.915 2.07 1.96 0.6056 0.6083 0.0178 -0.0076 0.5162 0.0007 0.002617 3.075016 
1.919 2.04 2.02 0.6079 0.6035 -0.0283 -0.0076 0.5187 0.0007 0.002617 3.075011 
1.923 2.07 1.95 0.6057 0.6093 0.0232 -0.0076 0.5211 0.0007 0.002617 3.075024 
1.927 2.07 2.03 0.6062 0.6025 -0.0237 -0.0076 0.5235 0.0007 0.002617 3.075012 
1.931 2.07 1.97 0.6058 0.6071 0.0083 -0.0076 0.5260 0.0007 0.002617 3.074988 
1.935 2.12 2.07 0.6019 0.5989 -0.0195 -0.0076 0.5284 0.0007 0.002617 3.074983 
1.939 2.09 1.95 0.6043 0.6089 0.0301 -0.0076 0.5308 0.0007 0.002617 3.074947 
1.943 2.08 2.03 0.6053 0.6025 -0.0186 -0.0076 0.5333 0.0007 0.002617 3.074914 
1.947 2.06 1.94 0.6070 0.6096 0.0167 -0.0076 0.5357 0.0007 0.002617 3.074889 
1.951 2.07 2.03 0.6057 0.6024 -0.0211 -0.0076 0.5381 0.0007 0.002617 3.074886 
1.955 2.06 1.97 0.6067 0.6071 0.0026 -0.0076 0.5406 0.0007 0.002617 3.074865 
1.959 2.06 2.03 0.6069 0.6021 -0.0315 -0.0076 0.5430 0.0007 0.002617 3.074849 
1.963 2.06 1.98 0.6063 0.6063 0.0001 -0.0076 0.5454 0.0007 0.002617 3.074861 
1.967 2.05 2.07 0.6075 0.5993 -0.0530 -0.0076 0.5479 0.0007 0.002617 3.074863 
1.971 2.07 1.95 0.6061 0.6088 0.0178 -0.0076 0.5503 0.0008 0.002617 3.074865 
1.975 2.08 2.03 0.6052 0.6026 -0.0167 -0.0076 0.5527 0.0008 0.002617 3.074867 
1.979 2.08 1.97 0.6052 0.6072 0.0130 -0.0076 0.5552 0.0008 0.002617 3.074862 
1.983 2.06 2.05 0.6068 0.6009 -0.0383 -0.0076 0.5576 0.0008 0.002617 3.074869 
1.987 2.08 1.96 0.6051 0.6087 0.0230 -0.0076 0.5600 0.0008 0.002617 3.074887 
1.991 2.08 1.97 0.6048 0.6073 0.0167 -0.0076 0.5625 0.0008 0.002617 3.074908 
1.995 2.11 1.96 0.6026 0.6079 0.0337 -0.0076 0.5649 0.0008 0.002617 3.074919 
1.999 2.10 2.07 0.6030 0.5992 -0.0244 -0.0076 0.5673 0.0008 0.002617 3.074918 
2.003 2.09 1.94 0.6045 0.6096 0.0325 -0.0076 0.5698 0.0008 0.002617 3.074934 
2.007 2.06 2.03 0.6064 0.6026 -0.0249 -0.0076 0.5722 0.0008 0.002617 3.074901 
2.011 2.05 1.98 0.6071 0.6069 -0.0013 -0.0076 0.5746 0.0008 0.002617 3.074900 
2.015 2.02 2.03 0.6100 0.6022 -0.0502 -0.0076 0.5771 0.0008 0.002617 3.074914 
2.019 2.07 1.95 0.6062 0.6095 0.0216 -0.0076 0.5795 0.0008 0.002617 3.074916 
2.023 2.06 2.00 0.6069 0.6047 -0.0139 -0.0076 0.5819 0.0008 0.002617 3.074902 
2.027 2.05 1.96 0.6076 0.6079 0.0021 -0.0076 0.5844 0.0008 0.002617 3.074882 
2.031 2.01 2.08 0.6107 0.5986 -0.0785 -0.0076 0.5868 0.0008 0.002617 3.074876 
2.035 2.05 1.94 0.6078 0.6096 0.0115 -0.0076 0.5893 0.0008 0.002617 3.074876 
2.039 2.02 2.04 0.6068 0.6054 -0.0094 0.0000 0.5915 0.0008 0.000000 3.074880 
2.043 2.02 2.00 0.6063 0.6083 0.0131 0.0000 0.5939 0.0008 0.000000 3.074875 
2.047 2.02 2.04 0.6068 0.6047 -0.0132 0.0000 0.5964 0.0009 0.000000 3.074886 
2.051 2.05 2.01 0.6045 0.6076 0.0201 0.0000 0.5988 0.0009 0.000000 3.074901 
2.055 2.03 2.02 0.6055 0.6070 0.0098 0.0000 0.6012 0.0009 0.000000 3.074909 
2.059 2.03 2.05 0.6061 0.6041 -0.0132 0.0000 0.6037 0.0009 0.000000 3.074925 
2.063 2.01 2.05 0.6077 0.6044 -0.0210 0.0000 0.6061 0.0009 0.000000 3.074955 
2.067 2.05 1.99 0.6075 0.6055 -0.0127 -0.0076 0.6083 0.0009 0.002617 3.074949 
2.071 2.07 2.03 0.6023 0.6060 0.0236 0.0000 0.6110 0.0009 0.000000 3.074953 
2.075 2.07 1.96 0.6058 0.6085 0.0172 -0.0076 0.6132 0.0009 0.002617 3.074942 
2.079 2.14 2.01 0.6002 0.6043 0.0264 -0.0076 0.6156 0.0009 0.002617 3.074925 
2.083 2.04 2.00 0.6084 0.6048 -0.0234 -0.0076 0.6181 0.0009 0.002617 3.074948 
2.087 2.08 1.98 0.6047 0.6070 0.0148 -0.0076 0.6205 0.0009 0.002617 3.074935 
2.091 2.02 2.00 0.6102 0.6050 -0.0335 -0.0076 0.6229 0.0009 0.002617 3.074925 
2.095 2.07 2.00 0.6062 0.6046 -0.0100 -0.0076 0.6254 0.0009 0.002617 3.074922 
2.099 2.03 2.01 0.6089 0.6041 -0.0310 -0.0076 0.6278 0.0009 0.002617 3.074885 
2.103 -6.86 -6.90 0.5749 0.5718 -0.0195 0.0000 0.6302 0.0009 0.002617 3.074875 
2.107 -3.81 -4.45 0.3206 0.3671 0.3005 0.0000 0.6318 0.0009 0.002617 3.074857 
2.111 -2.03 -2.54 0.1723 0.2081 0.2309 0.0000 0.6327 0.0009 0.002617 3.074765 
2.115 -1.00 -0.95 0.0872 0.0763 -0.0705 0.0000 0.6327 0.0009 0.002617 3.074807 
2.119 -0.52 -0.56 0.0469 0.0435 -0.0216 0.0000 0.6327 0.0009 0.002617 3.075060 
2.123 0.54 0.40 -0.0414 -0.0371 0.0280 0.0000 0.6323 0.0009 0.002617 3.075026 
2.127 0.93 0.76 -0.0739 -0.0664 0.0479 0.0000 0.6318 0.0009 0.002617 3.075148 
2.131 0.91 0.76 -0.0725 -0.0664 0.0393 0.0000 0.6318 0.0009 0.002617 3.075094 
2.135 0.55 0.56 -0.0423 -0.0501 -0.0504 0.0000 0.6318 0.0009 0.002617 3.075127 
2.139 0.40 0.36 -0.0299 -0.0335 -0.0238 0.0000 0.6318 0.0009 0.002617 3.075184 
2.143 0.32 0.26 -0.0231 -0.0252 -0.0138 0.0000 0.6318 0.0009 0.002617 3.075236 
2.147 0.31 -0.35 -0.0188 0.0227 0.2678 0.0000 0.6320 0.0009 0.005235 3.075304 
2.151 0.27 -0.35 -0.0159 0.0227 0.2489 0.0000 0.6320 0.0009 0.005235 3.075396 
