% Freja (4)
%  1    time 0.000 sec
%  2  3 Motor voltage [V] left, right: 0.00 0.00
%  4  5 Wheel velocity [m/s] left, right: 0.0000 -0.0000
% 6 7 Turnrate [r/s]: -0.0000, steer angle [rad]: 0.0000
%  8  9 10 11 Pose x,y,h,tilt [m,m,rad,rad]: 0 0 0 3.0757
0.000 0.00 0.00 0.0000 -0.0000 -0.0000 0.0000 0.0000 0.0000 0.000000 3.075702 
0.004 0.00 0.00 0.0000 -0.0000 -0.0000 0.0000 0.0000 0.0000 0.000000 3.075718 
0.008 0.00 0.00 0.0000 -0.0000 -0.0000 0.0000 0.0000 0.0000 0.000000 3.075710 
0.012 0.00 0.00 0.0000 -0.0000 -0.0000 0.0000 0.0000 0.0000 0.000000 3.075709 
0.016 0.00 0.00 0.0000 -0.0000 -0.0000 0.0000 0.0000 0.0000 0.000000 3.075715 
0.020 0.00 0.00 0.0000 -0.0000 -0.0000 0.0000 0.0000 0.0000 0.000000 3.075712 
0.024 0.00 0.00 0.0000 -0.0000 -0.0000 0.0000 0.0000 0.0000 0.000000 3.075710 
0.028 0.00 0.00 0.0000 -0.0000 -0.0000 0.0000 0.0000 0.0000 0.000000 3.075714 
0.032 0.00 0.00 0.0000 -0.0000 -0.0000 0.0000 0.0000 0.0000 0.000000 3.075716 
0.036 0.00 0.00 0.0000 -0.0000 -0.0000 0.0000 0.0000 0.0000 0.000000 3.075719 
0.040 0.00 0.00 0.0000 -0.0000 -0.0000 0.0000 0.0000 0.0000 0.000000 3.075733 
0.044 0.00 0.00 0.0000 -0.0000 -0.0000 0.0000 0.0000 0.0000 0.000000 3.075755 
0.048 0.00 0.00 0.0000 -0.0000 -0.0000 0.0000 0.0000 0.0000 0.000000 3.075781 
0.052 0.00 0.00 0.0000 -0.0000 -0.0000 0.0000 0.0000 0.0000 0.000000 3.075783 
0.056 0.00 0.00 0.0000 -0.0000 -0.0000 0.0000 0.0000 0.0000 0.000000 3.075790 
0.060 0.00 0.00 0.0000 -0.0000 -0.0000 0.0000 0.0000 0.0000 0.000000 3.075817 
0.064 0.00 0.00 0.0000 -0.0000 -0.0000 0.0000 0.0000 0.0000 0.000000 3.075831 
0.068 0.00 0.00 0.0000 -0.0000 -0.0000 0.0000 0.0000 0.0000 0.000000 3.075824 
0.072 0.00 0.00 0.0000 -0.0000 -0.0000 0.0000 0.0000 0.0000 0.000000 3.075801 
0.076 0.00 0.00 0.0000 -0.0000 -0.0000 0.0000 0.0000 0.0000 0.000000 3.075773 
0.080 0.00 0.00 0.0000 -0.0000 -0.0000 0.0000 0.0000 0.0000 0.000000 3.075738 
0.084 0.00 0.00 0.0000 -0.0000 -0.0000 0.0000 0.0000 0.0000 0.000000 3.075697 
0.088 0.00 0.00 0.0000 -0.0000 -0.0000 0.0000 0.0000 0.0000 0.000000 3.075647 
0.092 0.00 0.00 0.0000 -0.0000 -0.0000 0.0000 0.0000 0.0000 0.000000 3.075593 
0.096 0.00 0.00 0.0000 -0.0000 -0.0000 0.0000 0.0000 0.0000 0.000000 3.075546 
0.100 0.00 0.00 0.0000 -0.0000 -0.0000 0.0000 0.0000 0.0000 0.000000 3.075491 
0.104 0.00 0.00 0.0000 -0.0000 -0.0000 0.0000 0.0000 0.0000 0.000000 3.075451 
0.108 0.00 0.00 0.0000 -0.0000 -0.0000 0.0000 0.0000 0.0000 0.000000 3.075419 
0.112 0.00 0.00 0.0000 -0.0000 -0.0000 0.0000 0.0000 0.0000 0.000000 3.075397 
0.116 0.00 0.00 0.0000 -0.0000 -0.0000 0.0000 0.0000 0.0000 0.000000 3.075390 
0.120 0.00 0.00 0.0000 -0.0000 -0.0000 0.0000 0.0000 0.0000 0.000000 3.075392 
0.124 0.00 0.00 0.0000 -0.0000 -0.0000 0.0000 0.0000 0.0000 0.000000 3.075419 
0.128 0.00 0.00 0.0000 -0.0000 -0.0000 0.0000 0.0000 0.0000 0.000000 3.075470 
0.132 0.00 0.00 0.0000 -0.0000 -0.0000 0.0000 0.0000 0.0000 0.000000 3.075517 
0.136 0.00 0.00 0.0000 -0.0000 -0.0000 0.0000 0.0000 0.0000 0.000000 3.075564 
0.140 0.00 0.00 0.0000 -0.0000 -0.0000 0.0000 0.0000 0.0000 0.000000 3.075611 
0.144 0.00 0.00 0.0000 -0.0000 -0.0000 0.0000 0.0000 0.0000 0.000000 3.075663 
0.148 0.00 0.00 0.0000 -0.0000 -0.0000 0.0000 0.0000 0.0000 0.000000 3.075716 
0.152 0.00 0.00 0.0000 -0.0000 -0.0000 0.0000 0.0000 0.0000 0.000000 3.075758 
0.156 0.00 0.00 0.0000 -0.0000 -0.0000 0.0000 0.0000 0.0000 0.000000 3.075779 
0.160 0.00 0.00 0.0000 -0.0000 -0.0000 0.0000 0.0000 0.0000 0.000000 3.075804 
0.164 0.00 0.00 0.0000 -0.0000 -0.0000 0.0000 0.0000 0.0000 0.000000 3.075815 
0.168 0.00 0.00 0.0000 -0.0000 -0.0000 0.0000 0.0000 0.0000 0.000000 3.075803 
0.172 0.00 0.00 0.0000 -0.0000 -0.0000 0.0000 0.0000 0.0000 0.000000 3.075811 
0.176 0.00 0.00 0.0000 -0.0000 -0.0000 0.0000 0.0000 0.0000 0.000000 3.075797 
0.180 0.00 0.00 0.0000 -0.0000 -0.0000 0.0000 0.0000 0.0000 0.000000 3.075773 
0.184 0.00 0.00 0.0000 -0.0000 -0.0000 0.0000 0.0000 0.0000 0.000000 3.075750 
0.188 0.00 0.00 0.0000 -0.0000 -0.0000 0.0000 0.0000 0.0000 0.000000 3.075733 
0.192 0.00 0.00 0.0000 -0.0000 -0.0000 0.0000 0.0000 0.0000 0.000000 3.075712 
0.196 0.00 0.00 0.0000 -0.0000 -0.0000 0.0000 0.0000 0.0000 0.000000 3.075698 
0.200 0.00 0.00 0.0000 -0.0000 -0.0000 0.0000 0.0000 0.0000 0.000000 3.075685 
0.204 0.00 0.00 0.0000 -0.0000 -0.0000 0.0000 0.0000 0.0000 0.000000 3.075666 
0.208 0.00 0.00 0.0000 -0.0000 -0.0000 0.0000 0.0000 0.0000 0.000000 3.075657 
0.212 0.00 0.00 0.0000 -0.0000 -0.0000 0.0000 0.0000 0.0000 0.000000 3.075660 
0.216 0.00 0.00 0.0000 -0.0000 -0.0000 0.0000 0.0000 0.0000 0.000000 3.075665 
0.220 0.00 0.00 0.0000 -0.0000 -0.0000 0.0000 0.0000 0.0000 0.000000 3.075666 
0.224 0.00 0.00 0.0000 -0.0000 -0.0000 0.0000 0.0000 0.0000 0.000000 3.075679 
0.228 0.00 0.00 0.0000 -0.0000 -0.0000 0.0000 0.0000 0.0000 0.000000 3.075689 
0.232 0.00 0.00 0.0000 -0.0000 -0.0000 0.0000 0.0000 0.0000 0.000000 3.075703 
0.236 0.00 0.00 0.0000 -0.0000 -0.0000 0.0000 0.0000 0.0000 0.000000 3.075707 
0.240 0.00 0.00 0.0000 -0.0000 -0.0000 0.0000 0.0000 0.0000 0.000000 3.075716 
0.244 0.00 0.00 0.0000 -0.0000 -0.0000 0.0000 0.0000 0.0000 0.000000 3.075713 
0.248 0.00 0.00 0.0000 -0.0000 -0.0000 0.0000 0.0000 0.0000 0.000000 3.075676 
0.252 0.00 0.00 0.0000 -0.0000 -0.0000 0.0000 0.0000 0.0000 0.000000 3.075647 
0.256 0.00 0.00 0.0000 -0.0000 -0.0000 0.0000 0.0000 0.0000 0.000000 3.075608 
0.260 0.00 0.00 0.0000 -0.0000 -0.0000 0.0000 0.0000 0.0000 0.000000 3.075569 
0.264 0.00 0.00 0.0000 -0.0000 -0.0000 0.0000 0.0000 0.0000 0.000000 3.075531 
0.268 0.00 0.00 0.0000 -0.0000 -0.0000 0.0000 0.0000 0.0000 0.000000 3.075489 
0.272 0.00 0.00 0.0000 -0.0000 -0.0000 0.0000 0.0000 0.0000 0.000000 3.075459 
0.276 0.00 0.00 0.0000 -0.0000 -0.0000 0.0000 0.0000 0.0000 0.000000 3.075444 
0.280 0.00 0.00 0.0000 -0.0000 -0.0000 0.0000 0.0000 0.0000 0.000000 3.075436 
0.284 0.00 0.00 0.0000 -0.0000 -0.0000 0.0000 0.0000 0.0000 0.000000 3.075443 
0.288 0.00 0.00 0.0000 -0.0000 -0.0000 0.0000 0.0000 0.0000 0.000000 3.075479 
0.292 0.00 0.00 0.0000 -0.0000 -0.0000 0.0000 0.0000 0.0000 0.000000 3.075537 
0.296 0.00 0.00 0.0000 -0.0000 -0.0000 0.0000 0.0000 0.0000 0.000000 3.075620 
0.300 0.00 0.00 0.0000 -0.0000 -0.0000 0.0000 0.0000 0.0000 0.000000 3.075706 
0.304 0.00 0.00 0.0000 -0.0000 -0.0000 0.0000 0.0000 0.0000 0.000000 3.075769 
0.308 0.00 0.00 0.0000 -0.0000 -0.0000 0.0000 0.0000 0.0000 0.000000 3.075831 
0.312 0.00 0.00 0.0000 -0.0000 -0.0000 0.0000 0.0000 0.0000 0.000000 3.075878 
0.316 0.00 0.00 0.0000 -0.0000 -0.0000 0.0000 0.0000 0.0000 0.000000 3.075917 
0.320 0.00 0.00 0.0000 -0.0000 -0.0000 0.0000 0.0000 0.0000 0.000000 3.075952 
0.324 0.00 0.00 0.0000 -0.0000 -0.0000 0.0000 0.0000 0.0000 0.000000 3.075956 
0.328 0.00 0.00 0.0000 -0.0000 -0.0000 0.0000 0.0000 0.0000 0.000000 3.075938 
0.332 0.00 0.00 0.0000 -0.0000 -0.0000 0.0000 0.0000 0.0000 0.000000 3.075905 
0.336 0.00 0.00 0.0000 -0.0000 -0.0000 0.0000 0.0000 0.0000 0.000000 3.075878 
0.340 0.00 0.00 0.0000 -0.0000 -0.0000 0.0000 0.0000 0.0000 0.000000 3.075876 
0.344 0.00 0.00 0.0000 -0.0000 -0.0000 0.0000 0.0000 0.0000 0.000000 3.075884 
0.348 0.00 0.00 0.0000 -0.0000 -0.0000 0.0000 0.0000 0.0000 0.000000 3.075895 
0.352 0.00 0.00 0.0000 -0.0000 -0.0000 0.0000 0.0000 0.0000 0.000000 3.075896 
0.356 0.00 0.00 0.0000 -0.0000 -0.0000 0.0000 0.0000 0.0000 0.000000 3.075876 
0.360 0.00 0.00 0.0000 -0.0000 -0.0000 0.0000 0.0000 0.0000 0.000000 3.075853 
0.364 0.00 0.00 0.0000 -0.0000 -0.0000 0.0000 0.0000 0.0000 0.000000 3.075838 
0.368 0.00 0.00 0.0000 -0.0000 -0.0000 0.0000 0.0000 0.0000 0.000000 3.075849 
0.372 0.00 0.00 0.0000 -0.0000 -0.0000 0.0000 0.0000 0.0000 0.000000 3.075859 
0.376 0.00 0.00 0.0000 -0.0000 -0.0000 0.0000 0.0000 0.0000 0.000000 3.075859 
0.380 0.00 0.00 0.0000 -0.0000 -0.0000 0.0000 0.0000 0.0000 0.000000 3.075848 
0.384 0.00 0.00 0.0000 -0.0000 -0.0000 0.0000 0.0000 0.0000 0.000000 3.075838 
0.388 0.00 0.00 0.0000 -0.0000 -0.0000 0.0000 0.0000 0.0000 0.000000 3.075834 
0.392 0.00 0.00 0.0000 -0.0000 -0.0000 0.0000 0.0000 0.0000 0.000000 3.075822 
0.396 0.00 0.00 0.0000 -0.0000 -0.0000 0.0000 0.0000 0.0000 0.000000 3.075802 
0.400 0.00 0.00 0.0000 -0.0000 -0.0000 0.0000 0.0000 0.0000 0.000000 3.075770 
0.404 0.00 0.00 0.0000 -0.0000 -0.0000 0.0000 0.0000 0.0000 0.000000 3.075726 
0.408 0.00 0.00 0.0000 -0.0000 -0.0000 0.0000 0.0000 0.0000 0.000000 3.075670 
0.412 0.00 0.00 0.0000 -0.0000 -0.0000 0.0000 0.0000 0.0000 0.000000 3.075623 
0.416 0.00 0.00 0.0000 -0.0000 -0.0000 0.0000 0.0000 0.0000 0.000000 3.075590 
0.420 0.00 0.00 0.0000 -0.0000 -0.0000 0.0000 0.0000 0.0000 0.000000 3.075543 
0.424 0.00 0.00 0.0000 -0.0000 -0.0000 0.0000 0.0000 0.0000 0.000000 3.075487 
0.428 0.00 0.00 0.0000 -0.0000 -0.0000 0.0000 0.0000 0.0000 0.000000 3.075441 
0.432 0.00 0.00 0.0000 -0.0000 -0.0000 0.0000 0.0000 0.0000 0.000000 3.075423 
0.436 0.00 0.00 0.0000 -0.0000 -0.0000 0.0000 0.0000 0.0000 0.000000 3.075412 
0.440 0.00 0.00 0.0000 -0.0000 -0.0000 0.0000 0.0000 0.0000 0.000000 3.075423 
0.444 0.00 0.00 0.0000 -0.0000 -0.0000 0.0000 0.0000 0.0000 0.000000 3.075449 
0.448 0.00 0.00 0.0000 -0.0000 -0.0000 0.0000 0.0000 0.0000 0.000000 3.075480 
0.452 0.00 0.00 0.0000 -0.0000 -0.0000 0.0000 0.0000 0.0000 0.000000 3.075534 
0.456 0.00 0.00 0.0000 -0.0000 -0.0000 0.0000 0.0000 0.0000 0.000000 3.075577 
0.460 0.00 0.00 0.0000 -0.0000 -0.0000 0.0000 0.0000 0.0000 0.000000 3.075646 
0.464 0.00 0.00 0.0000 -0.0000 -0.0000 0.0000 0.0000 0.0000 0.000000 3.075694 
0.468 0.00 0.00 0.0000 -0.0000 -0.0000 0.0000 0.0000 0.0000 0.000000 3.075729 
0.472 0.00 0.00 0.0000 -0.0000 -0.0000 0.0000 0.0000 0.0000 0.000000 3.075747 
0.476 0.00 0.00 0.0000 -0.0000 -0.0000 0.0000 0.0000 0.0000 0.000000 3.075746 
0.480 0.00 0.00 0.0000 -0.0000 -0.0000 0.0000 0.0000 0.0000 0.000000 3.075738 
0.484 0.00 0.00 0.0000 -0.0000 -0.0000 0.0000 0.0000 0.0000 0.000000 3.075710 
0.488 0.00 0.00 0.0000 -0.0000 -0.0000 0.0000 0.0000 0.0000 0.000000 3.075676 
0.492 0.00 0.00 0.0000 -0.0000 -0.0000 0.0000 0.0000 0.0000 0.000000 3.075637 
0.496 0.00 0.00 0.0000 -0.0000 -0.0000 0.0000 0.0000 0.0000 0.000000 3.075587 
0.500 0.00 0.00 0.0000 -0.0000 -0.0000 0.0000 0.0000 0.0000 0.000000 3.075540 
0.504 0.00 0.00 0.0000 -0.0000 -0.0000 0.0000 0.0000 0.0000 0.000000 3.075497 
0.508 0.00 0.00 0.0000 -0.0000 -0.0000 0.0000 0.0000 0.0000 0.000000 3.075473 
0.512 0.00 0.00 0.0000 -0.0000 -0.0000 0.0000 0.0000 0.0000 0.000000 3.075445 
0.516 0.00 0.00 0.0000 -0.0000 -0.0000 0.0000 0.0000 0.0000 0.000000 3.075445 
0.520 0.00 0.00 0.0000 -0.0000 -0.0000 0.0000 0.0000 0.0000 0.000000 3.075472 
0.524 0.00 0.00 0.0000 -0.0000 -0.0000 0.0000 0.0000 0.0000 0.000000 3.075514 
0.528 0.00 0.00 0.0000 -0.0000 -0.0000 0.0000 0.0000 0.0000 0.000000 3.075571 
0.532 0.00 0.00 0.0000 -0.0000 -0.0000 0.0000 0.0000 0.0000 0.000000 3.075644 
0.536 0.00 0.00 0.0000 -0.0000 -0.0000 0.0000 0.0000 0.0000 0.000000 3.075711 
0.540 0.00 0.00 0.0000 -0.0000 -0.0000 0.0000 0.0000 0.0000 0.000000 3.075773 
0.544 0.00 0.00 0.0000 -0.0000 -0.0000 0.0000 0.0000 0.0000 0.000000 3.075836 
0.548 0.00 0.00 0.0000 -0.0000 -0.0000 0.0000 0.0000 0.0000 0.000000 3.075873 
0.552 0.00 0.00 0.0000 -0.0000 -0.0000 0.0000 0.0000 0.0000 0.000000 3.075910 
0.556 0.00 0.00 0.0000 -0.0000 -0.0000 0.0000 0.0000 0.0000 0.000000 3.075917 
0.560 0.00 0.00 0.0000 -0.0000 -0.0000 0.0000 0.0000 0.0000 0.000000 3.075894 
0.564 0.00 0.00 0.0000 -0.0000 -0.0000 0.0000 0.0000 0.0000 0.000000 3.075850 
0.568 0.00 0.00 0.0000 -0.0000 -0.0000 0.0000 0.0000 0.0000 0.000000 3.075792 
0.572 0.00 0.00 0.0000 -0.0000 -0.0000 0.0000 0.0000 0.0000 0.000000 3.075719 
0.576 0.00 0.00 0.0000 -0.0000 -0.0000 0.0000 0.0000 0.0000 0.000000 3.075653 
0.580 0.00 0.00 0.0000 -0.0000 -0.0000 0.0000 0.0000 0.0000 0.000000 3.075596 
0.584 0.00 0.00 0.0000 -0.0000 -0.0000 0.0000 0.0000 0.0000 0.000000 3.075555 
0.588 0.00 0.00 0.0000 -0.0000 -0.0000 0.0000 0.0000 0.0000 0.000000 3.075519 
0.592 0.00 0.00 0.0000 -0.0000 -0.0000 0.0000 0.0000 0.0000 0.000000 3.075510 
0.596 0.00 0.00 0.0000 -0.0000 -0.0000 0.0000 0.0000 0.0000 0.000000 3.075501 
0.600 0.00 0.00 0.0000 -0.0000 -0.0000 0.0000 0.0000 0.0000 0.000000 3.075515 
0.604 0.00 0.00 0.0000 -0.0000 -0.0000 0.0000 0.0000 0.0000 0.000000 3.075532 
0.608 0.00 0.00 0.0000 -0.0000 -0.0000 0.0000 0.0000 0.0000 0.000000 3.075580 
0.612 0.00 0.00 0.0000 -0.0000 -0.0000 0.0000 0.0000 0.0000 0.000000 3.075626 
0.616 0.00 0.00 0.0000 -0.0000 -0.0000 0.0000 0.0000 0.0000 0.000000 3.075669 
0.620 0.00 0.00 0.0000 -0.0000 -0.0000 0.0000 0.0000 0.0000 0.000000 3.075707 
0.624 0.00 0.00 0.0000 -0.0000 -0.0000 0.0000 0.0000 0.0000 0.000000 3.075758 
0.628 0.00 0.00 0.0000 -0.0000 -0.0000 0.0000 0.0000 0.0000 0.000000 3.075796 
0.632 0.00 0.00 0.0000 -0.0000 -0.0000 0.0000 0.0000 0.0000 0.000000 3.075818 
0.636 0.00 0.00 0.0000 -0.0000 -0.0000 0.0000 0.0000 0.0000 0.000000 3.075821 
0.640 0.00 0.00 0.0000 -0.0000 -0.0000 0.0000 0.0000 0.0000 0.000000 3.075829 
0.644 0.00 0.00 0.0000 -0.0000 -0.0000 0.0000 0.0000 0.0000 0.000000 3.075830 
0.648 0.00 0.00 0.0000 -0.0000 -0.0000 0.0000 0.0000 0.0000 0.000000 3.075813 
0.652 0.00 0.00 0.0000 -0.0000 -0.0000 0.0000 0.0000 0.0000 0.000000 3.075774 
0.656 0.00 0.00 0.0000 -0.0000 -0.0000 0.0000 0.0000 0.0000 0.000000 3.075749 
0.660 0.00 0.00 0.0000 -0.0000 -0.0000 0.0000 0.0000 0.0000 0.000000 3.075714 
0.664 0.00 0.00 0.0000 -0.0000 -0.0000 0.0000 0.0000 0.0000 0.000000 3.075679 
0.668 0.00 0.00 0.0000 -0.0000 -0.0000 0.0000 0.0000 0.0000 0.000000 3.075646 
0.672 0.00 0.00 0.0000 -0.0000 -0.0000 0.0000 0.0000 0.0000 0.000000 3.075636 
0.676 0.00 0.00 0.0000 -0.0000 -0.0000 0.0000 0.0000 0.0000 0.000000 3.075607 
0.680 0.00 0.00 0.0000 -0.0000 -0.0000 0.0000 0.0000 0.0000 0.000000 3.075584 
0.684 0.00 0.00 0.0000 -0.0000 -0.0000 0.0000 0.0000 0.0000 0.000000 3.075575 
0.688 0.00 0.00 0.0000 -0.0000 -0.0000 0.0000 0.0000 0.0000 0.000000 3.075572 
0.692 0.00 0.00 0.0000 -0.0000 -0.0000 0.0000 0.0000 0.0000 0.000000 3.075583 
0.696 0.00 0.00 0.0000 -0.0000 -0.0000 0.0000 0.0000 0.0000 0.000000 3.075608 
0.700 0.00 0.00 0.0000 -0.0000 -0.0000 0.0000 0.0000 0.0000 0.000000 3.075631 
0.704 0.00 0.00 0.0000 -0.0000 -0.0000 0.0000 0.0000 0.0000 0.000000 3.075661 
0.708 0.00 0.00 0.0000 -0.0000 -0.0000 0.0000 0.0000 0.0000 0.000000 3.075678 
0.712 0.00 0.00 0.0000 -0.0000 -0.0000 0.0000 0.0000 0.0000 0.000000 3.075704 
0.716 0.00 0.00 0.0000 -0.0000 -0.0000 0.0000 0.0000 0.0000 0.000000 3.075716 
0.720 0.00 0.00 0.0000 -0.0000 -0.0000 0.0000 0.0000 0.0000 0.000000 3.075724 
0.724 0.00 0.00 0.0000 -0.0000 -0.0000 0.0000 0.0000 0.0000 0.000000 3.075705 
0.728 0.00 0.00 0.0000 -0.0000 -0.0000 0.0000 0.0000 0.0000 0.000000 3.075691 
0.732 0.00 0.00 0.0000 -0.0000 -0.0000 0.0000 0.0000 0.0000 0.000000 3.075651 
0.736 0.00 0.00 0.0000 -0.0000 -0.0000 0.0000 0.0000 0.0000 0.000000 3.075608 
0.740 0.00 0.00 0.0000 -0.0000 -0.0000 0.0000 0.0000 0.0000 0.000000 3.075556 
0.744 0.00 0.00 0.0000 -0.0000 -0.0000 0.0000 0.0000 0.0000 0.000000 3.075491 
0.748 0.00 0.00 0.0000 -0.0000 -0.0000 0.0000 0.0000 0.0000 0.000000 3.075426 
0.752 0.00 0.00 0.0000 -0.0000 -0.0000 0.0000 0.0000 0.0000 0.000000 3.075363 
0.756 0.00 0.00 0.0000 -0.0000 -0.0000 0.0000 0.0000 0.0000 0.000000 3.075313 
0.760 0.00 0.00 0.0000 -0.0000 -0.0000 0.0000 0.0000 0.0000 0.000000 3.075260 
0.764 0.00 0.00 0.0000 -0.0000 -0.0000 0.0000 0.0000 0.0000 0.000000 3.075237 
0.768 0.00 0.00 0.0000 -0.0000 -0.0000 0.0000 0.0000 0.0000 0.000000 3.075217 
0.772 0.00 0.00 0.0000 -0.0000 -0.0000 0.0000 0.0000 0.0000 0.000000 3.075208 
0.776 0.00 0.00 0.0000 -0.0000 -0.0000 0.0000 0.0000 0.0000 0.000000 3.075213 
0.780 0.00 0.00 0.0000 -0.0000 -0.0000 0.0000 0.0000 0.0000 0.000000 3.075234 
0.784 0.00 0.00 0.0000 -0.0000 -0.0000 0.0000 0.0000 0.0000 0.000000 3.075267 
0.788 0.00 0.00 0.0000 -0.0000 -0.0000 0.0000 0.0000 0.0000 0.000000 3.075298 
0.792 0.00 0.00 0.0000 -0.0000 -0.0000 0.0000 0.0000 0.0000 0.000000 3.075344 
0.796 0.00 0.00 0.0000 -0.0000 -0.0000 0.0000 0.0000 0.0000 0.000000 3.075382 
0.800 0.00 0.00 0.0000 -0.0000 -0.0000 0.0000 0.0000 0.0000 0.000000 3.075431 
0.804 0.00 0.00 0.0000 -0.0000 -0.0000 0.0000 0.0000 0.0000 0.000000 3.075485 
0.808 0.00 0.00 0.0000 -0.0000 -0.0000 0.0000 0.0000 0.0000 0.000000 3.075531 
0.812 0.00 0.00 0.0000 -0.0000 -0.0000 0.0000 0.0000 0.0000 0.000000 3.075559 
0.816 0.00 0.00 0.0000 -0.0000 -0.0000 0.0000 0.0000 0.0000 0.000000 3.075559 
0.820 0.00 0.00 0.0000 -0.0000 -0.0000 0.0000 0.0000 0.0000 0.000000 3.075560 
0.824 0.00 0.00 0.0000 -0.0000 -0.0000 0.0000 0.0000 0.0000 0.000000 3.075549 
0.828 0.00 0.00 0.0000 -0.0000 -0.0000 0.0000 0.0000 0.0000 0.000000 3.075535 
0.832 0.00 0.00 0.0000 -0.0000 -0.0000 0.0000 0.0000 0.0000 0.000000 3.075514 
0.836 0.00 0.00 0.0000 -0.0000 -0.0000 0.0000 0.0000 0.0000 0.000000 3.075494 
0.840 0.00 0.00 0.0000 -0.0000 -0.0000 0.0000 0.0000 0.0000 0.000000 3.075470 
0.844 0.00 0.00 0.0000 -0.0000 -0.0000 0.0000 0.0000 0.0000 0.000000 3.075450 
0.848 0.00 0.00 0.0000 -0.0000 -0.0000 0.0000 0.0000 0.0000 0.000000 3.075427 
0.852 0.00 0.00 0.0000 -0.0000 -0.0000 0.0000 0.0000 0.0000 0.000000 3.075408 
0.856 0.00 0.00 0.0000 -0.0000 -0.0000 0.0000 0.0000 0.0000 0.000000 3.075393 
0.860 0.00 0.00 0.0000 -0.0000 -0.0000 0.0000 0.0000 0.0000 0.000000 3.075385 
0.864 0.00 0.00 0.0000 -0.0000 -0.0000 0.0000 0.0000 0.0000 0.000000 3.075375 
0.868 0.00 0.00 0.0000 -0.0000 -0.0000 0.0000 0.0000 0.0000 0.000000 3.075397 
0.872 0.00 0.00 0.0000 -0.0000 -0.0000 0.0000 0.0000 0.0000 0.000000 3.075417 
0.876 0.00 0.00 0.0000 -0.0000 -0.0000 0.0000 0.0000 0.0000 0.000000 3.075456 
0.880 0.00 0.00 0.0000 -0.0000 -0.0000 0.0000 0.0000 0.0000 0.000000 3.075498 
0.884 0.00 0.00 0.0000 -0.0000 -0.0000 0.0000 0.0000 0.0000 0.000000 3.075524 
0.888 0.00 0.00 0.0000 -0.0000 -0.0000 0.0000 0.0000 0.0000 0.000000 3.075549 
0.892 0.00 0.00 0.0000 -0.0000 -0.0000 0.0000 0.0000 0.0000 0.000000 3.075591 
0.896 0.00 0.00 0.0000 -0.0000 -0.0000 0.0000 0.0000 0.0000 0.000000 3.075621 
0.900 0.00 0.00 0.0000 -0.0000 -0.0000 0.0000 0.0000 0.0000 0.000000 3.075654 
0.904 0.00 0.00 0.0000 -0.0000 -0.0000 0.0000 0.0000 0.0000 0.000000 3.075667 
0.908 0.00 0.00 0.0000 -0.0000 -0.0000 0.0000 0.0000 0.0000 0.000000 3.075670 
0.912 0.00 0.00 0.0000 -0.0000 -0.0000 0.0000 0.0000 0.0000 0.000000 3.075670 
0.916 0.00 0.00 0.0000 -0.0000 -0.0000 0.0000 0.0000 0.0000 0.000000 3.075672 
0.920 0.00 0.00 0.0000 -0.0000 -0.0000 0.0000 0.0000 0.0000 0.000000 3.075671 
0.924 0.00 0.00 0.0000 -0.0000 -0.0000 0.0000 0.0000 0.0000 0.000000 3.075663 
0.928 0.00 0.00 0.0000 -0.0000 -0.0000 0.0000 0.0000 0.0000 0.000000 3.075645 
0.932 0.00 0.00 0.0000 -0.0000 -0.0000 0.0000 0.0000 0.0000 0.000000 3.075635 
0.936 0.00 0.00 0.0000 -0.0000 -0.0000 0.0000 0.0000 0.0000 0.000000 3.075603 
0.940 0.00 0.00 0.0000 -0.0000 -0.0000 0.0000 0.0000 0.0000 0.000000 3.075596 
0.944 0.00 0.00 0.0000 -0.0000 -0.0000 0.0000 0.0000 0.0000 0.000000 3.075584 
0.948 0.00 0.00 0.0000 -0.0000 -0.0000 0.0000 0.0000 0.0000 0.000000 3.075580 
0.952 0.00 0.00 0.0000 -0.0000 -0.0000 0.0000 0.0000 0.0000 0.000000 3.075579 
0.956 0.00 0.00 0.0000 -0.0000 -0.0000 0.0000 0.0000 0.0000 0.000000 3.075579 
0.960 0.00 0.00 0.0000 -0.0000 -0.0000 0.0000 0.0000 0.0000 0.000000 3.075590 
0.964 0.00 0.00 0.0000 -0.0000 -0.0000 0.0000 0.0000 0.0000 0.000000 3.075619 
0.968 0.00 0.00 0.0000 -0.0000 -0.0000 0.0000 0.0000 0.0000 0.000000 3.075634 
0.972 0.00 0.00 0.0000 -0.0000 -0.0000 0.0000 0.0000 0.0000 0.000000 3.075649 
0.976 0.00 0.00 0.0000 -0.0000 -0.0000 0.0000 0.0000 0.0000 0.000000 3.075666 
0.980 0.00 0.00 0.0000 -0.0000 -0.0000 0.0000 0.0000 0.0000 0.000000 3.075661 
0.984 0.00 0.00 0.0000 -0.0000 -0.0000 0.0000 0.0000 0.0000 0.000000 3.075663 
0.988 0.00 0.00 0.0000 -0.0000 -0.0000 0.0000 0.0000 0.0000 0.000000 3.075652 
0.992 0.00 0.00 0.0000 -0.0000 -0.0000 0.0000 0.0000 0.0000 0.000000 3.075652 
0.996 0.00 0.00 0.0000 -0.0000 -0.0000 0.0000 0.0000 0.0000 0.000000 3.075636 
1.000 0.00 0.00 0.0000 -0.0000 -0.0000 0.0000 0.0000 0.0000 0.000000 3.075619 
1.004 -7.99 0.00 -0.0000 -0.0000 0.0000 -1.0497 -0.0002 -0.0000 0.002617 3.075579 
1.008 -4.27 0.00 -0.2899 -0.0000 1.8701 -1.0497 -0.0006 -0.0000 0.007852 3.075559 
1.012 -1.42 0.00 -0.4869 -0.0000 3.1414 -1.0497 -0.0014 -0.0000 0.018321 3.075402 
1.016 -0.60 0.00 -0.5048 -0.0000 3.2565 -1.0497 -0.0024 -0.0000 0.031408 3.075480 
1.020 -0.44 0.00 -0.4673 -0.0000 3.0147 -1.0497 -0.0034 -0.0001 0.044494 3.075468 
1.024 2.27 2.78 -0.4207 -0.0000 2.7140 -1.5708 -0.0043 -0.0001 0.054963 3.075449 
1.028 1.15 2.54 -0.3075 0.0000 1.9836 -1.5708 -0.0047 -0.0001 0.065432 3.075398 
1.032 0.29 2.29 -0.2157 0.0000 1.3913 -1.5708 -0.0051 -0.0002 0.075902 3.075490 
1.036 0.09 -0.24 -0.1835 0.1962 2.4501 -1.5708 -0.0049 -0.0002 0.083753 3.075443 
1.040 -0.37 -0.29 -0.1246 0.1803 1.9665 -1.5708 -0.0049 -0.0002 0.094223 3.075552 
1.044 -0.36 -0.06 -0.1152 0.1501 1.7114 -1.5708 -0.0049 -0.0002 0.099457 3.075566 
1.048 -0.19 -0.12 -0.1146 0.1403 1.6443 -1.5708 -0.0047 -0.0001 0.107309 3.075634 
1.052 -0.10 -0.01 -0.1120 0.1212 1.5047 -1.5708 -0.0047 -0.0001 0.112544 3.075641 
1.056 -0.20 0.16 -0.0928 0.0969 1.2237 -1.5708 -0.0047 -0.0001 0.117778 3.075742 
1.060 -0.32 0.36 -0.0778 0.0745 0.9827 -1.5708 -0.0045 -0.0001 0.120396 3.075785 
1.064 -0.42 0.30 -0.0644 0.0745 0.8958 -1.5708 -0.0047 -0.0001 0.123013 3.075750 
1.068 -0.42 0.41 -0.0594 0.0605 0.7740 -1.5708 -0.0045 -0.0001 0.125630 3.075748 
1.072 -0.47 0.35 -0.0501 0.0605 0.7135 -1.5708 -0.0047 -0.0001 0.128247 3.075712 
1.076 -0.41 0.29 -0.0501 0.0603 0.7119 -1.5708 -0.0045 -0.0001 0.130865 3.075692 
1.080 -0.29 0.23 -0.0555 0.0603 0.7471 -1.5708 -0.0047 -0.0001 0.133482 3.075651 
1.084 -0.13 0.09 -0.0584 0.0617 0.7750 -1.5708 -0.0047 -0.0001 0.138717 3.075576 
1.088 -0.07 0.12 -0.0584 0.0547 0.7298 -1.5708 -0.0045 -0.0001 0.141334 3.075497 
1.092 -0.08 0.05 -0.0528 0.0547 0.6934 -1.5708 -0.0047 -0.0001 0.143951 3.075413 
1.096 -0.08 0.12 -0.0528 0.0494 0.6592 -1.5708 -0.0047 -0.0001 0.143951 3.075356 
1.100 -0.16 0.31 -0.0461 0.0332 0.5120 -1.5708 -0.0047 -0.0001 0.143951 3.075298 
1.104 -0.07 0.25 -0.0436 0.0281 0.4626 -1.5708 -0.0047 -0.0001 0.149186 3.075259 
1.108 -0.07 0.25 -0.0436 0.0281 0.4626 -1.5708 -0.0047 -0.0001 0.149186 3.075208 
1.112 -0.14 0.25 -0.0370 0.0281 0.4201 -1.5708 -0.0047 -0.0001 0.149186 3.075166 
1.116 -0.11 0.19 -0.0348 0.0281 0.4058 -1.5708 -0.0049 -0.0002 0.151803 3.075155 
1.120 -0.11 0.25 -0.0348 0.0229 0.3722 -1.5708 -0.0049 -0.0002 0.151803 3.075173 
1.124 -0.11 0.30 -0.0348 0.0187 0.3450 -1.5708 -0.0049 -0.0002 0.151803 3.075187 
1.128 -0.21 0.34 -0.0265 0.0158 0.2726 -1.5708 -0.0049 -0.0002 0.151803 3.075209 
1.132 -0.28 0.36 -0.0210 0.0137 0.2235 -1.5708 -0.0049 -0.0002 0.151803 3.075237 
1.136 -0.32 0.38 -0.0174 0.0120 0.1899 -1.5708 -0.0049 -0.0002 0.151803 3.075259 
1.140 -0.35 0.40 -0.0148 0.0108 0.1652 -1.5708 -0.0049 -0.0002 0.151803 3.075294 
1.144 -0.37 0.41 -0.0129 0.0097 0.1463 -1.5708 -0.0049 -0.0002 0.151803 3.075361 
1.148 -0.39 0.42 -0.0115 0.0089 0.1314 -1.5708 -0.0049 -0.0002 0.151803 3.075388 
1.152 -0.40 0.43 -0.0103 0.0082 0.1192 -1.5708 -0.0049 -0.0002 0.151803 3.075412 
1.156 -0.42 0.44 -0.0094 0.0076 0.1092 -1.5708 -0.0049 -0.0002 0.151803 3.075416 
1.160 -0.42 0.44 -0.0086 0.0070 0.1007 -1.5708 -0.0049 -0.0002 0.151803 3.075400 
1.164 -0.43 0.45 -0.0079 0.0066 0.0934 -1.5708 -0.0049 -0.0002 0.151803 3.075382 
1.168 -0.38 0.39 -0.0073 0.0063 0.0882 -1.5708 -0.0047 -0.0001 0.154420 3.075372 
1.172 -0.39 0.39 -0.0068 0.0063 0.0850 -1.5708 -0.0047 -0.0001 0.154420 3.075361 
1.176 -0.39 0.39 -0.0064 0.0063 0.0822 -1.5708 -0.0047 -0.0001 0.154420 3.075334 
1.180 -0.40 0.39 -0.0060 0.0063 0.0798 -1.5708 -0.0047 -0.0001 0.154420 3.075283 
1.184 -0.40 0.39 -0.0057 0.0063 0.0776 -1.5708 -0.0047 -0.0001 0.154420 3.075236 
1.188 -0.34 0.13 -0.0054 0.0231 0.1838 -1.5708 -0.0045 -0.0001 0.157038 3.075201 
1.192 -0.34 0.13 -0.0051 0.0231 0.1820 -1.5708 -0.0045 -0.0001 0.157038 3.075179 
1.196 -0.35 0.13 -0.0049 0.0231 0.1804 -1.5708 -0.0045 -0.0001 0.157038 3.075144 
1.200 -0.35 0.13 -0.0046 0.0231 0.1790 -1.5708 -0.0045 -0.0001 0.157038 3.075123 
1.204 -0.35 0.16 -0.0044 0.0207 0.1625 -1.5708 -0.0045 -0.0001 0.157038 3.075107 
1.208 -0.35 0.20 -0.0043 0.0172 0.1386 -1.5708 -0.0045 -0.0001 0.157038 3.075102 
1.212 -0.36 0.23 -0.0041 0.0147 0.1214 -1.5708 -0.0045 -0.0001 0.157038 3.075125 
1.216 -0.36 0.25 -0.0039 0.0129 0.1083 -1.5708 -0.0045 -0.0001 0.157038 3.075178 
1.220 -0.36 0.27 -0.0038 0.0114 0.0980 -1.5708 -0.0045 -0.0001 0.157038 3.075233 
1.224 -0.36 0.28 -0.0036 0.0103 0.0897 -1.5708 -0.0045 -0.0001 0.157038 3.075292 
1.228 -0.36 0.29 -0.0035 0.0093 0.0828 -1.5708 -0.0045 -0.0001 0.157038 3.075357 
1.232 -0.36 0.30 -0.0034 0.0085 0.0770 -1.5708 -0.0045 -0.0001 0.157038 3.075427 
1.236 -0.31 0.25 -0.0033 0.0080 0.0731 -1.5708 -0.0043 -0.0001 0.159655 3.075501 
1.240 -0.31 0.25 -0.0032 0.0080 0.0724 -1.5708 -0.0043 -0.0001 0.159655 3.075574 
1.244 -0.31 0.25 -0.0031 0.0080 0.0718 -1.5708 -0.0043 -0.0001 0.159655 3.075643 
1.248 -0.31 0.25 -0.0030 0.0080 0.0712 -1.5708 -0.0043 -0.0001 0.159655 3.075679 
1.252 -0.31 0.25 -0.0029 0.0080 0.0706 -1.5708 -0.0043 -0.0001 0.159655 3.075698 
1.256 -0.31 0.25 -0.0028 0.0080 0.0701 -1.5708 -0.0043 -0.0001 0.159655 3.075700 
1.260 -0.31 0.25 -0.0028 0.0080 0.0696 -1.5708 -0.0043 -0.0001 0.159655 3.075719 
1.264 -0.31 0.25 -0.0027 0.0080 0.0692 -1.5708 -0.0043 -0.0001 0.159655 3.075729 
1.268 -0.25 0.11 -0.0026 0.0144 0.1098 -1.5708 -0.0041 -0.0000 0.162272 3.075718 
1.272 -0.25 0.11 -0.0025 0.0144 0.1093 -1.5708 -0.0041 -0.0000 0.162272 3.075710 
1.276 -0.26 0.11 -0.0025 0.0144 0.1089 -1.5708 -0.0041 -0.0000 0.162272 3.075688 
1.280 -0.26 0.11 -0.0024 0.0144 0.1086 -1.5708 -0.0041 -0.0000 0.162272 3.075673 
1.284 -0.26 0.11 -0.0024 0.0144 0.1082 -1.5708 -0.0041 -0.0000 0.162272 3.075688 
1.288 -0.26 0.11 -0.0023 0.0144 0.1078 -1.5708 -0.0041 -0.0000 0.162272 3.075678 
1.292 -0.26 0.11 -0.0023 0.0144 0.1075 -1.5708 -0.0041 -0.0000 0.162272 3.075688 
1.296 -0.26 0.13 -0.0022 0.0128 0.0966 -1.5708 -0.0041 -0.0000 0.162272 3.075698 
1.300 -0.26 0.15 -0.0022 0.0113 0.0871 -1.5708 -0.0041 -0.0000 0.162272 3.075731 
1.304 -0.26 0.16 -0.0021 0.0102 0.0795 -1.5708 -0.0041 -0.0000 0.162272 3.075762 
1.308 -0.26 0.17 -0.0021 0.0093 0.0732 -1.5708 -0.0041 -0.0000 0.162272 3.075800 
1.312 -0.26 0.18 -0.0020 0.0085 0.0679 -1.5708 -0.0041 -0.0000 0.162272 3.075849 
1.316 -0.26 0.19 -0.0020 0.0078 0.0634 -1.5708 -0.0041 -0.0000 0.162272 3.075893 
1.320 -0.26 0.20 -0.0020 0.0073 0.0595 -1.5708 -0.0041 -0.0000 0.162272 3.075933 
1.324 -0.26 0.20 -0.0019 0.0068 0.0562 -1.5708 -0.0041 -0.0000 0.162272 3.075967 
1.328 -0.26 0.21 -0.0019 0.0064 0.0532 -1.5708 -0.0041 -0.0000 0.162272 3.076007 
1.332 -0.26 0.21 -0.0018 0.0060 0.0505 -1.5708 -0.0041 -0.0000 0.162272 3.076030 
1.336 -0.26 0.22 -0.0018 0.0057 0.0482 -1.5708 -0.0041 -0.0000 0.162272 3.076032 
1.340 -0.26 0.22 -0.0018 0.0054 0.0460 -1.5708 -0.0041 -0.0000 0.162272 3.075999 
1.344 -0.26 0.22 -0.0018 0.0051 0.0441 -1.5708 -0.0041 -0.0000 0.162272 3.075961 
1.348 -0.26 0.23 -0.0017 0.0048 0.0424 -1.5708 -0.0041 -0.0000 0.162272 3.075917 
1.352 -0.26 0.23 -0.0017 0.0046 0.0407 -1.5708 -0.0041 -0.0000 0.162272 3.075861 
1.356 -0.27 0.23 -0.0017 0.0044 0.0393 -1.5708 -0.0041 -0.0000 0.162272 3.075797 
1.360 -0.27 0.23 -0.0016 0.0042 0.0379 -1.5708 -0.0041 -0.0000 0.162272 3.075726 
1.364 -0.27 0.24 -0.0016 0.0041 0.0366 -1.5708 -0.0041 -0.0000 0.162272 3.075658 
1.368 -0.27 0.24 -0.0016 0.0039 0.0355 -1.5708 -0.0041 -0.0000 0.162272 3.075588 
1.372 -0.20 0.18 -0.0016 0.0040 0.0358 -1.5708 -0.0039 -0.0000 0.164890 3.075525 
1.376 -0.20 0.18 -0.0015 0.0040 0.0356 -1.5708 -0.0039 -0.0000 0.164890 3.075461 
1.380 -0.20 0.18 -0.0015 0.0040 0.0355 -1.5708 -0.0039 -0.0000 0.164890 3.075416 
1.384 -0.21 0.18 -0.0015 0.0040 0.0354 -1.5708 -0.0039 -0.0000 0.164890 3.075390 
1.388 -0.21 0.18 -0.0015 0.0040 0.0352 -1.5708 -0.0039 -0.0000 0.164890 3.075382 
1.392 -0.21 0.18 -0.0015 0.0040 0.0351 -1.5708 -0.0039 -0.0000 0.164890 3.075382 
1.396 -0.21 0.18 -0.0014 0.0040 0.0349 -1.5708 -0.0039 -0.0000 0.164890 3.075384 
1.400 -0.21 0.18 -0.0014 0.0040 0.0348 -1.5708 -0.0039 -0.0000 0.164890 3.075402 
1.404 -0.21 0.18 -0.0014 0.0040 0.0347 -1.5708 -0.0039 -0.0000 0.164890 3.075413 
1.408 -0.21 0.18 -0.0014 0.0040 0.0346 -1.5708 -0.0039 -0.0000 0.164890 3.075432 
1.412 -0.21 0.18 -0.0014 0.0040 0.0345 -1.5708 -0.0039 -0.0000 0.164890 3.075457 
1.416 -0.21 0.18 -0.0013 0.0040 0.0343 -1.5708 -0.0039 -0.0000 0.164890 3.075475 
1.420 -0.15 0.07 -0.0013 0.0080 0.0599 -1.5708 -0.0037 0.0000 0.167507 3.075510 
1.424 -0.15 0.07 -0.0013 0.0080 0.0598 -1.5708 -0.0037 0.0000 0.167507 3.075532 
1.428 -0.15 0.07 -0.0013 0.0080 0.0597 -1.5708 -0.0037 0.0000 0.167507 3.075539 
1.432 -0.15 0.07 -0.0013 0.0080 0.0596 -1.5708 -0.0037 0.0000 0.167507 3.075548 
1.436 -0.15 0.07 -0.0013 0.0080 0.0595 -1.5708 -0.0037 0.0000 0.167507 3.075539 
1.440 -0.15 0.07 -0.0012 0.0080 0.0594 -1.5708 -0.0037 0.0000 0.167507 3.075522 
1.444 -0.15 0.07 -0.0012 0.0080 0.0593 -1.5708 -0.0037 0.0000 0.167507 3.075519 
1.448 -0.15 0.07 -0.0012 0.0080 0.0592 -1.5708 -0.0037 0.0000 0.167507 3.075496 
1.452 -0.15 0.07 -0.0012 0.0080 0.0591 -1.5708 -0.0037 0.0000 0.167507 3.075467 
1.456 -0.15 0.07 -0.0012 0.0080 0.0591 -1.5708 -0.0037 0.0000 0.167507 3.075447 
1.460 -0.15 0.07 -0.0012 0.0080 0.0590 -1.5708 -0.0037 0.0000 0.167507 3.075424 
1.464 -0.15 0.07 -0.0012 0.0080 0.0589 -1.5708 -0.0037 0.0000 0.167507 3.075395 
1.468 -0.15 0.07 -0.0011 0.0079 0.0581 -1.5708 -0.0037 0.0000 0.167507 3.075376 
1.472 -0.15 0.07 -0.0011 0.0073 0.0544 -1.5708 -0.0037 0.0000 0.167507 3.075361 
1.476 -0.15 0.08 -0.0011 0.0068 0.0512 -1.5708 -0.0037 0.0000 0.167507 3.075344 
1.480 -0.15 0.09 -0.0011 0.0064 0.0483 -1.5708 -0.0037 0.0000 0.167507 3.075330 
1.484 -0.15 0.09 -0.0011 0.0060 0.0458 -1.5708 -0.0037 0.0000 0.167507 3.075327 
1.488 -0.15 0.10 -0.0011 0.0057 0.0436 -1.5708 -0.0037 0.0000 0.167507 3.075318 
1.492 -0.15 0.10 -0.0011 0.0054 0.0415 -1.5708 -0.0037 0.0000 0.167507 3.075315 
1.496 -0.15 0.10 -0.0011 0.0051 0.0397 -1.5708 -0.0037 0.0000 0.167507 3.075301 
1.500 -0.15 0.10 -0.0010 0.0049 0.0381 -1.5708 -0.0037 0.0000 0.167507 3.075293 
1.504 -0.15 0.11 -0.0010 0.0046 0.0366 -1.5708 -0.0037 0.0000 0.167507 3.075284 
1.508 -0.15 0.11 -0.0010 0.0044 0.0352 -1.5708 -0.0037 0.0000 0.167507 3.075275 
1.512 -0.15 0.11 -0.0010 0.0042 0.0339 -1.5708 -0.0037 0.0000 0.167507 3.075250 
1.516 -0.15 0.11 -0.0010 0.0041 0.0328 -1.5708 -0.0037 0.0000 0.167507 3.075236 
1.520 -0.15 0.12 -0.0010 0.0039 0.0317 -1.5708 -0.0037 0.0000 0.167507 3.075203 
1.524 -0.15 0.12 -0.0010 0.0038 0.0307 -1.5708 -0.0037 0.0000 0.167507 3.075179 
1.528 -0.15 0.12 -0.0010 0.0036 0.0298 -1.5708 -0.0037 0.0000 0.167507 3.075158 
1.532 -0.15 0.12 -0.0010 0.0035 0.0289 -1.5708 -0.0037 0.0000 0.167507 3.075119 
1.536 -0.15 0.12 -0.0010 0.0034 0.0281 -1.5708 -0.0037 0.0000 0.167507 3.075091 
1.540 -0.15 0.12 -0.0009 0.0033 0.0273 -1.5708 -0.0037 0.0000 0.167507 3.075057 
1.544 -0.15 0.12 -0.0009 0.0032 0.0266 -1.5708 -0.0037 0.0000 0.167507 3.075036 
1.548 -0.15 0.13 -0.0009 0.0031 0.0259 -1.5708 -0.0037 0.0000 0.167507 3.075007 
1.552 -0.15 0.13 -0.0009 0.0030 0.0253 -1.5708 -0.0037 0.0000 0.167507 3.074984 
1.556 -0.15 0.13 -0.0009 0.0029 0.0247 -1.5708 -0.0037 0.0000 0.167507 3.074973 
1.560 -0.15 0.13 -0.0009 0.0028 0.0241 -1.5708 -0.0037 0.0000 0.167507 3.074967 
1.564 -0.15 0.13 -0.0009 0.0027 0.0235 -1.5708 -0.0037 0.0000 0.167507 3.074980 
1.568 -0.15 0.13 -0.0009 0.0027 0.0230 -1.5708 -0.0037 0.0000 0.167507 3.075001 
1.572 -0.15 0.13 -0.0009 0.0026 0.0225 -1.5708 -0.0037 0.0000 0.167507 3.075030 
1.576 -0.15 0.13 -0.0009 0.0025 0.0221 -1.5708 -0.0037 0.0000 0.167507 3.075059 
1.580 -0.15 0.13 -0.0009 0.0025 0.0216 -1.5708 -0.0037 0.0000 0.167507 3.075097 
1.584 -0.15 0.13 -0.0009 0.0024 0.0212 -1.5708 -0.0037 0.0000 0.167507 3.075144 
1.588 -0.15 0.13 -0.0009 0.0024 0.0208 -1.5708 -0.0037 0.0000 0.167507 3.075185 
1.592 -0.15 0.14 -0.0008 0.0023 0.0204 -1.5708 -0.0037 0.0000 0.167507 3.075235 
1.596 -0.15 0.14 -0.0008 0.0023 0.0200 -1.5708 -0.0037 0.0000 0.167507 3.075283 
1.600 -0.15 0.14 -0.0008 0.0022 0.0196 -1.5708 -0.0037 0.0000 0.167507 3.075328 
1.608 -0.15 0.14 -0.0008 0.0021 0.0189 -1.5708 -0.0037 0.0000 0.167507 3.075412 
1.612 -0.15 0.14 -0.0008 0.0021 0.0186 -1.5708 -0.0037 0.0000 0.167507 3.075454 
1.616 -0.16 0.14 -0.0000 0.0020 0.0131 -1.5708 -0.0037 0.0000 0.167507 3.075503 
1.620 -0.16 0.14 -0.0000 0.0020 0.0129 -1.5708 -0.0037 0.0000 0.167507 3.075526 
1.624 -0.16 0.14 -0.0000 0.0020 0.0126 -1.5708 -0.0037 0.0000 0.167507 3.075552 
1.628 -0.16 0.14 -0.0000 0.0019 0.0124 -1.5708 -0.0037 0.0000 0.167507 3.075585 
1.632 -0.16 0.14 -0.0000 0.0019 0.0121 -1.5708 -0.0037 0.0000 0.167507 3.075595 
1.636 -0.16 0.14 -0.0000 0.0018 0.0119 -1.5708 -0.0037 0.0000 0.167507 3.075613 
1.640 -0.16 0.14 -0.0000 0.0018 0.0117 -1.5708 -0.0037 0.0000 0.167507 3.075637 
1.644 -0.16 0.14 -0.0000 0.0018 0.0115 -1.5708 -0.0037 0.0000 0.167507 3.075645 
1.648 -0.16 0.14 -0.0000 0.0018 0.0113 -1.5708 -0.0037 0.0000 0.167507 3.075671 
1.652 -0.16 0.14 -0.0000 0.0017 0.0111 -1.5708 -0.0037 0.0000 0.167507 3.075685 
1.656 -0.16 0.14 -0.0000 0.0017 0.0109 -1.5708 -0.0037 0.0000 0.167507 3.075707 
1.660 -0.16 0.14 -0.0000 0.0017 0.0107 -1.5708 -0.0037 0.0000 0.167507 3.075725 
1.664 -0.16 0.14 -0.0000 0.0016 0.0106 -1.5708 -0.0037 0.0000 0.167507 3.075738 
1.668 -0.16 0.14 -0.0000 0.0016 0.0104 -1.5708 -0.0037 0.0000 0.167507 3.075766 
1.672 -0.16 0.14 -0.0000 0.0016 0.0102 -1.5708 -0.0037 0.0000 0.167507 3.075785 
1.676 -0.16 0.14 -0.0000 0.0016 0.0101 -1.5708 -0.0037 0.0000 0.167507 3.075820 
1.680 -0.16 0.14 -0.0000 0.0015 0.0099 -1.5708 -0.0037 0.0000 0.167507 3.075848 
1.684 -0.16 0.14 -0.0000 0.0015 0.0098 -1.5708 -0.0037 0.0000 0.167507 3.075869 
1.688 -0.16 0.14 -0.0000 0.0015 0.0096 -1.5708 -0.0037 0.0000 0.167507 3.075876 
1.692 -0.16 0.14 -0.0000 0.0015 0.0095 -1.5708 -0.0037 0.0000 0.167507 3.075891 
1.696 -0.16 0.14 -0.0000 0.0015 0.0094 -1.5708 -0.0037 0.0000 0.167507 3.075897 
1.700 -0.16 0.15 -0.0000 0.0014 0.0092 -1.5708 -0.0037 0.0000 0.167507 3.075869 
1.704 -0.16 0.15 -0.0000 0.0014 0.0091 -1.5708 -0.0037 0.0000 0.167507 3.075842 
1.708 -0.16 0.15 -0.0000 0.0014 0.0090 -1.5708 -0.0037 0.0000 0.167507 3.075808 
1.712 -0.16 0.15 -0.0000 0.0014 0.0089 -1.5708 -0.0037 0.0000 0.167507 3.075754 
1.716 -0.16 0.15 -0.0000 0.0014 0.0087 -1.5708 -0.0037 0.0000 0.167507 3.075698 
1.720 -0.16 0.15 -0.0000 0.0013 0.0086 -1.5708 -0.0037 0.0000 0.167507 3.075624 
1.724 -0.16 0.15 -0.0000 0.0013 0.0085 -1.5708 -0.0037 0.0000 0.167507 3.075549 
1.728 -0.16 0.15 -0.0000 0.0013 0.0084 -1.5708 -0.0037 0.0000 0.167507 3.075471 
1.732 -0.16 0.15 -0.0000 0.0013 0.0083 -1.5708 -0.0037 0.0000 0.167507 3.075397 
1.736 -0.16 0.15 -0.0000 0.0013 0.0082 -1.5708 -0.0037 0.0000 0.167507 3.075330 
1.740 -0.16 0.15 -0.0000 0.0013 0.0081 -1.5708 -0.0037 0.0000 0.167507 3.075265 
1.744 -0.16 0.15 -0.0000 0.0012 0.0080 -1.5708 -0.0037 0.0000 0.167507 3.075217 
1.748 -0.16 0.15 -0.0000 0.0012 0.0079 -1.5708 -0.0037 0.0000 0.167507 3.075186 
1.752 -0.16 0.15 -0.0000 0.0012 0.0078 -1.5708 -0.0037 0.0000 0.167507 3.075155 
1.756 -0.16 0.15 -0.0000 0.0012 0.0077 -1.5708 -0.0037 0.0000 0.167507 3.075142 
1.760 -0.16 0.15 -0.0000 0.0012 0.0076 -1.5708 -0.0037 0.0000 0.167507 3.075128 
1.764 -0.16 0.15 -0.0000 0.0012 0.0075 -1.5708 -0.0037 0.0000 0.167507 3.075122 
1.768 -0.16 0.15 -0.0000 0.0012 0.0074 -1.5708 -0.0037 0.0000 0.167507 3.075116 
1.772 -0.16 0.15 -0.0000 0.0011 0.0074 -1.5708 -0.0037 0.0000 0.167507 3.075127 
1.776 -0.16 0.15 -0.0000 0.0011 0.0073 -1.5708 -0.0037 0.0000 0.167507 3.075130 
1.780 -0.16 0.15 -0.0000 0.0011 0.0072 -1.5708 -0.0037 0.0000 0.167507 3.075130 
1.784 -0.16 0.15 -0.0000 0.0011 0.0071 -1.5708 -0.0037 0.0000 0.167507 3.075113 
1.788 -0.16 0.15 -0.0000 0.0011 0.0070 -1.5708 -0.0037 0.0000 0.167507 3.075100 
1.792 -0.16 0.15 -0.0000 0.0011 0.0070 -1.5708 -0.0037 0.0000 0.167507 3.075089 
1.796 -0.16 0.15 -0.0000 0.0011 0.0069 -1.5708 -0.0037 0.0000 0.167507 3.075075 
1.800 -0.16 0.15 -0.0000 0.0011 0.0068 -1.5708 -0.0037 0.0000 0.167507 3.075063 
1.804 -0.16 0.15 -0.0000 0.0010 0.0068 -1.5708 -0.0037 0.0000 0.167507 3.075035 
1.808 -0.16 0.15 -0.0000 0.0010 0.0067 -1.5708 -0.0037 0.0000 0.167507 3.075022 
1.812 -0.16 0.15 -0.0000 0.0010 0.0066 -1.5708 -0.0037 0.0000 0.167507 3.075008 
1.816 -0.16 0.15 -0.0000 0.0010 0.0066 -1.5708 -0.0037 0.0000 0.167507 3.075013 
1.820 -0.16 0.15 -0.0000 0.0010 0.0065 -1.5708 -0.0037 0.0000 0.167507 3.075046 
1.824 -0.16 0.15 -0.0000 0.0010 0.0064 -1.5708 -0.0037 0.0000 0.167507 3.075080 
1.828 -0.16 0.15 -0.0000 0.0010 0.0064 -1.5708 -0.0037 0.0000 0.167507 3.075140 
1.832 -0.16 0.15 -0.0000 0.0010 0.0063 -1.5708 -0.0037 0.0000 0.167507 3.075185 
1.836 -0.16 0.15 -0.0000 0.0010 0.0062 -1.5708 -0.0037 0.0000 0.167507 3.075257 
1.840 -0.16 0.15 -0.0000 0.0010 0.0062 -1.5708 -0.0037 0.0000 0.167507 3.075337 
1.844 -0.16 0.15 -0.0000 0.0009 0.0061 -1.5708 -0.0037 0.0000 0.167507 3.075397 
1.848 -0.16 0.15 -0.0000 0.0009 0.0061 -1.5708 -0.0037 0.0000 0.167507 3.075462 
1.852 -0.16 0.15 -0.0000 0.0009 0.0060 -1.5708 -0.0037 0.0000 0.167507 3.075525 
1.856 -0.16 0.15 -0.0000 0.0009 0.0060 -1.5708 -0.0037 0.0000 0.167507 3.075599 
1.860 -0.16 0.15 -0.0000 0.0009 0.0059 -1.5708 -0.0037 0.0000 0.167507 3.075662 
1.864 -0.16 0.15 -0.0000 0.0009 0.0058 -1.5708 -0.0037 0.0000 0.167507 3.075714 
1.868 -0.16 0.15 -0.0000 0.0009 0.0058 -1.5708 -0.0037 0.0000 0.167507 3.075769 
1.872 -0.16 0.15 -0.0000 0.0009 0.0057 -1.5708 -0.0037 0.0000 0.167507 3.075814 
1.876 -0.16 0.15 -0.0000 0.0009 0.0057 -1.5708 -0.0037 0.0000 0.167507 3.075812 
1.880 -0.16 0.15 -0.0000 0.0009 0.0056 -1.5708 -0.0037 0.0000 0.167507 3.075794 
1.884 -0.16 0.15 -0.0000 0.0009 0.0056 -1.5708 -0.0037 0.0000 0.167507 3.075760 
1.888 -0.16 0.15 -0.0000 0.0009 0.0056 -1.5708 -0.0037 0.0000 0.167507 3.075715 
1.892 -0.16 0.15 -0.0000 0.0009 0.0055 -1.5708 -0.0037 0.0000 0.167507 3.075653 
1.896 -0.16 0.15 -0.0000 0.0008 0.0055 -1.5708 -0.0037 0.0000 0.167507 3.075592 
1.900 -0.16 0.15 -0.0000 0.0008 0.0054 -1.5708 -0.0037 0.0000 0.167507 3.075499 
1.904 -0.16 0.15 -0.0000 0.0008 0.0054 -1.5708 -0.0037 0.0000 0.167507 3.075407 
1.908 -0.16 0.15 -0.0000 0.0008 0.0053 -1.5708 -0.0037 0.0000 0.167507 3.075316 
1.912 -0.16 0.15 -0.0000 0.0008 0.0053 -1.5708 -0.0037 0.0000 0.167507 3.075248 
1.916 -0.16 0.15 -0.0000 0.0008 0.0052 -1.5708 -0.0037 0.0000 0.167507 3.075185 
1.920 -0.16 0.16 -0.0000 0.0000 0.0000 -1.5708 -0.0037 0.0000 0.167507 3.075149 
1.924 -0.16 0.16 -0.0000 0.0000 0.0000 -1.5708 -0.0037 0.0000 0.167507 3.075106 
1.928 -0.16 0.16 -0.0000 0.0000 0.0000 -1.5708 -0.0037 0.0000 0.167507 3.075084 
1.932 -0.16 0.16 -0.0000 0.0000 0.0000 -1.5708 -0.0037 0.0000 0.167507 3.075082 
1.936 -0.16 0.16 -0.0000 0.0000 0.0000 -1.5708 -0.0037 0.0000 0.167507 3.075104 
1.940 -0.16 0.16 -0.0000 0.0000 0.0000 -1.5708 -0.0037 0.0000 0.167507 3.075140 
1.944 -0.16 0.16 -0.0000 0.0000 0.0000 -1.5708 -0.0037 0.0000 0.167507 3.075176 
1.948 -0.16 0.16 -0.0000 0.0000 0.0000 -1.5708 -0.0037 0.0000 0.167507 3.075218 
1.952 -0.16 0.16 -0.0000 0.0000 0.0000 -1.5708 -0.0037 0.0000 0.167507 3.075270 
1.956 -0.16 0.16 -0.0000 0.0000 0.0000 -1.5708 -0.0037 0.0000 0.167507 3.075306 
1.960 -0.16 0.16 -0.0000 0.0000 0.0000 -1.5708 -0.0037 0.0000 0.167507 3.075339 
1.964 -0.16 0.16 -0.0000 0.0000 0.0000 -1.5708 -0.0037 0.0000 0.167507 3.075366 
1.968 -0.16 0.16 -0.0000 0.0000 0.0000 -1.5708 -0.0037 0.0000 0.167507 3.075379 
1.972 -0.16 0.16 -0.0000 0.0000 0.0000 -1.5708 -0.0037 0.0000 0.167507 3.075380 
1.976 -0.16 0.16 -0.0000 0.0000 0.0000 -1.5708 -0.0037 0.0000 0.167507 3.075383 
1.980 -0.16 0.16 -0.0000 0.0000 0.0000 -1.5708 -0.0037 0.0000 0.167507 3.075386 
1.984 -0.16 0.16 -0.0000 0.0000 0.0000 -1.5708 -0.0037 0.0000 0.167507 3.075403 
1.988 -0.16 0.16 -0.0000 0.0000 0.0000 -1.5708 -0.0037 0.0000 0.167507 3.075403 
1.992 -0.16 0.16 -0.0000 0.0000 0.0000 -1.5708 -0.0037 0.0000 0.167507 3.075408 
1.996 -0.16 0.16 -0.0000 0.0000 0.0000 -1.5708 -0.0037 0.0000 0.167507 3.075481 
2.000 -0.16 0.16 -0.0000 0.0000 0.0000 -1.5708 -0.0037 0.0000 0.167507 3.075536 
2.004 -0.16 -7.79 -0.0000 0.0000 0.0000 1.0314 -0.0037 0.0000 0.167507 3.075583 
2.008 -0.16 -7.54 -0.0000 -0.0000 0.0000 1.0308 -0.0041 -0.0000 0.162272 3.075594 
2.012 -0.16 -1.65 -0.0000 -0.4507 -2.9075 1.0294 -0.0049 -0.0002 0.151803 3.075554 
2.016 -0.16 -0.71 -0.0000 -0.4783 -3.0855 1.0275 -0.0059 -0.0003 0.138717 3.075533 
2.020 -0.16 -0.52 -0.0000 -0.4535 -2.9257 1.0257 -0.0067 -0.0004 0.128247 3.075433 
2.024 2.74 2.13 -0.0000 -0.4062 -2.6206 1.5708 -0.0075 -0.0005 0.117778 3.075383 
2.028 2.49 0.92 0.0000 -0.2846 -1.8363 1.5708 -0.0079 -0.0006 0.107309 3.075433 
2.032 0.85 0.38 0.1216 -0.2243 -2.2319 1.5708 -0.0081 -0.0006 0.099457 3.075343 
2.036 -0.12 0.06 0.1823 -0.1777 -2.3229 1.5708 -0.0081 -0.0006 0.088988 3.075573 
2.040 -0.02 -0.08 0.1587 -0.1506 -1.9952 1.5708 -0.0079 -0.0006 0.081136 3.075503 
2.044 0.06 -0.25 0.1372 -0.1212 -1.6670 1.5708 -0.0081 -0.0006 0.073284 3.075763 
2.048 0.18 -0.32 0.1165 -0.1052 -1.4301 1.5708 -0.0081 -0.0006 0.068050 3.075790 
2.052 0.22 -0.28 0.1030 -0.0983 -1.2991 1.5708 -0.0081 -0.0006 0.062815 3.076000 
2.056 0.18 -0.19 0.0967 -0.0953 -1.2387 1.5708 -0.0081 -0.0006 0.057580 3.075992 
2.060 0.32 -0.18 0.0795 -0.0914 -1.1029 1.5708 -0.0079 -0.0006 0.054963 3.076025 
2.064 0.26 -0.20 0.0795 -0.0847 -1.0598 1.5708 -0.0081 -0.0006 0.052346 3.075956 
2.068 0.40 -0.27 0.0579 -0.0684 -0.8144 1.5708 -0.0081 -0.0006 0.047111 3.075891 
2.072 0.40 -0.27 0.0579 -0.0684 -0.8144 1.5708 -0.0081 -0.0006 0.047111 3.075825 
2.076 0.42 -0.34 0.0462 -0.0528 -0.6382 1.5708 -0.0081 -0.0006 0.041877 3.075776 
2.080 0.42 -0.34 0.0462 -0.0528 -0.6382 1.5708 -0.0081 -0.0006 0.041877 3.075649 
2.084 0.24 -0.30 0.0508 -0.0460 -0.6242 1.5708 -0.0081 -0.0006 0.036642 3.075521 
2.088 0.24 -0.30 0.0508 -0.0460 -0.6242 1.5708 -0.0081 -0.0006 0.036642 3.075409 
2.092 0.11 -0.25 0.0567 -0.0452 -0.6572 1.5708 -0.0079 -0.0006 0.034025 3.075293 
2.096 0.05 -0.24 0.0567 -0.0411 -0.6311 1.5708 -0.0081 -0.0006 0.031408 3.075199 
2.100 0.04 -0.17 0.0522 -0.0411 -0.6020 1.5708 -0.0079 -0.0006 0.028790 3.075139 
2.104 -0.02 -0.16 0.0522 -0.0373 -0.5772 1.5708 -0.0081 -0.0006 0.026173 3.075081 
2.108 0.16 -0.16 0.0374 -0.0373 -0.4819 1.5708 -0.0081 -0.0006 0.026173 3.075022 
2.112 0.12 -0.10 0.0358 -0.0373 -0.4713 1.5708 -0.0079 -0.0006 0.023556 3.075018 
2.116 0.12 -0.17 0.0358 -0.0314 -0.4337 1.5708 -0.0079 -0.0006 0.023556 3.075079 
2.120 0.06 -0.15 0.0358 -0.0278 -0.4104 1.5708 -0.0081 -0.0006 0.020938 3.075145 
2.124 0.15 -0.15 0.0279 -0.0278 -0.3598 1.5708 -0.0081 -0.0006 0.020938 3.075206 
2.128 0.22 -0.15 0.0219 -0.0278 -0.3209 1.5708 -0.0081 -0.0006 0.020938 3.075270 
2.132 0.27 -0.15 0.0180 -0.0278 -0.2958 1.5708 -0.0081 -0.0006 0.020938 3.075334 
2.136 0.30 -0.22 0.0153 -0.0225 -0.2440 1.5708 -0.0081 -0.0006 0.020938 3.075430 
2.140 0.33 -0.27 0.0133 -0.0184 -0.2046 1.5708 -0.0081 -0.0006 0.020938 3.075542 
2.144 0.34 -0.30 0.0118 -0.0156 -0.1764 1.5708 -0.0081 -0.0006 0.020938 3.075657 
2.148 0.36 -0.32 0.0105 -0.0135 -0.1551 1.5708 -0.0081 -0.0006 0.020938 3.075757 
2.152 0.37 -0.34 0.0095 -0.0119 -0.1385 1.5708 -0.0081 -0.0006 0.020938 3.075823 
2.156 0.38 -0.36 0.0087 -0.0107 -0.1251 1.5708 -0.0081 -0.0006 0.020938 3.075858 
2.160 0.39 -0.37 0.0080 -0.0097 -0.1141 1.5708 -0.0081 -0.0006 0.020938 3.075905 
2.164 0.34 -0.32 0.0074 -0.0092 -0.1075 1.5708 -0.0083 -0.0006 0.018321 3.075936 
2.168 0.34 -0.32 0.0069 -0.0092 -0.1042 1.5708 -0.0083 -0.0006 0.018321 3.075930 
2.172 0.35 -0.32 0.0065 -0.0092 -0.1014 1.5708 -0.0083 -0.0006 0.018321 3.075904 
2.176 0.35 -0.32 0.0061 -0.0092 -0.0988 1.5708 -0.0083 -0.0006 0.018321 3.075838 
2.180 0.36 -0.32 0.0058 -0.0092 -0.0966 1.5708 -0.0083 -0.0006 0.018321 3.075779 
2.184 0.36 -0.32 0.0054 -0.0092 -0.0946 1.5708 -0.0083 -0.0006 0.018321 3.075749 
2.188 0.36 -0.32 0.0052 -0.0092 -0.0928 1.5708 -0.0083 -0.0006 0.018321 3.075725 
2.192 0.37 -0.32 0.0049 -0.0092 -0.0912 1.5708 -0.0083 -0.0006 0.018321 3.075708 
2.196 0.37 -0.32 0.0047 -0.0092 -0.0897 1.5708 -0.0083 -0.0006 0.018321 3.075696 
2.200 0.37 -0.32 0.0045 -0.0092 -0.0884 1.5708 -0.0083 -0.0006 0.018321 3.075693 
2.204 0.37 -0.32 0.0043 -0.0092 -0.0872 1.5708 -0.0083 -0.0006 0.018321 3.075725 
2.208 0.38 -0.32 0.0041 -0.0089 -0.0840 1.5708 -0.0083 -0.0006 0.018321 3.075788 
2.212 0.38 -0.33 0.0040 -0.0082 -0.0783 1.5708 -0.0083 -0.0006 0.018321 3.075867 
2.216 0.38 -0.34 0.0038 -0.0076 -0.0734 1.5708 -0.0083 -0.0006 0.018321 3.075926 
2.220 0.38 -0.34 0.0037 -0.0070 -0.0691 1.5708 -0.0083 -0.0006 0.018321 3.076000 
2.224 0.38 -0.35 0.0035 -0.0066 -0.0654 1.5708 -0.0083 -0.0006 0.018321 3.076065 
2.228 0.38 -0.35 0.0034 -0.0062 -0.0620 1.5708 -0.0083 -0.0006 0.018321 3.076130 
2.232 0.39 -0.35 0.0033 -0.0058 -0.0590 1.5708 -0.0083 -0.0006 0.018321 3.076193 
2.236 0.39 -0.36 0.0032 -0.0055 -0.0563 1.5708 -0.0083 -0.0006 0.018321 3.076236 
2.240 0.39 -0.36 0.0031 -0.0052 -0.0538 1.5708 -0.0083 -0.0006 0.018321 3.076243 
2.244 0.39 -0.37 0.0030 -0.0050 -0.0515 1.5708 -0.0083 -0.0006 0.018321 3.076229 
2.248 0.39 -0.37 0.0029 -0.0047 -0.0495 1.5708 -0.0083 -0.0006 0.018321 3.076198 
2.252 0.33 -0.31 0.0028 -0.0048 -0.0490 1.5708 -0.0085 -0.0006 0.015704 3.076147 
2.256 0.33 -0.31 0.0028 -0.0048 -0.0485 1.5708 -0.0085 -0.0006 0.015704 3.076079 
2.260 0.33 -0.31 0.0027 -0.0048 -0.0480 1.5708 -0.0085 -0.0006 0.015704 3.075992 
2.264 0.33 -0.31 0.0026 -0.0048 -0.0476 1.5708 -0.0085 -0.0006 0.015704 3.075890 
2.268 0.33 -0.31 0.0026 -0.0048 -0.0472 1.5708 -0.0085 -0.0006 0.015704 3.075778 
2.272 0.34 -0.31 0.0025 -0.0048 -0.0468 1.5708 -0.0085 -0.0006 0.015704 3.075687 
2.276 0.34 -0.31 0.0024 -0.0048 -0.0464 1.5708 -0.0085 -0.0006 0.015704 3.075631 
2.280 0.34 -0.31 0.0024 -0.0048 -0.0460 1.5708 -0.0085 -0.0006 0.015704 3.075575 
2.284 0.34 -0.31 0.0023 -0.0048 -0.0457 1.5708 -0.0085 -0.0006 0.015704 3.075548 
2.288 0.34 -0.31 0.0023 -0.0048 -0.0453 1.5708 -0.0085 -0.0006 0.015704 3.075520 
2.292 0.34 -0.31 0.0022 -0.0048 -0.0450 1.5708 -0.0085 -0.0006 0.015704 3.075503 
2.296 0.34 -0.31 0.0022 -0.0048 -0.0447 1.5708 -0.0085 -0.0006 0.015704 3.075511 
2.300 0.34 -0.31 0.0021 -0.0048 -0.0444 1.5708 -0.0085 -0.0006 0.015704 3.075535 
2.304 0.34 -0.31 0.0021 -0.0048 -0.0441 1.5708 -0.0085 -0.0006 0.015704 3.075571 
2.308 0.34 -0.31 0.0020 -0.0048 -0.0438 1.5708 -0.0085 -0.0006 0.015704 3.075614 
2.312 0.34 -0.31 0.0020 -0.0048 -0.0436 1.5708 -0.0085 -0.0006 0.015704 3.075657 
2.316 0.34 -0.31 0.0020 -0.0048 -0.0433 1.5708 -0.0085 -0.0006 0.015704 3.075695 
2.320 0.34 -0.31 0.0019 -0.0048 -0.0431 1.5708 -0.0085 -0.0006 0.015704 3.075734 
2.324 0.34 -0.31 0.0019 -0.0048 -0.0429 1.5708 -0.0085 -0.0006 0.015704 3.075757 
2.328 0.34 -0.31 0.0019 -0.0048 -0.0426 1.5708 -0.0085 -0.0006 0.015704 3.075768 
2.332 0.34 -0.31 0.0018 -0.0048 -0.0424 1.5708 -0.0085 -0.0006 0.015704 3.075766 
2.336 0.34 -0.31 0.0018 -0.0047 -0.0416 1.5708 -0.0085 -0.0006 0.015704 3.075775 
2.340 0.34 -0.31 0.0018 -0.0045 -0.0401 1.5708 -0.0085 -0.0006 0.015704 3.075754 
2.344 0.34 -0.31 0.0017 -0.0043 -0.0387 1.5708 -0.0085 -0.0006 0.015704 3.075810 
2.348 0.34 -0.32 0.0017 -0.0041 -0.0374 1.5708 -0.0085 -0.0006 0.015704 3.075748 
2.352 0.34 -0.32 0.0017 -0.0039 -0.0362 1.5708 -0.0085 -0.0006 0.015704 3.075701 
2.356 0.34 -0.32 0.0016 -0.0038 -0.0351 1.5708 -0.0085 -0.0006 0.015704 3.075625 
2.360 0.34 -0.32 0.0016 -0.0037 -0.0340 1.5708 -0.0085 -0.0006 0.015704 3.075506 
2.364 0.34 -0.32 0.0016 -0.0035 -0.0330 1.5708 -0.0085 -0.0006 0.015704 3.075336 
2.368 0.35 -0.32 0.0016 -0.0034 -0.0321 1.5708 -0.0085 -0.0006 0.015704 3.075176 
2.372 0.35 -0.33 0.0015 -0.0033 -0.0312 1.5708 -0.0085 -0.0006 0.015704 3.075152 
2.376 0.35 -0.33 0.0015 -0.0032 -0.0304 1.5708 -0.0085 -0.0006 0.015704 3.075238 
2.380 0.35 -0.33 0.0015 -0.0031 -0.0296 1.5708 -0.0085 -0.0006 0.015704 3.075326 
2.384 0.35 -0.33 0.0015 -0.0030 -0.0289 1.5708 -0.0085 -0.0006 0.015704 3.075306 
2.388 0.35 -0.33 0.0015 -0.0029 -0.0282 1.5708 -0.0085 -0.0006 0.015704 3.075386 
2.392 0.35 -0.33 0.0014 -0.0028 -0.0276 1.5708 -0.0085 -0.0006 0.015704 3.075482 
2.396 0.35 -0.33 0.0014 -0.0028 -0.0269 1.5708 -0.0085 -0.0006 0.015704 3.075739 
2.400 0.35 -0.33 0.0014 -0.0027 -0.0263 1.5708 -0.0085 -0.0006 0.015704 3.075988 
2.404 0.35 -0.33 0.0014 -0.0026 -0.0258 1.5708 -0.0085 -0.0006 0.015704 3.076106 
2.408 0.35 -0.33 0.0014 -0.0026 -0.0252 1.5708 -0.0085 -0.0006 0.015704 3.076174 
2.412 0.35 -0.34 0.0013 -0.0025 -0.0247 1.5708 -0.0085 -0.0006 0.015704 3.076157 
2.416 0.35 -0.34 0.0013 -0.0024 -0.0242 1.5708 -0.0085 -0.0006 0.015704 3.076164 
2.420 0.35 -0.34 0.0013 -0.0024 -0.0237 1.5708 -0.0085 -0.0006 0.015704 3.076156 
2.424 0.35 -0.34 0.0013 -0.0023 -0.0233 1.5708 -0.0085 -0.0006 0.015704 3.076196 
2.428 0.35 -0.34 0.0013 -0.0023 -0.0228 1.5708 -0.0085 -0.0006 0.015704 3.076140 
2.432 0.35 -0.34 0.0013 -0.0022 -0.0224 1.5708 -0.0085 -0.0006 0.015704 3.076023 
2.436 0.35 -0.34 0.0012 -0.0022 -0.0220 1.5708 -0.0085 -0.0006 0.015704 3.075841 
2.440 0.35 -0.34 0.0012 -0.0021 -0.0216 1.5708 -0.0085 -0.0006 0.015704 3.075705 
2.444 0.35 -0.34 0.0012 -0.0021 -0.0212 1.5708 -0.0085 -0.0006 0.015704 3.075665 
2.448 0.35 -0.34 0.0012 -0.0020 -0.0209 1.5708 -0.0085 -0.0006 0.015704 3.075703 
2.452 0.35 -0.34 0.0012 -0.0020 -0.0205 1.5708 -0.0085 -0.0006 0.015704 3.075724 
2.456 0.35 -0.34 0.0012 -0.0020 -0.0202 1.5708 -0.0085 -0.0006 0.015704 3.075671 
2.460 0.35 -0.34 0.0012 -0.0019 -0.0199 1.5708 -0.0085 -0.0006 0.015704 3.075589 
2.464 0.35 -0.34 0.0011 -0.0019 -0.0196 1.5708 -0.0085 -0.0006 0.015704 3.075550 
2.468 0.35 -0.34 0.0011 -0.0019 -0.0192 1.5708 -0.0085 -0.0006 0.015704 3.075586 
2.472 0.35 -0.34 0.0011 -0.0018 -0.0190 1.5708 -0.0085 -0.0006 0.015704 3.075651 
2.476 0.35 -0.34 0.0011 -0.0018 -0.0187 1.5708 -0.0085 -0.0006 0.015704 3.075669 
2.480 0.35 -0.34 0.0011 -0.0018 -0.0184 1.5708 -0.0085 -0.0006 0.015704 3.075613 
2.484 0.35 -0.34 0.0011 -0.0017 -0.0181 1.5708 -0.0085 -0.0006 0.015704 3.075556 
2.488 0.35 -0.34 0.0011 -0.0017 -0.0179 1.5708 -0.0085 -0.0006 0.015704 3.075581 
2.492 0.35 -0.34 0.0011 -0.0017 -0.0176 1.5708 -0.0085 -0.0006 0.015704 3.075672 
2.496 0.35 -0.34 0.0010 -0.0016 -0.0174 1.5708 -0.0085 -0.0006 0.015704 3.075768 
2.500 0.35 -0.34 0.0010 -0.0016 -0.0171 1.5708 -0.0085 -0.0006 0.015704 3.075805 
2.504 0.35 -0.35 0.0010 -0.0016 -0.0169 1.5708 -0.0085 -0.0006 0.015704 3.075806 
2.508 0.35 -0.35 0.0010 -0.0016 -0.0167 1.5708 -0.0085 -0.0006 0.015704 3.075815 
2.512 0.35 -0.35 0.0010 -0.0015 -0.0165 1.5708 -0.0085 -0.0006 0.015704 3.075853 
2.516 0.35 -0.35 0.0010 -0.0015 -0.0162 1.5708 -0.0085 -0.0006 0.015704 3.075914 
2.520 0.35 -0.35 0.0010 -0.0015 -0.0160 1.5708 -0.0085 -0.0006 0.015704 3.075953 
2.524 0.35 -0.35 0.0010 -0.0015 -0.0158 1.5708 -0.0085 -0.0006 0.015704 3.075919 
2.528 0.35 -0.35 0.0010 -0.0015 -0.0156 1.5708 -0.0085 -0.0006 0.015704 3.075850 
2.532 0.35 -0.35 0.0010 -0.0014 -0.0154 1.5708 -0.0085 -0.0006 0.015704 3.075760 
2.536 0.35 -0.35 0.0010 -0.0014 -0.0153 1.5708 -0.0085 -0.0006 0.015704 3.075702 
2.540 0.35 -0.35 0.0009 -0.0014 -0.0151 1.5708 -0.0085 -0.0006 0.015704 3.075654 
2.544 0.35 -0.35 0.0009 -0.0014 -0.0149 1.5708 -0.0085 -0.0006 0.015704 3.075618 
2.548 0.35 -0.35 0.0009 -0.0014 -0.0147 1.5708 -0.0085 -0.0006 0.015704 3.075569 
2.552 0.35 -0.35 0.0009 -0.0013 -0.0146 1.5708 -0.0085 -0.0006 0.015704 3.075493 
2.556 0.35 -0.35 0.0009 -0.0013 -0.0144 1.5708 -0.0085 -0.0006 0.015704 3.075454 
2.560 0.35 -0.35 0.0009 -0.0013 -0.0142 1.5708 -0.0085 -0.0006 0.015704 3.075454 
2.564 0.35 -0.35 0.0009 -0.0013 -0.0141 1.5708 -0.0085 -0.0006 0.015704 3.075505 
2.568 0.35 -0.35 0.0009 -0.0013 -0.0139 1.5708 -0.0085 -0.0006 0.015704 3.075555 
2.572 0.35 -0.35 0.0009 -0.0013 -0.0138 1.5708 -0.0085 -0.0006 0.015704 3.075575 
2.576 0.35 -0.35 0.0009 -0.0012 -0.0136 1.5708 -0.0085 -0.0006 0.015704 3.075612 
2.580 0.35 -0.35 0.0009 -0.0012 -0.0135 1.5708 -0.0085 -0.0006 0.015704 3.075661 
2.584 0.35 -0.35 0.0009 -0.0012 -0.0133 1.5708 -0.0085 -0.0006 0.015704 3.075745 
2.588 0.35 -0.35 0.0008 -0.0012 -0.0132 1.5708 -0.0085 -0.0006 0.015704 3.075834 
2.592 0.35 -0.35 0.0008 -0.0012 -0.0131 1.5708 -0.0085 -0.0006 0.015704 3.075890 
2.596 0.35 -0.35 0.0008 -0.0012 -0.0129 1.5708 -0.0085 -0.0006 0.015704 3.075929 
2.600 0.35 -0.35 0.0008 -0.0012 -0.0128 1.5708 -0.0085 -0.0006 0.015704 3.075957 
2.604 0.35 -0.35 0.0008 -0.0011 -0.0127 1.5708 -0.0085 -0.0006 0.015704 3.075978 
2.608 0.35 -0.35 0.0008 -0.0011 -0.0125 1.5708 -0.0085 -0.0006 0.015704 3.076000 
2.612 0.36 -0.35 0.0000 -0.0011 -0.0072 1.5708 -0.0085 -0.0006 0.015704 3.076004 
2.616 0.36 -0.35 0.0000 -0.0011 -0.0071 1.5708 -0.0085 -0.0006 0.015704 3.075914 
2.620 0.36 -0.35 0.0000 -0.0011 -0.0071 1.5708 -0.0085 -0.0006 0.015704 3.075867 
2.624 0.36 -0.35 0.0000 -0.0011 -0.0070 1.5708 -0.0085 -0.0006 0.015704 3.075672 
2.628 0.36 -0.35 0.0000 -0.0011 -0.0069 1.5708 -0.0085 -0.0006 0.015704 3.075657 
2.632 0.36 -0.35 0.0000 -0.0011 -0.0068 1.5708 -0.0085 -0.0006 0.015704 3.075582 
2.636 0.36 -0.35 0.0000 -0.0010 -0.0068 1.5708 -0.0085 -0.0006 0.015704 3.075687 
2.640 0.36 -0.35 0.0000 -0.0010 -0.0067 1.5708 -0.0085 -0.0006 0.015704 3.075660 
2.644 0.36 -0.35 0.0000 -0.0010 -0.0066 1.5708 -0.0085 -0.0006 0.015704 3.075630 
2.648 0.36 -0.35 0.0000 -0.0010 -0.0066 1.5708 -0.0085 -0.0006 0.015704 3.075638 
2.652 0.36 -0.35 0.0000 -0.0010 -0.0065 1.5708 -0.0085 -0.0006 0.015704 3.075641 
2.656 0.36 -0.35 0.0000 -0.0010 -0.0064 1.5708 -0.0085 -0.0006 0.015704 3.075762 
2.660 0.36 -0.35 0.0000 -0.0010 -0.0064 1.5708 -0.0085 -0.0006 0.015704 3.075700 
2.664 0.36 -0.35 0.0000 -0.0010 -0.0063 1.5708 -0.0085 -0.0006 0.015704 3.075703 
2.668 0.36 -0.35 0.0000 -0.0010 -0.0062 1.5708 -0.0085 -0.0006 0.015704 3.075686 
2.672 0.36 -0.35 0.0000 -0.0010 -0.0062 1.5708 -0.0085 -0.0006 0.015704 3.075732 
2.676 0.36 -0.35 0.0000 -0.0009 -0.0061 1.5708 -0.0085 -0.0006 0.015704 3.075767 
2.680 0.36 -0.35 0.0000 -0.0009 -0.0061 1.5708 -0.0085 -0.0006 0.015704 3.075800 
2.684 0.36 -0.35 0.0000 -0.0009 -0.0060 1.5708 -0.0085 -0.0006 0.015704 3.075792 
2.688 0.36 -0.35 0.0000 -0.0009 -0.0060 1.5708 -0.0085 -0.0006 0.015704 3.075801 
2.692 0.36 -0.35 0.0000 -0.0009 -0.0059 1.5708 -0.0085 -0.0006 0.015704 3.075763 
2.696 0.36 -0.35 0.0000 -0.0009 -0.0059 1.5708 -0.0085 -0.0006 0.015704 3.075750 
2.700 0.36 -0.35 0.0000 -0.0009 -0.0058 1.5708 -0.0085 -0.0006 0.015704 3.075720 
2.704 0.36 -0.35 0.0000 -0.0009 -0.0058 1.5708 -0.0085 -0.0006 0.015704 3.075737 
2.708 0.36 -0.35 0.0000 -0.0009 -0.0057 1.5708 -0.0085 -0.0006 0.015704 3.075737 
2.712 0.36 -0.35 0.0000 -0.0009 -0.0057 1.5708 -0.0085 -0.0006 0.015704 3.075684 
2.716 0.36 -0.35 0.0000 -0.0009 -0.0056 1.5708 -0.0085 -0.0006 0.015704 3.075643 
2.720 0.36 -0.35 0.0000 -0.0009 -0.0056 1.5708 -0.0085 -0.0006 0.015704 3.075593 
2.724 0.36 -0.35 0.0000 -0.0009 -0.0055 1.5708 -0.0085 -0.0006 0.015704 3.075568 
2.728 0.36 -0.35 0.0000 -0.0008 -0.0055 1.5708 -0.0085 -0.0006 0.015704 3.075571 
2.732 0.36 -0.35 0.0000 -0.0008 -0.0054 1.5708 -0.0085 -0.0006 0.015704 3.075521 
2.736 0.36 -0.35 0.0000 -0.0008 -0.0054 1.5708 -0.0085 -0.0006 0.015704 3.075494 
2.740 0.36 -0.35 0.0000 -0.0008 -0.0053 1.5708 -0.0085 -0.0006 0.015704 3.075536 
2.744 0.36 -0.35 0.0000 -0.0008 -0.0053 1.5708 -0.0085 -0.0006 0.015704 3.075639 
2.748 0.36 -0.35 0.0000 -0.0008 -0.0052 1.5708 -0.0085 -0.0006 0.015704 3.075758 
2.752 0.36 -0.36 0.0000 -0.0000 -0.0000 1.5708 -0.0085 -0.0006 0.015704 3.075887 
2.756 0.36 -0.36 0.0000 -0.0000 -0.0000 1.5708 -0.0085 -0.0006 0.015704 3.075990 
2.760 0.36 -0.36 0.0000 -0.0000 -0.0000 1.5708 -0.0085 -0.0006 0.015704 3.076079 
2.764 0.36 -0.36 0.0000 -0.0000 -0.0000 1.5708 -0.0085 -0.0006 0.015704 3.076182 
2.768 0.36 -0.36 0.0000 -0.0000 -0.0000 1.5708 -0.0085 -0.0006 0.015704 3.076275 
2.772 0.36 -0.36 0.0000 -0.0000 -0.0000 1.5708 -0.0085 -0.0006 0.015704 3.076348 
2.776 0.36 -0.36 0.0000 -0.0000 -0.0000 1.5708 -0.0085 -0.0006 0.015704 3.076375 
2.780 0.36 -0.36 0.0000 -0.0000 -0.0000 1.5708 -0.0085 -0.0006 0.015704 3.076369 
2.784 0.36 -0.36 0.0000 -0.0000 -0.0000 1.5708 -0.0085 -0.0006 0.015704 3.076322 
2.788 0.36 -0.36 0.0000 -0.0000 -0.0000 1.5708 -0.0085 -0.0006 0.015704 3.076257 
2.792 0.36 -0.36 0.0000 -0.0000 -0.0000 1.5708 -0.0085 -0.0006 0.015704 3.076190 
2.800 0.36 -0.36 0.0000 -0.0000 -0.0000 1.5708 -0.0085 -0.0006 0.015704 3.076002 
2.804 0.36 -0.36 0.0000 -0.0000 -0.0000 1.5708 -0.0085 -0.0006 0.015704 3.075909 
2.808 0.36 -0.36 0.0000 -0.0000 -0.0000 1.5708 -0.0085 -0.0006 0.015704 3.075822 
2.812 0.36 -0.36 0.0000 -0.0000 -0.0000 1.5708 -0.0085 -0.0006 0.015704 3.075750 
2.816 0.36 -0.36 0.0000 -0.0000 -0.0000 1.5708 -0.0085 -0.0006 0.015704 3.075709 
2.820 0.36 -0.36 0.0000 -0.0000 -0.0000 1.5708 -0.0085 -0.0006 0.015704 3.075669 
2.824 0.36 -0.36 0.0000 -0.0000 -0.0000 1.5708 -0.0085 -0.0006 0.015704 3.075639 
2.828 0.36 -0.36 0.0000 -0.0000 -0.0000 1.5708 -0.0085 -0.0006 0.015704 3.075623 
2.832 0.36 -0.36 0.0000 -0.0000 -0.0000 1.5708 -0.0085 -0.0006 0.015704 3.075620 
2.836 0.36 -0.36 0.0000 -0.0000 -0.0000 1.5708 -0.0085 -0.0006 0.015704 3.075629 
2.840 0.36 -0.36 0.0000 -0.0000 -0.0000 1.5708 -0.0085 -0.0006 0.015704 3.075677 
2.844 0.36 -0.36 0.0000 -0.0000 -0.0000 1.5708 -0.0085 -0.0006 0.015704 3.075695 
2.848 0.36 -0.36 0.0000 -0.0000 -0.0000 1.5708 -0.0085 -0.0006 0.015704 3.075680 
2.852 0.36 -0.36 0.0000 -0.0000 -0.0000 1.5708 -0.0085 -0.0006 0.015704 3.075656 
2.856 0.36 -0.36 0.0000 -0.0000 -0.0000 1.5708 -0.0085 -0.0006 0.015704 3.075645 
2.860 0.36 -0.36 0.0000 -0.0000 -0.0000 1.5708 -0.0085 -0.0006 0.015704 3.075674 
2.864 0.36 -0.36 0.0000 -0.0000 -0.0000 1.5708 -0.0085 -0.0006 0.015704 3.075731 
2.868 0.36 -0.36 0.0000 -0.0000 -0.0000 1.5708 -0.0085 -0.0006 0.015704 3.075764 
2.872 0.36 -0.36 0.0000 -0.0000 -0.0000 1.5708 -0.0085 -0.0006 0.015704 3.075773 
2.876 0.36 -0.36 0.0000 -0.0000 -0.0000 1.5708 -0.0085 -0.0006 0.015704 3.075803 
2.880 0.36 -0.36 0.0000 -0.0000 -0.0000 1.5708 -0.0085 -0.0006 0.015704 3.075827 
2.884 0.36 -0.36 0.0000 -0.0000 -0.0000 1.5708 -0.0085 -0.0006 0.015704 3.075845 
2.888 0.36 -0.36 0.0000 -0.0000 -0.0000 1.5708 -0.0085 -0.0006 0.015704 3.075829 
2.892 0.36 -0.36 0.0000 -0.0000 -0.0000 1.5708 -0.0085 -0.0006 0.015704 3.075803 
2.896 0.36 -0.36 0.0000 -0.0000 -0.0000 1.5708 -0.0085 -0.0006 0.015704 3.075792 
2.900 0.36 -0.36 0.0000 -0.0000 -0.0000 1.5708 -0.0085 -0.0006 0.015704 3.075782 
2.904 0.36 -0.36 0.0000 -0.0000 -0.0000 1.5708 -0.0085 -0.0006 0.015704 3.075761 
2.908 0.36 -0.36 0.0000 -0.0000 -0.0000 1.5708 -0.0085 -0.0006 0.015704 3.075731 
2.912 0.36 -0.36 0.0000 -0.0000 -0.0000 1.5708 -0.0085 -0.0006 0.015704 3.075684 
2.916 0.36 -0.36 0.0000 -0.0000 -0.0000 1.5708 -0.0085 -0.0006 0.015704 3.075623 
2.920 0.36 -0.36 0.0000 -0.0000 -0.0000 1.5708 -0.0085 -0.0006 0.015704 3.075564 
2.924 0.36 -0.36 0.0000 -0.0000 -0.0000 1.5708 -0.0085 -0.0006 0.015704 3.075539 
2.928 0.36 -0.36 0.0000 -0.0000 -0.0000 1.5708 -0.0085 -0.0006 0.015704 3.075541 
2.932 0.36 -0.36 0.0000 -0.0000 -0.0000 1.5708 -0.0085 -0.0006 0.015704 3.075574 
2.936 0.36 -0.36 0.0000 -0.0000 -0.0000 1.5708 -0.0085 -0.0006 0.015704 3.075613 
2.940 0.36 -0.36 0.0000 -0.0000 -0.0000 1.5708 -0.0085 -0.0006 0.015704 3.075644 
2.944 0.36 -0.36 0.0000 -0.0000 -0.0000 1.5708 -0.0085 -0.0006 0.015704 3.075677 
2.948 0.36 -0.36 0.0000 -0.0000 -0.0000 1.5708 -0.0085 -0.0006 0.015704 3.075738 
2.952 0.36 -0.36 0.0000 -0.0000 -0.0000 1.5708 -0.0085 -0.0006 0.015704 3.075826 
2.956 0.36 -0.36 0.0000 -0.0000 -0.0000 1.5708 -0.0085 -0.0006 0.015704 3.075890 
2.960 0.36 -0.36 0.0000 -0.0000 -0.0000 1.5708 -0.0085 -0.0006 0.015704 3.075927 
2.964 0.36 -0.36 0.0000 -0.0000 -0.0000 1.5708 -0.0085 -0.0006 0.015704 3.075947 
2.968 0.36 -0.36 0.0000 -0.0000 -0.0000 1.5708 -0.0085 -0.0006 0.015704 3.075942 
2.972 0.36 -0.36 0.0000 -0.0000 -0.0000 1.5708 -0.0085 -0.0006 0.015704 3.075958 
2.976 0.36 -0.36 0.0000 -0.0000 -0.0000 1.5708 -0.0085 -0.0006 0.015704 3.075957 
2.980 0.36 -0.36 0.0000 -0.0000 -0.0000 1.5708 -0.0085 -0.0006 0.015704 3.075932 
2.984 0.36 -0.36 0.0000 -0.0000 -0.0000 1.5708 -0.0085 -0.0006 0.015704 3.075880 
2.988 0.36 -0.36 0.0000 -0.0000 -0.0000 1.5708 -0.0085 -0.0006 0.015704 3.075817 
2.992 0.36 -0.36 0.0000 -0.0000 -0.0000 1.5708 -0.0085 -0.0006 0.015704 3.075749 
