% Freja (4)
%  1    time 0.014 sec
%  2  3 Motor voltage [V] left, right: -0.16 0.16
%  4  5 Wheel velocity [m/s] left, right: 0.0000 0.0000
% 6 7 Turnrate [r/s]: 0.0000, steer angle [rad]: -1.5708
%  8  9 10 11 Pose x,y,h,tilt [m,m,rad,rad]: 0 0 0 3.07449
0.014 -0.16 0.16 0.0000 0.0000 0.0000 -1.5708 0.0000 0.0000 0.000000 3.074490 
0.038 -0.42 0.42 0.0000 0.0000 0.0000 -1.5708 0.0000 0.0000 0.000000 3.074539 
0.062 -0.38 0.68 -0.0255 0.0000 0.1647 -1.5708 -0.0002 -0.0000 0.007852 3.074642 
0.086 -0.54 0.38 -0.0335 0.0468 0.5181 -1.5708 0.0002 0.0000 0.023556 3.074486 
0.110 -0.27 0.29 -0.0780 0.0764 0.9957 -1.5708 0.0000 -0.0000 0.041877 3.074485 
0.134 -0.87 0.60 -0.0498 0.0717 0.7840 -1.5708 0.0002 0.0000 0.060198 3.074563 
0.158 -0.41 0.62 -0.1094 0.0916 1.2967 -1.5708 0.0000 -0.0000 0.088988 3.074456 
0.182 -0.59 0.49 -0.1166 0.1244 1.5548 -1.5708 0.0002 0.0000 0.123013 3.074387 
0.206 -0.61 0.64 -0.1359 0.1342 1.7424 -1.5708 0.0000 -0.0000 0.162272 3.074453 
0.230 -0.69 0.72 -0.1514 0.1484 1.9347 -1.5708 0.0000 -0.0000 0.204149 3.074465 
0.254 -0.70 0.76 -0.1722 0.1670 2.1888 -1.5708 0.0002 0.0000 0.253878 3.074394 
0.278 -0.84 0.90 -0.1824 0.1772 2.3204 -1.5708 0.0000 -0.0000 0.308841 3.074450 
0.302 -1.03 0.92 -0.1878 0.1970 2.4829 -1.5708 0.0000 -0.0000 0.366422 3.074528 
0.326 -0.93 0.96 -0.2182 0.2157 2.7997 -1.5708 0.0002 0.0001 0.431854 3.074461 
0.350 -0.95 1.01 -0.2382 0.2334 3.0426 -1.5708 0.0000 -0.0000 0.502521 3.074446 
0.374 -1.20 1.12 -0.2388 0.2458 3.1265 -1.5708 0.0000 -0.0000 0.575805 3.074544 
0.398 -1.15 1.14 -0.2648 0.2657 3.4228 -1.5708 0.0000 -0.0000 0.654324 3.074553 
0.422 -1.25 1.20 -0.2778 0.2822 3.6130 -1.5708 0.0000 -0.0000 0.743312 3.074344 
0.446 -1.24 1.16 -0.3005 0.2912 3.8169 -1.5587 0.0000 -0.0000 0.832300 3.074312 
0.470 -1.27 1.03 -0.3199 0.3013 4.0080 -1.5437 -0.0001 -0.0002 0.929140 3.074353 
0.494 -1.29 1.10 -0.3402 0.2956 4.1017 -1.5295 -0.0003 -0.0005 1.023362 3.074310 
0.518 -1.38 1.09 -0.3540 0.2967 4.1981 -1.5161 -0.0006 -0.0011 1.125436 3.074352 
0.542 -1.44 1.09 -0.3709 0.2969 4.3085 -1.5033 -0.0010 -0.0018 1.224892 3.074507 
0.566 -1.24 1.12 -0.3676 0.2939 4.2682 -1.5150 -0.0012 -0.0026 1.329583 3.074489 
0.590 -1.22 1.14 -0.3477 0.2928 4.1323 -1.5284 -0.0014 -0.0034 1.429039 3.074406 
0.614 -1.19 1.08 -0.3281 0.2972 4.0343 -1.5425 -0.0014 -0.0040 1.531112 3.074392 
0.638 -1.09 1.07 -0.3154 0.2856 3.8774 -1.5479 -0.0014 -0.0042 1.622716 3.074402 
0.662 -1.00 0.96 -0.3008 0.2731 3.7031 -1.5466 -0.0014 -0.0044 1.714321 3.074289 
0.686 -0.99 0.92 -0.2800 0.2551 3.4527 -1.5451 -0.0013 -0.0048 1.798074 3.074322 
0.710 -0.91 0.79 -0.2653 0.2442 3.2868 -1.5433 -0.0013 -0.0050 1.879209 3.074368 
0.734 -0.83 0.75 -0.2502 0.2258 3.0707 -1.5414 -0.0012 -0.0052 1.955111 3.074344 
0.758 -0.76 0.74 -0.2343 0.2046 2.8319 -1.5391 -0.0011 -0.0056 2.023161 3.074383 
0.782 -0.89 0.68 -0.2014 0.1877 2.5107 -1.5365 -0.0010 -0.0057 2.088595 3.074419 
0.806 -0.69 0.56 -0.1968 0.1766 2.4090 -1.5334 -0.0008 -0.0061 2.146177 3.074394 
0.830 -0.71 0.63 -0.1734 0.1485 2.0767 -1.5296 -0.0006 -0.0062 2.201141 3.074378 
0.854 -0.64 0.57 -0.1572 0.1323 1.8679 -1.5250 -0.0004 -0.0066 2.248254 3.074349 
0.878 -0.45 0.52 -0.1511 0.1142 1.7117 -1.5193 -0.0003 -0.0067 2.292749 3.074346 
0.902 -0.48 0.41 -0.1274 0.1016 1.4772 -1.5120 -0.0001 -0.0069 2.326774 3.074334 
0.926 -0.51 0.31 -0.1034 0.0889 1.2406 -1.5022 0.0002 -0.0072 2.358183 3.074310 
0.950 -0.63 0.39 -0.0717 0.0601 0.8506 -1.4885 0.0004 -0.0074 2.384356 3.074414 
0.974 -0.13 0.11 -0.0910 0.0620 0.9871 -1.4680 0.0006 -0.0076 2.407912 3.074474 
0.998 -0.45 0.24 -0.0428 0.0295 0.4665 -1.4340 0.0007 -0.0077 2.420999 3.074450 
1.022 -0.16 0.17 -0.0456 0.0132 0.3794 -1.3669 0.0012 -0.0081 2.428851 3.074469 
1.046 -0.12 -0.02 -0.0268 0.0074 0.2210 -1.1770 0.0014 -0.0082 2.431469 3.074519 
1.070 -0.06 -0.25 -0.0104 0.0052 0.1002 0.0216 0.0014 -0.0082 2.431469 3.074437 
1.094 0.15 -0.10 -0.0064 -0.0295 -0.1490 1.1833 0.0017 -0.0085 2.426234 3.074367 
1.118 0.39 -0.51 -0.0047 -0.0167 -0.0780 1.3686 0.0017 -0.0085 2.426234 3.074474 
1.142 0.55 -0.84 0.0042 -0.0105 -0.0947 1.4348 0.0017 -0.0085 2.420999 3.074502 
1.166 0.51 -0.39 0.0287 -0.0703 -0.6386 1.4684 0.0020 -0.0088 2.405295 3.074452 
1.190 0.40 -0.57 0.0602 -0.0768 -0.8838 1.4888 0.0021 -0.0089 2.386974 3.074557 
1.214 0.64 -0.59 0.0618 -0.0964 -1.0205 1.5024 0.0023 -0.0091 2.363417 3.074634 
1.238 0.36 -0.68 0.1065 -0.1113 -1.4052 1.5121 0.0024 -0.0092 2.329392 3.074545 
1.262 0.69 -0.83 0.1002 -0.1198 -1.4195 1.5194 0.0027 -0.0095 2.297983 3.074475 
1.286 0.82 -0.80 0.1118 -0.1444 -1.6528 1.5251 0.0028 -0.0097 2.258723 3.074555 
1.310 0.83 -0.88 0.1326 -0.1593 -1.8831 1.5297 0.0028 -0.0097 2.211611 3.074646 
1.334 0.76 -0.78 0.1597 -0.1898 -2.2544 1.5334 0.0030 -0.0100 2.159263 3.074625 
1.358 0.77 -0.94 0.1811 -0.1974 -2.4420 1.5365 0.0032 -0.0102 2.104299 3.074771 
1.382 0.87 -1.05 0.1942 -0.2102 -2.6089 1.5392 0.0033 -0.0103 2.044100 3.075073 
1.406 0.91 -1.03 0.2123 -0.2336 -2.8765 1.5414 0.0033 -0.0105 1.978667 3.074839 
1.430 1.03 -1.10 0.2240 -0.2497 -3.0560 1.5434 0.0034 -0.0107 1.908000 3.074466 
1.454 0.94 -1.15 0.2533 -0.2593 -3.3076 1.5516 0.0035 -0.0111 1.829481 3.074662 
1.478 0.97 -1.06 0.2690 -0.2628 -3.4311 1.5697 0.0035 -0.0109 1.748345 3.074817 
1.502 0.97 -0.86 0.2690 -0.2581 -3.4005 -1.5536 0.0035 -0.0109 1.669826 3.074443 
1.526 0.97 -0.89 0.2690 -0.2332 -3.2403 -1.5341 0.0035 -0.0105 1.591307 3.074650 
1.550 0.89 -0.80 0.2672 -0.2196 -3.1409 -1.5201 0.0035 -0.0101 1.512788 3.074934 
1.574 0.90 -0.68 0.2451 -0.2080 -2.9235 -1.5163 0.0035 -0.0095 1.442121 3.074550 
1.598 0.84 -0.73 0.2279 -0.1816 -2.6420 -1.5119 0.0036 -0.0089 1.376689 3.074230 
1.622 0.78 -0.70 0.2119 -0.1630 -2.4184 -1.5068 0.0037 -0.0085 1.313873 3.074305 
1.646 0.73 -0.62 0.1937 -0.1479 -2.2041 -1.5007 0.0039 -0.0079 1.258910 3.074396 
1.670 0.62 -0.50 0.1812 -0.1356 -2.0440 -1.4933 0.0041 -0.0073 1.209181 3.074265 
1.694 0.74 -0.51 0.1498 -0.1135 -1.6991 -1.4842 0.0043 -0.0068 1.164687 3.074442 
1.718 0.67 -0.49 0.1342 -0.0933 -1.4678 -1.4727 0.0045 -0.0064 1.128044 3.074950 
1.742 0.69 -0.42 0.1106 -0.0771 -1.2112 -1.4577 0.0047 -0.0060 1.091401 3.074894 
1.766 0.59 -0.32 0.0967 -0.0644 -1.0395 -1.4372 0.0050 -0.0055 1.062610 3.074666 
1.790 0.23 -0.22 0.1054 -0.0506 -1.0060 -1.4077 0.0053 -0.0050 1.039054 3.074811 
1.814 0.37 -0.33 0.0721 -0.0201 -0.5948 -1.3619 0.0056 -0.0044 1.025967 3.074878 
1.838 0.28 -0.15 0.0577 -0.0129 -0.4555 -1.2811 0.0060 -0.0038 1.015498 3.074718 
1.862 0.41 0.04 0.0250 -0.0073 -0.2082 -1.1058 0.0061 -0.0036 1.012880 3.074696 
1.886 0.10 0.27 0.0292 -0.0051 -0.2210 -0.5632 0.0063 -0.0032 1.007645 3.074960 
1.910 0.07 -0.04 0.0107 0.0426 0.2055 0.6307 0.0065 -0.0029 1.012880 3.075075 
1.934 -0.14 0.41 0.0066 0.0267 0.1302 1.1249 0.0066 -0.0027 1.015498 3.074911 
1.958 -0.38 0.85 0.0047 0.0121 0.0479 1.2889 0.0068 -0.0026 1.018115 3.075025 
1.982 -0.05 0.39 -0.0445 0.0724 0.7539 1.3660 0.0069 -0.0024 1.036436 3.075222 
2.006 -0.35 0.60 -0.0416 0.0758 0.7572 1.4103 0.0071 -0.0020 1.052140 3.075102 
2.030 -0.72 0.48 -0.0325 0.1082 0.9076 1.4389 0.0075 -0.0013 1.073079 3.075053 
2.054 -0.41 0.66 -0.0798 0.1143 1.2524 1.4589 0.0076 -0.0010 1.099252 3.075082 
2.078 -0.74 0.80 -0.0739 0.1250 1.2830 1.4737 0.0078 -0.0006 1.130660 3.075099 
2.102 -0.59 0.77 -0.1083 0.1486 1.6570 1.4850 0.0081 -0.0000 1.169920 3.075093 
2.126 -0.43 0.81 -0.1433 0.1670 2.0015 1.4939 0.0082 0.0003 1.211797 3.075167 
2.150 -0.52 0.82 -0.1577 0.1878 2.2290 1.5012 0.0084 0.0009 1.261526 3.075220 
2.174 -0.72 0.95 -0.1625 0.1985 2.3292 1.5072 0.0085 0.0013 1.313872 3.075010 
2.198 -0.76 0.94 -0.1658 0.2218 2.5001 1.4940 0.0087 0.0019 1.374070 3.074931 
2.222 -0.73 0.90 -0.1494 0.2277 2.4329 1.4674 0.0088 0.0025 1.434268 3.075060 
2.246 -0.53 0.97 -0.1443 0.2218 2.3624 1.4379 0.0088 0.0033 1.491848 3.075061 
2.270 -0.47 0.86 -0.1274 0.2311 2.3130 1.4058 0.0089 0.0045 1.549429 3.075149 
2.294 -0.56 0.93 -0.0982 0.2246 2.0825 1.3711 0.0089 0.0059 1.599158 3.075244 
2.318 -0.51 0.88 -0.0802 0.2220 1.9496 1.3388 0.0088 0.0076 1.651504 3.075117 
2.342 -0.10 0.69 -0.0929 0.2161 1.9941 1.3131 0.0086 0.0092 1.698616 3.074959 
2.366 -0.50 0.72 -0.0377 0.1915 1.4788 1.2811 0.0084 0.0108 1.735259 3.074955 
2.390 -0.08 0.67 -0.0511 0.1747 1.4568 1.2404 0.0081 0.0124 1.771901 3.075001 
2.414 0.00 0.56 -0.0366 0.1619 1.2802 1.1870 0.0077 0.0140 1.803309 3.075114 
2.438 -0.01 0.53 -0.0137 0.1426 1.0085 1.1145 0.0073 0.0157 1.826866 3.075212 
2.462 0.18 0.46 -0.0076 0.1266 0.8659 1.0117 0.0069 0.0173 1.847804 3.075352 
2.486 0.41 0.37 -0.0052 0.1126 0.7604 0.8590 0.0065 0.0185 1.863509 3.075300 
2.510 0.55 0.36 0.0048 0.0913 0.5582 0.6241 0.0061 0.0198 1.876595 3.075161 
2.534 0.70 0.36 0.0138 0.0701 0.3633 0.2740 0.0058 0.0208 1.884447 3.075159 
2.558 0.39 0.23 0.0615 0.0594 -0.0132 -0.1567 0.0053 0.0223 1.884447 3.075145 
2.582 0.64 0.17 0.0624 0.0423 -0.1296 -0.5383 0.0049 0.0235 1.879213 3.075018 
2.606 0.36 0.19 0.1072 0.0192 -0.5677 -0.8032 0.0046 0.0247 1.868743 3.074991 
2.630 0.66 0.05 0.1042 0.0090 -0.6143 -0.9751 0.0042 0.0258 1.853039 3.075175 
2.654 0.81 -0.17 0.1129 0.0059 -0.6905 -1.0894 0.0038 0.0272 1.834718 3.075272 
2.678 0.93 -0.30 0.1248 -0.0048 -0.8363 -1.1690 0.0035 0.0286 1.811161 3.075110 
2.702 0.86 -0.32 0.1524 -0.0250 -1.1449 -1.2269 0.0031 0.0301 1.784988 3.075069 
2.726 0.79 -0.56 0.1798 -0.0230 -1.3087 -1.2615 0.0028 0.0317 1.753579 3.075134 
2.750 0.81 -0.31 0.2000 -0.0444 -1.5769 -1.2467 0.0025 0.0335 1.719554 3.075132 
2.774 0.84 -0.21 0.2100 -0.0365 -1.5903 -1.1995 0.0022 0.0355 1.682911 3.075058 
2.798 0.82 -0.08 0.2115 -0.0256 -1.5294 -1.1427 0.0020 0.0378 1.643651 3.075130 
2.822 0.85 0.05 0.2094 -0.0149 -1.4471 -1.0809 0.0019 0.0402 1.612243 3.075179 
2.846 0.87 0.23 0.2074 -0.0079 -1.3891 -1.0139 0.0018 0.0426 1.580835 3.075103 
2.870 0.82 0.32 0.2121 0.0063 -1.3274 -0.9417 0.0018 0.0455 1.549426 3.075058 
2.894 0.91 0.58 0.2047 0.0063 -1.2797 -0.8645 0.0019 0.0479 1.518018 3.075131 
2.918 0.81 0.54 0.2122 0.0311 -1.1684 -0.7828 0.0021 0.0509 1.489227 3.075155 
2.942 0.82 0.48 0.1935 0.0585 -0.8712 -0.6698 0.0024 0.0542 1.468288 3.075107 
2.966 0.64 0.59 0.1866 0.0707 -0.7475 -0.5270 0.0028 0.0572 1.449967 3.075186 
2.990 0.53 0.49 0.1739 0.1004 -0.4742 -0.3560 0.0031 0.0602 1.436880 3.075183 
3.014 0.74 0.69 0.1415 0.1062 -0.2283 -0.1887 0.0036 0.0634 1.426410 3.075166 
3.038 0.75 0.78 0.1349 0.1202 -0.0946 -0.0575 0.0040 0.0664 1.423793 3.075208 
3.062 0.71 0.81 0.1349 0.1393 0.0280 0.0539 0.0045 0.0698 1.421176 3.075171 
3.086 0.70 0.83 0.1355 0.1594 0.1541 0.1398 0.0050 0.0733 1.423793 3.075184 
3.110 0.66 0.80 0.1389 0.1833 0.2861 0.2155 0.0056 0.0773 1.429028 3.075220 
3.134 0.62 0.96 0.1427 0.1919 0.3173 0.2821 0.0062 0.0811 1.436880 3.075206 
3.158 0.66 0.94 0.1395 0.2152 0.4885 0.3406 0.0067 0.0851 1.447349 3.075155 
3.182 0.56 1.05 0.1479 0.2274 0.5129 0.3921 0.0072 0.0895 1.457819 3.075163 
3.206 0.64 1.11 0.1410 0.2443 0.6660 0.4376 0.0077 0.0942 1.476140 3.075204 
3.230 0.52 1.12 0.1512 0.2655 0.7372 0.4778 0.0081 0.0990 1.491844 3.075172 
3.254 0.56 1.12 0.1616 0.2842 0.7908 0.4650 0.0085 0.1041 1.510166 3.075105 
3.278 0.65 1.11 0.1759 0.2848 0.7030 0.3990 0.0087 0.1094 1.531105 3.075171 
3.302 0.92 1.11 0.1755 0.2851 0.7073 0.3340 0.0089 0.1150 1.546809 3.075236 
3.326 0.84 1.07 0.2035 0.2883 0.5467 0.2706 0.0090 0.1207 1.562513 3.075163 
3.350 0.99 1.08 0.2130 0.2875 0.4807 0.2092 0.0090 0.1268 1.572982 3.075105 
3.374 0.92 1.06 0.2404 0.2833 0.2763 0.1372 0.0090 0.1329 1.583452 3.075159 
3.398 0.97 1.02 0.2582 0.2794 0.1369 0.0630 0.0089 0.1394 1.588687 3.075146 
3.422 1.08 1.01 0.2702 0.2769 0.0433 0.0010 0.0088 0.1457 1.591304 3.075120 
3.446 1.08 1.00 0.2925 0.2778 -0.0948 -0.0499 0.0086 0.1523 1.588687 3.075031 
3.470 1.12 1.09 0.3105 0.2751 -0.2285 -0.0853 0.0085 0.1590 1.586069 3.075062 
3.494 1.19 1.00 0.3046 0.2876 -0.1097 -0.0734 0.0084 0.1661 1.583452 3.075153 
3.518 1.10 1.10 0.3054 0.2864 -0.1228 -0.0431 0.0083 0.1734 1.578217 3.075152 
3.542 1.14 1.20 0.2995 0.2802 -0.1251 -0.0319 0.0083 0.1803 1.578217 3.075212 
3.566 1.06 1.14 0.3049 0.2867 -0.1177 -0.0279 0.0082 0.1874 1.575600 3.075242 
3.590 1.17 1.08 0.2926 0.2946 0.0127 -0.0127 0.0082 0.1945 1.572982 3.075188 
3.614 1.07 1.12 0.2996 0.2929 -0.0432 -0.0046 0.0082 0.2016 1.570365 3.075122 
3.638 1.10 1.20 0.2955 0.2876 -0.0505 -0.0005 0.0082 0.2085 1.570365 3.075079 
3.662 1.15 1.04 0.2928 0.2998 0.0454 -0.0056 0.0082 0.2156 1.572982 3.074948 
3.686 1.02 1.09 0.3022 0.2973 -0.0312 0.0025 0.0082 0.2227 1.570365 3.074944 
3.710 1.10 1.16 0.2963 0.2903 -0.0384 -0.0016 0.0082 0.2298 1.572982 3.074956 
3.734 1.12 1.12 0.2936 0.2950 0.0091 0.0025 0.0082 0.2369 1.570365 3.074981 
3.758 1.10 1.15 0.2951 0.2923 -0.0180 0.0025 0.0082 0.2438 1.570365 3.075065 
3.782 1.10 1.08 0.2948 0.2983 0.0222 0.0025 0.0082 0.2511 1.570365 3.075029 
3.806 1.09 1.04 0.2971 0.3000 0.0188 -0.0016 0.0082 0.2580 1.570365 3.074970 
3.830 1.06 1.16 0.2994 0.2905 -0.0579 -0.0016 0.0082 0.2651 1.572982 3.074982 
3.854 1.19 1.13 0.2880 0.2942 0.0396 0.0025 0.0082 0.2722 1.570365 3.074922 
3.878 1.15 1.10 0.2925 0.2946 0.0132 -0.0056 0.0082 0.2793 1.572982 3.074950 
3.902 1.12 1.19 0.2931 0.2890 -0.0268 0.0025 0.0082 0.2864 1.570365 3.075054 
3.926 1.11 1.10 0.2946 0.2962 0.0103 0.0025 0.0082 0.2933 1.570365 3.075074 
3.950 1.00 1.09 0.3032 0.2972 -0.0388 0.0025 0.0082 0.3006 1.570365 3.075054 
3.974 1.09 1.20 0.2964 0.2880 -0.0543 0.0025 0.0082 0.3075 1.570365 3.075103 
3.998 1.13 1.13 0.2928 0.2936 0.0056 0.0025 0.0082 0.3148 1.570365 3.075053 
4.022 1.10 1.12 0.2953 0.2948 -0.0035 0.0025 0.0082 0.3217 1.570365 3.075031 
4.046 1.11 1.05 0.2951 0.2994 0.0278 -0.0016 0.0082 0.3288 1.572982 3.075028 
4.070 1.08 1.03 0.2978 0.3012 0.0222 -0.0016 0.0082 0.3359 1.570365 3.075013 
4.094 1.06 1.19 0.2994 0.2882 -0.0717 -0.0016 0.0082 0.3430 1.572982 3.074967 
4.118 1.17 1.10 0.2895 0.2960 0.0417 0.0025 0.0082 0.3501 1.570365 3.074966 
4.142 1.13 1.11 0.2936 0.2945 0.0056 -0.0016 0.0082 0.3572 1.572982 3.075001 
4.166 1.11 1.18 0.2945 0.2898 -0.0301 0.0025 0.0082 0.3643 1.570365 3.075023 
4.190 1.12 1.08 0.2933 0.2983 0.0322 0.0025 0.0082 0.3712 1.570365 3.074900 
4.214 1.00 1.09 0.3031 0.2969 -0.0404 0.0025 0.0082 0.3785 1.570365 3.074847 
4.238 1.09 1.24 0.2957 0.2849 -0.0701 0.0025 0.0082 0.3854 1.570365 3.074785 
4.262 1.15 1.10 0.2910 0.2960 0.0320 0.0025 0.0082 0.3927 1.570365 3.074653 
4.286 1.11 1.15 0.2940 0.2922 -0.0117 0.0025 0.0082 0.3996 1.570365 3.074782 
4.310 1.12 1.11 0.2946 0.2949 0.0021 -0.0016 0.0082 0.4067 1.572982 3.074872 
4.334 1.07 1.09 0.2980 0.2974 -0.0034 0.0025 0.0082 0.4138 1.570365 3.074905 
4.358 1.11 1.19 0.2950 0.2883 -0.0429 -0.0016 0.0082 0.4209 1.572982 3.075074 
4.382 1.17 1.12 0.2893 0.2947 0.0345 0.0025 0.0082 0.4280 1.570365 3.075009 
4.406 1.16 1.10 0.2899 0.2963 0.0414 0.0025 0.0082 0.4349 1.570365 3.074744 
4.430 1.15 1.18 0.2919 0.2892 -0.0174 -0.0016 0.0082 0.4420 1.572982 3.074639 
4.454 1.12 1.09 0.2934 0.2972 0.0246 0.0025 0.0082 0.4491 1.570365 3.074730 
4.478 1.06 1.11 0.2995 0.2945 -0.0323 -0.0016 0.0082 0.4562 1.572982 3.074828 
4.502 1.11 1.19 0.2944 0.2887 -0.0372 0.0025 0.0082 0.4633 1.570365 3.074922 
4.526 1.18 1.09 0.2907 0.2957 0.0321 -0.0056 0.0082 0.4704 1.572982 3.075146 
4.550 1.12 1.11 0.2936 0.2953 0.0112 0.0025 0.0082 0.4775 1.570365 3.075221 
4.574 1.09 1.14 0.2958 0.2929 -0.0184 0.0025 0.0081 0.4844 1.570365 3.075023 
4.598 1.13 1.04 0.2936 0.3008 0.0463 -0.0016 0.0081 0.4915 1.572982 3.074922 
4.622 1.05 1.10 0.2994 0.2961 -0.0216 0.0025 0.0081 0.4986 1.570365 3.075097 
4.646 1.12 1.09 0.2945 0.2959 0.0092 -0.0016 0.0081 0.5057 1.572982 3.075025 
4.670 1.13 1.08 0.2933 0.2973 0.0257 -0.0016 0.0081 0.5128 1.570365 3.075000 
4.694 1.11 1.17 0.2956 0.2893 -0.0412 -0.0016 0.0081 0.5199 1.572982 3.075186 
4.718 1.12 1.08 0.2939 0.2978 0.0249 0.0025 0.0081 0.5270 1.570365 3.075177 
4.742 1.06 1.07 0.2996 0.2978 -0.0115 -0.0016 0.0081 0.5341 1.572982 3.074959 
4.766 1.09 1.19 0.2959 0.2889 -0.0454 0.0025 0.0081 0.5412 1.570365 3.075079 
4.790 1.17 1.08 0.2904 0.2970 0.0427 -0.0016 0.0081 0.5483 1.572982 3.075134 
4.814 1.11 1.11 0.2941 0.2952 0.0069 0.0025 0.0081 0.5554 1.570365 3.074946 
4.838 1.10 1.14 0.2953 0.2934 -0.0126 0.0025 0.0081 0.5623 1.570365 3.075013 
4.862 1.11 1.04 0.2942 0.3013 0.0456 0.0025 0.0081 0.5696 1.570365 3.075146 
4.886 1.05 1.10 0.2990 0.2960 -0.0195 0.0025 0.0081 0.5765 1.570365 3.075126 
4.910 1.13 1.10 0.2940 0.2955 0.0101 -0.0016 0.0081 0.5836 1.572982 3.075087 
4.934 1.18 1.11 0.2890 0.2954 0.0409 0.0025 0.0081 0.5907 1.570365 3.075159 
4.958 1.09 1.16 0.2960 0.2916 -0.0287 0.0025 0.0081 0.5976 1.570365 3.075217 
4.982 1.11 1.09 0.2944 0.2974 0.0188 0.0025 0.0081 0.6049 1.570365 3.075101 
5.006 1.05 1.08 0.2997 0.2984 -0.0087 0.0025 0.0081 0.6118 1.570365 3.075082 
5.030 1.03 1.20 0.3016 0.2875 -0.0911 -0.0016 0.0081 0.6189 1.572982 3.075183 
5.054 1.16 1.12 0.2900 0.2948 0.0309 0.0025 0.0081 0.6260 1.570365 3.075105 
5.078 1.20 1.09 0.2879 0.2959 0.0513 -0.0016 0.0081 0.6331 1.572982 3.075124 
5.102 1.11 1.13 0.2944 0.2941 -0.0022 0.0025 0.0081 0.6402 1.570365 3.075200 
5.126 1.20 1.02 0.2884 0.3014 0.0839 -0.0056 0.0081 0.6473 1.572982 3.075131 
5.150 1.05 1.10 0.2997 0.2966 -0.0204 0.0025 0.0081 0.6544 1.570365 3.075011 
5.174 1.13 1.13 0.2947 0.2918 -0.0185 -0.0056 0.0081 0.6615 1.572982 3.074976 
5.198 1.17 1.11 0.2908 0.2948 0.0263 -0.0016 0.0081 0.6684 1.572982 3.074962 
5.222 1.09 1.15 0.2958 0.2923 -0.0227 0.0025 0.0081 0.6755 1.570365 3.075032 
5.246 1.11 1.08 0.2949 0.2975 0.0168 -0.0016 0.0081 0.6826 1.572982 3.075095 
5.270 1.04 1.09 0.3005 0.2969 -0.0232 0.0025 0.0081 0.6897 1.570365 3.075145 
5.294 1.03 1.18 0.3017 0.2891 -0.0815 -0.0016 0.0081 0.6968 1.572982 3.075079 
5.318 1.07 1.11 0.2840 0.2952 0.0725 0.0336 0.0081 0.7039 1.570365 3.075041 
5.342 0.99 1.10 0.2689 0.2964 0.1774 0.0855 0.0081 0.7108 1.575600 3.075139 
5.366 0.94 1.12 0.2517 0.2949 0.2788 0.1400 0.0080 0.7174 1.578217 3.075183 
5.390 0.82 1.05 0.2395 0.3002 0.3911 0.1970 0.0080 0.7241 1.586069 3.075189 
5.414 0.73 1.11 0.2256 0.2958 0.4532 0.2563 0.0078 0.7302 1.596539 3.075209 
5.438 0.78 1.09 0.1998 0.2971 0.6279 0.3175 0.0076 0.7365 1.609625 3.075237 
5.462 0.63 1.11 0.1906 0.2957 0.6785 0.3803 0.0074 0.7422 1.625330 3.075192 
5.486 0.62 1.18 0.1700 0.2894 0.7699 0.4443 0.0070 0.7481 1.643651 3.075182 
5.510 0.67 1.09 0.1438 0.2974 0.9908 0.5089 0.0066 0.7533 1.664590 3.075194 
5.534 0.67 1.09 0.1220 0.2970 1.1294 0.5736 0.0060 0.7586 1.690764 3.075154 
5.558 0.60 1.17 0.1064 0.2908 1.1899 0.6379 0.0053 0.7636 1.714320 3.075115 
5.582 0.41 1.09 0.1005 0.2972 1.2687 0.7012 0.0046 0.7684 1.745728 3.075122 
5.606 0.15 1.13 0.1005 0.2936 1.2457 0.7631 0.0037 0.7730 1.774519 3.075139 
5.630 0.51 1.06 0.0488 0.2996 1.6178 0.8231 0.0027 0.7771 1.813779 3.075114 
5.654 0.11 1.05 0.0602 0.3006 1.5510 0.8810 0.0016 0.7812 1.847805 3.075094 
5.678 0.10 1.18 0.0391 0.2901 1.6191 0.9365 0.0005 0.7851 1.889683 3.075078 
5.702 0.17 1.11 0.0119 0.2957 1.8310 0.9894 -0.0007 0.7884 1.934178 3.075082 
5.726 0.15 1.15 -0.0084 0.2926 1.9416 1.0396 -0.0020 0.7916 1.983908 3.075171 
5.750 -0.11 1.15 -0.0084 0.2923 1.9400 1.0871 -0.0034 0.7947 2.028403 3.075214 
5.774 -0.39 1.06 -0.0068 0.2997 1.9778 1.1319 -0.0051 0.7979 2.075515 3.075164 
5.798 -0.65 1.08 -0.0062 0.2983 1.9642 1.1741 -0.0068 0.8007 2.122627 3.075078 
5.822 -0.40 1.11 -0.0488 0.2954 2.2204 1.2137 -0.0084 0.8033 2.177592 3.075056 
5.846 -0.31 1.10 -0.0783 0.2960 2.4147 1.2508 -0.0100 0.8054 2.232557 3.075090 
5.870 -0.75 1.11 -0.0631 0.2952 2.3113 1.2857 -0.0118 0.8076 2.290138 3.075162 
5.894 -0.63 1.01 -0.0951 0.3041 2.5754 1.3183 -0.0135 0.8094 2.352955 3.075192 
5.918 -0.42 1.10 -0.1336 0.2965 2.7748 1.3489 -0.0149 0.8108 2.415772 3.075180 
5.942 -0.53 1.14 -0.1467 0.2933 2.8390 1.3776 -0.0167 0.8122 2.481206 3.075201 
5.966 -0.58 1.07 -0.1638 0.2991 2.9858 1.4046 -0.0180 0.8131 2.549257 3.075149 
5.990 -0.72 1.14 -0.1737 0.2929 3.0104 1.4298 -0.0195 0.8141 2.619926 3.075113 
6.014 -0.88 1.13 -0.1823 0.2935 3.0693 1.4535 -0.0206 0.8147 2.693212 3.075143 
6.038 -0.84 1.09 -0.2079 0.2975 3.2603 1.4758 -0.0219 0.8152 2.769115 3.075063 
6.062 -1.00 1.18 -0.2160 0.2900 3.2646 1.4968 -0.0227 0.8155 2.847636 3.075123 
6.086 -0.86 1.09 -0.2189 0.2975 3.3311 1.4882 -0.0236 0.8158 2.928774 3.075146 
6.110 -0.78 1.10 -0.2034 0.2966 3.2252 1.4667 -0.0244 0.8159 3.007295 3.075157 
6.134 -0.68 1.09 -0.1906 0.2974 3.1483 1.4438 -0.0257 0.8160 3.085816 3.075141 
6.158 -0.73 0.95 -0.1642 0.3032 3.0157 1.4232 -0.0271 0.8160 -3.126701 3.075155 
6.182 -0.61 0.96 -0.1526 0.2807 2.7956 1.4120 -0.0285 0.8160 -3.056032 3.075138 
6.206 -0.53 0.89 -0.1372 0.2649 2.5947 1.3990 -0.0301 0.8158 -2.993216 3.075064 
6.230 -0.47 0.77 -0.1213 0.2530 2.4148 1.3838 -0.0315 0.8155 -2.933016 3.075083 
6.254 -0.55 0.83 -0.0925 0.2264 2.0571 1.3656 -0.0331 0.8152 -2.880669 3.075139 
6.278 -0.50 0.79 -0.0747 0.2083 1.8259 1.3435 -0.0344 0.8148 -2.830939 3.075176 
6.302 -0.12 0.71 -0.0848 0.1934 1.7945 1.3163 -0.0360 0.8142 -2.789062 3.075179 
6.326 -0.52 0.69 -0.0299 0.1728 1.3073 1.2818 -0.0375 0.8137 -2.752419 3.075167 
6.350 -0.38 0.64 -0.0203 0.1556 1.1346 1.2369 -0.0390 0.8130 -2.726245 3.075156 
6.374 -0.10 0.56 -0.0217 0.1406 1.0474 1.1764 -0.0405 0.8123 -2.700071 3.075106 
6.398 0.01 0.49 -0.0095 0.1246 0.8653 1.0912 -0.0419 0.8116 -2.679132 3.075088 
6.422 0.23 0.55 -0.0061 0.0978 0.6705 0.9647 -0.0432 0.8110 -2.660811 3.075113 
6.446 0.36 0.31 0.0050 0.0963 0.5890 0.7663 -0.0443 0.8104 -2.650342 3.075123 
6.470 0.16 0.22 0.0432 0.0821 0.2510 0.4495 -0.0457 0.8097 -2.645107 3.075154 
6.494 0.62 0.40 0.0266 0.0458 0.1240 0.0023 -0.0466 0.8092 -2.637255 3.075194 
6.518 0.34 0.20 0.0722 0.0408 -0.2024 -0.4457 -0.0475 0.8087 -2.639872 3.075196 
6.542 0.39 0.14 0.0896 0.0236 -0.4262 -0.7639 -0.0487 0.8080 -2.647724 3.075163 
6.566 0.39 -0.03 0.1109 0.0159 -0.6125 -0.9632 -0.0496 0.8075 -2.660811 3.075096 
6.590 0.86 -0.19 0.0940 0.0082 -0.5535 -1.0902 -0.0507 0.8070 -2.676515 3.075104 
6.614 0.83 -0.42 0.1176 0.0055 -0.7229 -1.1758 -0.0522 0.8063 -2.697454 3.075154 
6.638 0.90 -0.36 0.1336 -0.0210 -0.9977 -1.2364 -0.0533 0.8058 -2.723628 3.075153 
6.662 0.87 -0.39 0.1583 -0.0410 -1.2858 -1.2814 -0.0546 0.8052 -2.752419 3.075178 
6.686 0.77 -0.42 0.1878 -0.0593 -1.5942 -1.3160 -0.0561 0.8046 -2.789062 3.075172 
6.710 0.91 -0.51 0.1977 -0.0741 -1.7540 -1.3433 -0.0574 0.8041 -2.828322 3.075131 
6.734 0.90 -0.58 0.2210 -0.0896 -2.0041 -1.3654 -0.0590 0.8037 -2.875434 3.075150 
6.758 1.02 -0.65 0.2324 -0.1061 -2.1840 -1.3836 -0.0605 0.8033 -2.922547 3.075164 
6.782 1.02 -0.53 0.2447 -0.1070 -2.2694 -1.3601 -0.0621 0.8030 -2.980129 3.075146 
6.806 0.97 -0.51 0.2493 -0.0864 -2.1662 -1.3247 -0.0639 0.8027 -3.035093 3.075130 
6.830 0.91 -0.26 0.2544 -0.0859 -2.1951 -1.2866 -0.0658 0.8026 -3.084823 3.075148 
6.854 0.99 -0.38 0.2475 -0.0539 -1.9446 -1.2455 -0.0682 0.8025 -3.131936 3.075137 
6.878 0.97 -0.16 0.2489 -0.0508 -1.9331 -1.2011 -0.0706 0.8026 3.104137 3.075066 
6.902 0.86 -0.11 0.2391 -0.0331 -1.7556 -1.1592 -0.0733 0.8027 3.059642 3.075092 
6.926 0.80 -0.11 0.2224 -0.0112 -1.5068 -1.1090 -0.0759 0.8030 3.025616 3.075108 
6.950 0.71 0.09 0.2084 -0.0067 -1.3877 -1.0462 -0.0785 0.8033 2.991591 3.075057 
6.974 0.73 0.33 0.1847 -0.0048 -1.2230 -0.9659 -0.0807 0.8037 2.962800 3.075044 
6.998 0.69 0.48 0.1663 0.0044 -1.0446 -0.8615 -0.0831 0.8042 2.936626 3.075124 
7.022 0.55 0.50 0.1562 0.0243 -0.8513 -0.7236 -0.0853 0.8046 2.918305 3.075068 
7.046 0.44 0.33 0.1443 0.0604 -0.5414 -0.5419 -0.0876 0.8052 2.902601 3.075088 
7.070 0.41 0.51 0.1252 0.0670 -0.3756 -0.3102 -0.0896 0.8057 2.892131 3.075209 
7.094 0.52 0.49 0.0938 0.0904 -0.0221 -0.0390 -0.0918 0.8062 2.889514 3.075199 
7.118 0.58 0.70 0.0675 0.0944 0.1734 0.2379 -0.0939 0.8068 2.886896 3.075138 
7.142 0.12 0.62 0.0842 0.1231 0.2511 0.4826 -0.0961 0.8074 2.894748 3.075168 
7.166 0.46 0.71 0.0340 0.1372 0.6653 0.6780 -0.0981 0.8078 2.905218 3.075181 
7.190 0.38 0.68 0.0191 0.1613 0.9170 0.8270 -0.1000 0.8083 2.926157 3.075158 
7.214 0.10 0.88 0.0200 0.1667 0.9463 0.9397 -0.1022 0.8087 2.949713 3.075165 
7.238 0.19 0.87 0.0119 0.1888 1.1414 0.9526 -0.1046 0.8092 2.975887 3.075218 
7.262 0.19 0.85 0.0119 0.2123 1.2932 0.9604 -0.1068 0.8095 3.004678 3.075181 
7.286 0.04 0.98 0.0272 0.2233 1.2653 0.9586 -0.1098 0.8099 3.033468 3.075145 
7.310 0.34 0.93 0.0242 0.2307 1.3322 0.8909 -0.1129 0.8102 3.067494 3.075135 
7.334 0.75 0.86 0.0114 0.2363 1.4512 0.8182 -0.1157 0.8103 3.098902 3.075140 
7.358 0.39 0.99 0.0630 0.2258 1.0506 0.7421 -0.1192 0.8104 3.127693 3.075134 
7.382 0.32 0.92 0.0911 0.2321 0.9095 0.6634 -0.1230 0.8104 -3.131936 3.075136 
7.406 0.40 0.93 0.1061 0.2310 0.8064 0.5828 -0.1267 0.8104 -3.110997 3.075162 
7.430 0.74 0.87 0.0989 0.2357 0.8831 0.5015 -0.1307 0.8102 -3.090058 3.075147 
7.454 0.76 0.86 0.1193 0.2299 0.7136 0.4042 -0.1350 0.8099 -3.071736 3.075145 
7.478 0.83 0.86 0.1346 0.2123 0.5013 0.2767 -0.1394 0.8096 -3.061267 3.075079 
7.502 0.86 0.83 0.1543 0.2031 0.3144 0.1621 -0.1437 0.8092 -3.053415 3.075069 
7.526 0.83 0.85 0.1786 0.1955 0.1092 0.0651 -0.1481 0.8088 -3.048180 3.075025 
7.550 0.80 0.80 0.2025 0.1970 -0.0358 -0.0191 -0.1527 0.8084 -3.045563 3.074975 
7.574 0.99 0.80 0.2083 0.1970 -0.0726 -0.0863 -0.1576 0.8079 -3.045563 3.075013 
7.598 1.04 0.81 0.2263 0.1955 -0.1988 -0.1478 -0.1626 0.8075 -3.053415 3.075033 
7.622 0.93 0.80 0.2569 0.1972 -0.3854 -0.2038 -0.1679 0.8070 -3.058650 3.075019 
7.646 1.01 0.78 0.2716 0.1987 -0.4704 -0.2548 -0.1732 0.8066 -3.069119 3.075009 
7.670 1.11 0.75 0.2848 0.2013 -0.5390 -0.3011 -0.1788 0.8062 -3.079588 3.075055 
7.694 1.19 0.90 0.3001 0.1984 -0.6562 -0.3155 -0.1849 0.8059 -3.095293 3.075046 
7.718 1.14 0.87 0.3081 0.2229 -0.5499 -0.2632 -0.1910 0.8057 -3.110997 3.074974 
7.742 1.15 0.98 0.3076 0.2354 -0.4653 -0.2059 -0.1973 0.8055 -3.124084 3.074974 
7.766 1.08 1.04 0.3093 0.2516 -0.3723 -0.1421 -0.2040 0.8054 -3.131936 3.075079 
7.790 1.09 1.16 0.2980 0.2637 -0.2215 -0.0667 -0.2107 0.8054 -3.139788 3.075078 
7.814 1.12 1.16 0.2931 0.2850 -0.0521 -0.0103 -0.2178 0.8054 3.140780 3.075055 
7.838 1.10 1.10 0.2938 0.2971 0.0212 0.0062 -0.2246 0.8054 3.140780 3.075064 
7.862 1.10 1.13 0.2935 0.2952 0.0113 0.0088 -0.2317 0.8054 3.138163 3.075089 
7.886 1.05 1.07 0.2989 0.2994 0.0038 0.0047 -0.2388 0.8054 3.140780 3.075015 
7.910 1.03 1.14 0.3007 0.2933 -0.0477 0.0047 -0.2457 0.8054 3.140780 3.074969 
7.934 1.16 1.16 0.2899 0.2919 0.0131 0.0047 -0.2530 0.8055 3.140780 3.075067 
7.958 1.15 1.09 0.2905 0.2975 0.0455 0.0047 -0.2599 0.8055 3.140780 3.075096 
7.982 1.11 1.16 0.2937 0.2922 -0.0097 0.0047 -0.2672 0.8055 3.140780 3.075070 
8.006 1.13 1.13 0.2920 0.2944 0.0155 0.0047 -0.2741 0.8055 3.140780 3.075122 
8.030 1.08 1.14 0.2975 0.2930 -0.0290 0.0007 -0.2812 0.8055 -3.139788 3.075098 
8.054 1.11 1.14 0.2937 0.2935 -0.0014 0.0047 -0.2883 0.8055 3.140780 3.075007 
8.078 1.19 1.06 0.2895 0.2986 0.0588 -0.0034 -0.2954 0.8055 -3.139788 3.075053 
8.102 1.09 1.11 0.2955 0.2964 0.0054 0.0047 -0.3025 0.8055 3.140780 3.075107 
8.126 1.17 1.08 0.2906 0.2969 0.0403 -0.0034 -0.3096 0.8055 -3.139788 3.075096 
8.150 1.17 1.01 0.2904 0.3024 0.0773 -0.0034 -0.3165 0.8055 -3.139788 3.075125 
8.174 1.02 1.14 0.3014 0.2939 -0.0483 0.0047 -0.3236 0.8055 3.140780 3.075089 
8.198 1.10 1.13 0.2960 0.2937 -0.0145 0.0007 -0.3307 0.8055 -3.139788 3.075057 
8.222 1.15 1.09 0.2927 0.2961 0.0215 -0.0034 -0.3378 0.8055 3.140780 3.075044 
8.246 1.12 1.14 0.2959 0.2912 -0.0299 -0.0064 -0.3449 0.8055 -3.139788 3.074995 
8.270 1.12 1.12 0.2933 0.2948 0.0096 0.0047 -0.3520 0.8055 3.140780 3.075014 
8.294 1.08 1.07 0.2995 0.2956 -0.0254 -0.0105 -0.3591 0.8055 -3.139788 3.075057 
8.318 1.10 1.16 0.2945 0.2922 -0.0146 0.0047 -0.3662 0.8055 3.140780 3.075109 
8.342 1.18 1.05 0.2896 0.2988 0.0591 -0.0034 -0.3733 0.8055 -3.139788 3.075139 
8.366 1.07 1.14 0.2970 0.2936 -0.0223 0.0047 -0.3804 0.8055 3.140780 3.075078 
8.390 1.11 1.15 0.2936 0.2930 -0.0044 0.0047 -0.3873 0.8055 3.140780 3.074991 
8.414 1.04 1.02 0.2994 0.3034 0.0257 0.0047 -0.3946 0.8055 3.140780 3.074946 
8.438 1.02 1.14 0.3022 0.2927 -0.0616 0.0007 -0.4015 0.8054 3.140780 3.075015 
8.462 1.13 1.17 0.2919 0.2912 -0.0046 0.0047 -0.4088 0.8054 3.140780 3.075003 
8.486 1.14 1.10 0.2917 0.2964 0.0302 0.0047 -0.4157 0.8054 3.140780 3.074944 
8.510 1.13 1.17 0.2934 0.2904 -0.0196 0.0007 -0.4228 0.8054 -3.139788 3.075006 
8.534 1.12 1.13 0.2934 0.2945 0.0072 0.0047 -0.4299 0.8055 3.140780 3.075016 
8.558 1.07 1.10 0.2980 0.2959 -0.0140 0.0007 -0.4370 0.8055 -3.139788 3.074990 
8.582 1.11 1.17 0.2935 0.2911 -0.0158 0.0047 -0.4441 0.8055 3.140780 3.075004 
8.606 1.21 1.06 0.2871 0.2984 0.0726 -0.0034 -0.4512 0.8054 -3.139788 3.074997 
8.630 1.08 1.11 0.2965 0.2956 -0.0059 0.0047 -0.4583 0.8054 3.140780 3.074994 
8.654 1.10 1.14 0.2944 0.2932 -0.0083 0.0047 -0.4652 0.8054 3.140780 3.075106 
8.678 1.04 1.03 0.3000 0.3028 0.0181 0.0047 -0.4725 0.8054 3.140780 3.075049 
8.702 1.09 1.12 0.2970 0.2933 -0.0238 -0.0034 -0.4794 0.8054 3.140780 3.074992 
8.726 1.08 1.14 0.2988 0.2907 -0.0522 -0.0064 -0.4865 0.8054 -3.139788 3.074998 
8.750 1.14 1.07 0.2926 0.2982 0.0363 0.0007 -0.4936 0.8054 3.140780 3.075011 
8.774 1.11 1.16 0.2954 0.2902 -0.0335 -0.0034 -0.5007 0.8054 -3.139788 3.074924 
8.798 1.11 1.14 0.2941 0.2938 -0.0017 0.0047 -0.5078 0.8054 3.140780 3.074978 
8.822 1.08 1.09 0.2981 0.2959 -0.0143 -0.0034 -0.5149 0.8054 -3.139788 3.075058 
8.846 1.10 1.20 0.2950 0.2888 -0.0395 0.0047 -0.5220 0.8054 3.140780 3.074978 
8.870 1.18 1.06 0.2900 0.2985 0.0549 -0.0034 -0.5291 0.8054 -3.139788 3.074917 
8.894 1.08 1.12 0.2963 0.2948 -0.0097 0.0047 -0.5362 0.8054 3.140780 3.074975 
8.918 1.12 1.11 0.2946 0.2940 -0.0041 -0.0034 -0.5433 0.8054 -3.139788 3.075010 
8.942 1.04 1.03 0.2994 0.3027 0.0208 0.0047 -0.5504 0.8054 3.140780 3.074988 
8.966 1.02 1.15 0.3031 0.2907 -0.0798 -0.0024 -0.5573 0.8054 3.140780 3.074981 
8.990 1.10 1.12 0.2963 0.2930 -0.0209 -0.0034 -0.5644 0.8054 -3.139788 3.075041 
9.014 1.12 1.12 0.2934 0.2952 0.0116 0.0047 -0.5715 0.8054 3.140780 3.075029 
9.038 1.12 1.17 0.2936 0.2902 -0.0222 0.0007 -0.5786 0.8054 -3.139788 3.074986 
9.062 1.11 1.13 0.2937 0.2946 0.0054 0.0047 -0.5857 0.8054 3.140780 3.075002 
9.086 1.08 1.09 0.2976 0.2965 -0.0077 0.0007 -0.5928 0.8054 -3.139788 3.074995 
9.110 0.99 1.19 0.2836 0.2894 0.0374 0.0507 -0.5999 0.8054 3.140780 3.075024 
9.134 0.90 1.08 0.2697 0.2986 0.1861 0.1034 -0.6068 0.8054 -3.137170 3.075053 
9.158 0.80 1.12 0.2563 0.2948 0.2489 0.1587 -0.6133 0.8053 -3.131936 3.075092 
9.182 0.80 1.11 0.2344 0.2960 0.3975 0.2164 -0.6198 0.8053 -3.121466 3.075098 
9.206 0.77 1.01 0.2156 0.3044 0.5728 0.2763 -0.6261 0.8051 -3.113614 3.075157 
9.230 0.60 1.20 0.2080 0.2886 0.5201 0.3380 -0.6321 0.8049 -3.097910 3.075070 
9.254 0.72 1.13 0.1765 0.2944 0.7609 0.4012 -0.6378 0.8046 -3.082206 3.075102 
9.278 0.59 1.15 0.1655 0.2931 0.8229 0.4654 -0.6435 0.8042 -3.061267 3.075100 
9.302 0.43 1.14 0.1568 0.2936 0.8823 0.5300 -0.6487 0.8037 -3.040328 3.074954 
9.326 0.38 1.04 0.1399 0.3016 1.0429 0.5945 -0.6540 0.8031 -3.014154 3.075145 
9.350 0.29 1.13 0.1254 0.2944 1.0905 0.6585 -0.6590 0.8024 -2.990598 3.075160 
9.374 0.52 1.10 0.0843 0.2964 1.3685 0.7213 -0.6636 0.8016 -2.956573 3.075109 
9.398 0.40 1.08 0.0728 0.2987 1.4579 0.7826 -0.6682 0.8007 -2.922547 3.075097 
9.422 0.09 1.14 0.0770 0.2935 1.3966 0.8419 -0.6723 0.7997 -2.888521 3.075171 
9.446 0.24 1.03 0.0428 0.3028 1.6776 0.8990 -0.6764 0.7986 -2.849261 3.075083 
9.470 0.35 1.04 0.0121 0.3019 1.8695 0.9536 -0.6797 0.7975 -2.804766 3.074979 
9.494 0.15 1.18 0.0071 0.2905 1.8290 1.0055 -0.6831 0.7962 -2.757653 3.075096 
9.518 0.04 1.08 -0.0053 0.2983 1.9582 1.0548 -0.6861 0.7950 -2.710541 3.075171 
9.542 -0.23 1.12 -0.0053 0.2947 1.9354 1.1014 -0.6894 0.7934 -2.663428 3.075044 
9.566 -0.48 1.05 -0.0053 0.3014 1.9781 1.1453 -0.6926 0.7916 -2.616316 3.075075 
9.590 -0.56 1.11 -0.0210 0.2961 2.0460 1.1866 -0.6952 0.7900 -2.566586 3.075119 
9.614 -0.35 1.10 -0.0595 0.2964 2.2963 1.2254 -0.6977 0.7883 -2.511621 3.075013 
9.638 -0.33 1.07 -0.0837 0.2994 2.4719 1.2618 -0.6998 0.7867 -2.456657 3.074965 
9.662 -0.43 1.12 -0.0967 0.2953 2.5290 1.2959 -0.7017 0.7850 -2.396458 3.075043 
9.686 -0.82 1.07 -0.0859 0.2991 2.4832 1.3279 -0.7035 0.7833 -2.338876 3.075005 
9.710 -0.68 1.13 -0.1197 0.2946 2.6725 1.3579 -0.7048 0.7817 -2.270824 3.075007 
9.734 -0.77 1.12 -0.1335 0.2949 2.7634 1.3860 -0.7060 0.7803 -2.205390 3.075073 
9.758 -0.73 1.08 -0.1588 0.2989 2.9527 1.4123 -0.7071 0.7786 -2.137339 3.075097 
9.782 -0.92 1.13 -0.1646 0.2943 2.9608 1.4371 -0.7079 0.7774 -2.066670 3.075017 
9.806 -0.74 1.12 -0.2012 0.2950 3.2011 1.4604 -0.7085 0.7761 -1.990767 3.074981 
9.830 -0.90 1.05 -0.2091 0.3010 3.2909 1.4822 -0.7089 0.7752 -1.914866 3.074989 
9.854 -0.84 1.17 -0.2323 0.2913 3.3784 1.4995 -0.7092 0.7742 -1.833731 3.075014 
9.878 -0.89 1.10 -0.2069 0.2969 3.2502 1.4787 -0.7093 0.7734 -1.755213 3.074941 
9.902 -0.74 1.10 -0.1973 0.2965 3.1858 1.4566 -0.7095 0.7724 -1.674078 3.074958 
9.926 -0.79 1.10 -0.1714 0.2970 3.0222 1.4331 -0.7096 0.7710 -1.598176 3.075005 
9.950 -0.55 0.92 -0.1700 0.2982 3.0204 1.4172 -0.7096 0.7696 -1.527509 3.074972 
9.974 -0.40 0.93 -0.1605 0.2761 2.8162 1.4053 -0.7094 0.7680 -1.459460 3.074965 
9.998 -0.33 0.82 -0.1447 0.2634 2.6327 1.3913 -0.7092 0.7666 -1.399262 3.074983 
10.022 -0.27 0.80 -0.1278 0.2429 2.3912 1.3748 -0.7089 0.7650 -1.341682 3.075008 
10.046 -0.43 0.80 -0.0933 0.2216 2.0317 1.3550 -0.7085 0.7634 -1.289336 3.075035 
10.070 -0.51 0.72 -0.0644 0.2062 1.7455 1.3309 -0.7081 0.7621 -1.244841 3.075053 
10.094 -0.11 0.70 -0.0762 0.1863 1.6938 1.3008 -0.7075 0.7605 -1.202964 3.075088 
10.118 -0.42 0.60 -0.0284 0.1728 1.2975 1.2623 -0.7069 0.7590 -1.171556 3.075091 
10.142 -0.37 0.54 -0.0112 0.1560 1.0790 1.2116 -0.7062 0.7574 -1.142765 3.075060 
10.166 -0.11 0.52 -0.0112 0.1366 0.9540 1.1422 -0.7055 0.7559 -1.121826 3.075041 
10.190 -0.14 0.49 0.0129 0.1173 0.6736 1.0427 -0.7047 0.7543 -1.103504 3.075099 
10.214 0.15 0.28 0.0105 0.1133 0.6631 0.8919 -0.7041 0.7530 -1.090418 3.075114 
10.239 0.41 0.38 0.0105 0.0830 0.4675 0.6528 -0.7036 0.7521 -1.077331 3.075080 
10.263 0.66 0.37 0.0118 0.0618 0.3227 0.2822 -0.7030 0.7510 -1.066861 3.075105 
10.287 0.32 0.19 0.0616 0.0553 -0.0410 -0.1827 -0.7024 0.7500 -1.066861 3.075139 
10.311 0.34 0.10 0.0811 0.0408 -0.2602 -0.5830 -0.7018 0.7489 -1.072096 3.075093 
10.335 0.70 0.04 0.0733 0.0243 -0.3163 -0.8481 -0.7013 0.7480 -1.079948 3.075081 
10.359 0.76 -0.05 0.0900 0.0100 -0.5162 -1.0146 -0.7007 0.7467 -1.098270 3.075162 
10.383 0.57 -0.26 0.1273 0.0063 -0.7805 -1.1233 -0.7001 0.7455 -1.116591 3.075179 
10.407 0.55 -0.38 0.1505 -0.0054 -1.0057 -1.1981 -0.6995 0.7444 -1.137530 3.075116 
10.431 0.68 -0.55 0.1616 -0.0132 -1.1276 -1.2523 -0.6989 0.7429 -1.163703 3.075107 
10.455 0.92 -0.45 0.1630 -0.0430 -1.3296 -1.2931 -0.6982 0.7414 -1.195111 3.075142 
10.479 0.82 -0.45 0.1931 -0.0653 -1.6672 -1.3248 -0.6978 0.7401 -1.234371 3.075129 
10.503 0.90 -0.66 0.2087 -0.0694 -1.7941 -1.3501 -0.6972 0.7385 -1.276248 3.075137 
10.527 0.92 -0.52 0.2282 -0.1027 -2.1346 -1.3707 -0.6968 0.7370 -1.323361 3.075140 
10.551 1.00 -0.55 0.2431 -0.1150 -2.3102 -1.3784 -0.6965 0.7354 -1.375707 3.075069 
10.575 1.02 -0.53 0.2456 -0.0965 -2.2068 -1.3431 -0.6962 0.7340 -1.430671 3.074969 
10.599 0.94 -0.41 0.2519 -0.0842 -2.1682 -1.3065 -0.6960 0.7320 -1.483017 3.074949 
10.623 0.86 -0.28 0.2585 -0.0732 -2.1400 -1.2670 -0.6959 0.7297 -1.532746 3.075044 
10.647 0.88 -0.41 0.2572 -0.0408 -1.9224 -1.2244 -0.6958 0.7275 -1.582475 3.075075 
10.671 0.92 -0.33 0.2491 -0.0261 -1.7754 -1.1800 -0.6959 0.7249 -1.621735 3.075098 
10.695 0.88 -0.15 0.2307 -0.0194 -1.6137 -1.1354 -0.6961 0.7220 -1.663613 3.075160 
10.719 0.77 0.01 0.2187 -0.0112 -1.4833 -1.0802 -0.6964 0.7194 -1.697638 3.075124 
10.743 0.79 0.22 0.1946 -0.0067 -1.2990 -1.0107 -0.6967 0.7170 -1.729047 3.075039 
10.767 0.64 0.33 0.1861 0.0055 -1.1648 -0.9214 -0.6972 0.7146 -1.755220 3.075019 
10.791 0.73 0.25 0.1561 0.0340 -0.7881 -0.8047 -0.6976 0.7122 -1.776159 3.075119 
10.815 0.62 0.49 0.1443 0.0357 -0.7006 -0.6509 -0.6982 0.7098 -1.797098 3.075141 
10.839 0.51 0.55 0.1318 0.0527 -0.5108 -0.4508 -0.6987 0.7077 -1.810185 3.075114 
10.863 0.62 0.44 0.1004 0.0835 -0.1087 -0.2035 -0.6993 0.7053 -1.815420 3.075139 
10.887 0.53 0.57 0.0860 0.0942 0.0529 0.0712 -0.6998 0.7032 -1.818037 3.075118 
10.911 0.12 0.76 0.0991 0.1000 0.0056 0.3357 -0.7004 0.7010 -1.815420 3.075019 
10.935 0.58 0.66 0.0391 0.1297 0.5849 0.5597 -0.7008 0.6990 -1.804950 3.075022 
10.959 0.09 0.74 0.0577 0.1448 0.5619 0.7351 -0.7014 0.6966 -1.794481 3.075099 
10.983 0.26 0.86 0.0217 0.1570 0.8723 0.8686 -0.7018 0.6947 -1.773542 3.075088 
11.007 0.31 0.81 0.0095 0.1826 1.1165 0.9179 -0.7022 0.6925 -1.744751 3.075063 
11.031 0.35 0.82 0.0061 0.2035 1.2739 0.9291 -0.7026 0.6903 -1.715960 3.075103 
11.055 0.37 0.91 0.0045 0.2177 1.3760 0.9385 -0.7029 0.6879 -1.684552 3.075122 
11.079 0.60 0.94 0.0037 0.2251 1.4279 0.8834 -0.7032 0.6848 -1.650526 3.075084 
11.103 0.34 0.88 0.0474 0.2303 1.1800 0.8091 -0.7034 0.6818 -1.621735 3.075136 
11.127 0.48 0.89 0.0570 0.2298 1.1145 0.7314 -0.7035 0.6783 -1.592944 3.075106 
11.151 0.79 0.96 0.0532 0.2236 1.0994 0.6511 -0.7036 0.6747 -1.572005 3.075031 
11.175 0.43 0.91 0.1047 0.2274 0.7913 0.5690 -0.7035 0.6710 -1.551066 3.075122 
11.199 0.48 0.93 0.1223 0.2260 0.6696 0.4863 -0.7034 0.6670 -1.530127 3.075172 
11.223 0.81 0.94 0.1165 0.2252 0.7015 0.4040 -0.7032 0.6627 -1.511806 3.075113 
11.247 0.69 0.76 0.1483 0.2343 0.5552 0.3087 -0.7029 0.6583 -1.501336 3.075060 
11.271 0.74 0.83 0.1659 0.2155 0.3206 0.1935 -0.7026 0.6538 -1.490867 3.075115 
11.295 0.70 0.90 0.1908 0.2027 0.0767 0.0939 -0.7022 0.6490 -1.485632 3.075055 
11.319 0.93 0.86 0.1936 0.2024 0.0571 0.0109 -0.7018 0.6443 -1.483015 3.074992 
11.343 0.84 0.88 0.2220 0.2006 -0.1380 -0.0562 -0.7014 0.6395 -1.483015 3.075053 
11.367 1.01 0.82 0.2295 0.2059 -0.1526 -0.1179 -0.7009 0.6344 -1.485632 3.074976 
11.391 1.07 0.90 0.2466 0.1987 -0.3087 -0.1744 -0.7005 0.6290 -1.493484 3.074920 
11.415 1.21 0.84 0.2564 0.2041 -0.3374 -0.2261 -0.7001 0.6235 -1.501336 3.074996 
11.439 1.19 0.88 0.2799 0.2004 -0.5129 -0.2732 -0.6997 0.6178 -1.511806 3.074914 
11.463 1.17 0.87 0.3034 0.2095 -0.6059 -0.2938 -0.6994 0.6116 -1.524893 3.074875 
11.487 1.17 1.00 0.3110 0.2209 -0.5816 -0.2496 -0.6991 0.6055 -1.540597 3.074903 
11.511 1.14 1.04 0.3128 0.2388 -0.4774 -0.1934 -0.6990 0.5988 -1.553684 3.074937 
11.535 1.12 1.02 0.3060 0.2624 -0.2817 -0.1209 -0.6989 0.5921 -1.561536 3.074976 
11.559 1.11 1.07 0.2997 0.2799 -0.1277 -0.0540 -0.6989 0.5852 -1.566770 3.075032 
11.583 1.05 1.13 0.3012 0.2923 -0.0572 -0.0041 -0.6988 0.5783 -1.572005 3.074984 
11.607 1.01 1.15 0.3042 0.2906 -0.0880 -0.0041 -0.6988 0.5712 -1.569388 3.075001 
11.631 1.16 1.13 0.2920 0.2921 0.0005 -0.0041 -0.6988 0.5641 -1.572005 3.074960 
11.655 1.14 1.11 0.2917 0.2953 0.0233 0.0030 -0.6988 0.5570 -1.569388 3.074900 
11.679 1.12 1.14 0.2928 0.2941 0.0086 0.0070 -0.6988 0.5499 -1.572005 3.074956 
11.703 1.13 1.03 0.2935 0.3016 0.0518 -0.0011 -0.6988 0.5428 -1.569388 3.074952 
11.727 1.02 1.15 0.3010 0.2928 -0.0530 0.0070 -0.6988 0.5357 -1.572005 3.075067 
11.751 1.11 1.12 0.2962 0.2927 -0.0230 -0.0052 -0.6988 0.5286 -1.569388 3.075033 
11.775 1.18 1.07 0.2908 0.2965 0.0368 -0.0082 -0.6988 0.5217 -1.569388 3.074594 
11.799 1.07 1.12 0.2963 0.2953 -0.0061 0.0070 -0.6988 0.5146 -1.572005 3.075274 
11.823 1.12 1.11 0.2945 0.2950 0.0035 -0.0011 -0.6988 0.5075 -1.569388 3.075323 
11.847 1.05 1.05 0.3006 0.2992 -0.0088 -0.0041 -0.6988 0.5004 -1.572005 3.074761 
11.871 1.07 1.17 0.2994 0.2887 -0.0689 -0.0041 -0.6988 0.4933 -1.569388 3.075057 
11.895 1.14 1.16 0.2910 0.2923 0.0081 0.0070 -0.6988 0.4862 -1.572005 3.075423 
11.919 1.14 1.12 0.2930 0.2940 0.0062 -0.0011 -0.6988 0.4791 -1.569388 3.074974 
11.943 1.12 1.16 0.2943 0.2911 -0.0206 -0.0000 -0.6988 0.4720 -1.572005 3.074791 
11.967 1.13 0.99 0.2938 0.3043 0.0679 -0.0011 -0.6988 0.4649 -1.569388 3.075299 
11.991 1.00 1.18 0.3022 0.2904 -0.0761 0.0070 -0.6988 0.4578 -1.572005 3.075353 
12.015 1.11 1.13 0.2949 0.2933 -0.0102 -0.0011 -0.6988 0.4507 -1.569388 3.074981 
12.039 1.17 1.06 0.2919 0.2969 0.0320 -0.0082 -0.6988 0.4438 -1.569388 3.075154 
12.063 1.07 1.12 0.2969 0.2957 -0.0082 0.0070 -0.6988 0.4367 -1.572005 3.075378 
12.087 1.10 1.12 0.2947 0.2946 -0.0011 0.0030 -0.6988 0.4296 -1.569388 3.075148 
12.111 1.06 1.06 0.2983 0.2997 0.0094 0.0030 -0.6988 0.4225 -1.572005 3.074812 
12.135 1.01 1.19 0.3028 0.2888 -0.0902 0.0030 -0.6988 0.4154 -1.569388 3.075092 
12.159 1.15 1.13 0.2907 0.2937 0.0194 0.0030 -0.6988 0.4083 -1.572005 3.075264 
12.183 1.13 1.13 0.2934 0.2929 -0.0032 -0.0011 -0.6988 0.4012 -1.569388 3.075054 
12.207 1.11 1.14 0.2931 0.2939 0.0053 0.0070 -0.6988 0.3941 -1.572005 3.075096 
12.231 1.13 1.00 0.2941 0.3028 0.0560 -0.0052 -0.6988 0.3870 -1.569388 3.075291 
12.255 1.01 1.11 0.3029 0.2949 -0.0515 -0.0000 -0.6988 0.3799 -1.572005 3.075063 
12.279 1.12 1.12 0.2945 0.2934 -0.0070 -0.0011 -0.6988 0.3728 -1.569388 3.074826 
12.303 1.15 1.08 0.2902 0.2990 0.0571 0.0070 -0.6988 0.3657 -1.572005 3.074950 
12.327 1.10 1.13 0.2980 0.2913 -0.0431 -0.0082 -0.6988 0.3586 -1.569388 3.075058 
12.351 1.12 1.10 0.2944 0.2957 0.0083 -0.0011 -0.6988 0.3517 -1.569388 3.074908 
12.375 1.10 1.07 0.2977 0.2965 -0.0078 -0.0082 -0.6988 0.3444 -1.569388 3.074904 
12.399 1.02 1.15 0.3023 0.2919 -0.0676 -0.0000 -0.6988 0.3375 -1.569388 3.075106 
12.423 1.16 1.12 0.2904 0.2950 0.0298 0.0030 -0.6988 0.3304 -1.572005 3.075091 
12.447 1.14 1.09 0.2941 0.2948 0.0041 -0.0082 -0.6988 0.3233 -1.569388 3.074997 
12.471 1.14 1.13 0.2920 0.2936 0.0107 0.0030 -0.6988 0.3162 -1.572005 3.075166 
12.495 1.11 1.01 0.2957 0.3027 0.0450 -0.0041 -0.6988 0.3091 -1.569388 3.075148 
12.519 1.03 1.10 0.3022 0.2948 -0.0475 -0.0041 -0.6988 0.3020 -1.572005 3.074962 
12.543 1.10 1.16 0.2955 0.2915 -0.0259 0.0030 -0.6988 0.2949 -1.569388 3.074981 
12.567 1.13 1.08 0.2931 0.2973 0.0274 -0.0000 -0.6988 0.2878 -1.572005 3.074980 
12.591 1.10 1.14 0.2958 0.2927 -0.0205 -0.0011 -0.6988 0.2807 -1.569388 3.074908 
12.615 1.13 1.12 0.2919 0.2954 0.0225 0.0070 -0.6988 0.2736 -1.572005 3.074876 
12.639 1.07 1.07 0.3005 0.2964 -0.0261 -0.0082 -0.6988 0.2666 -1.569388 3.074926 
12.663 1.10 1.16 0.2952 0.2918 -0.0219 0.0040 -0.6988 0.2595 -1.572005 3.074963 
12.687 1.17 1.14 0.2914 0.2917 0.0017 -0.0052 -0.6988 0.2524 -1.569388 3.074921 
12.712 1.07 1.17 0.2967 0.2917 -0.0322 0.0070 -0.6988 0.2453 -1.572005 3.074851 
12.736 1.12 1.13 0.2921 0.2948 0.0170 0.0070 -0.6988 0.2384 -1.572005 3.074942 
12.760 1.12 1.01 0.2936 0.3036 0.0647 0.0030 -0.6988 0.2313 -1.569388 3.074938 
12.784 1.03 1.09 0.3010 0.2969 -0.0262 0.0030 -0.6988 0.2242 -1.572005 3.074914 
12.808 1.10 1.14 0.2947 0.2928 -0.0126 0.0030 -0.6988 0.2171 -1.569388 3.075017 
12.832 1.14 1.08 0.2917 0.2984 0.0437 0.0030 -0.6988 0.2100 -1.572005 3.074989 
12.856 1.06 1.17 0.2980 0.2905 -0.0482 0.0040 -0.6988 0.2029 -1.569388 3.074930 
12.880 0.98 1.12 0.2833 0.2959 0.0814 0.0557 -0.6988 0.1960 -1.569388 3.074949 
12.904 0.93 1.09 0.2658 0.2980 0.2075 0.1086 -0.6988 0.1889 -1.566770 3.074932 
12.928 0.89 1.14 0.2475 0.2938 0.2985 0.1641 -0.6988 0.1824 -1.561536 3.074965 
12.952 0.85 1.07 0.2289 0.3002 0.4598 0.2220 -0.6987 0.1759 -1.551066 3.074945 
12.976 0.70 1.15 0.2197 0.2929 0.4718 0.2820 -0.6985 0.1696 -1.537979 3.074917 
13.000 0.73 1.08 0.1955 0.2988 0.6663 0.3438 -0.6983 0.1637 -1.524893 3.075000 
13.024 0.54 1.08 0.1901 0.2988 0.7015 0.4070 -0.6980 0.1576 -1.509189 3.074929 
13.048 0.69 1.14 0.1558 0.2939 0.8910 0.4711 -0.6976 0.1522 -1.490867 3.074929 
13.072 0.67 1.09 0.1353 0.2978 1.0480 0.5357 -0.6971 0.1467 -1.467311 3.075010 
13.096 0.63 1.13 0.1174 0.2945 1.1426 0.6001 -0.6965 0.1417 -1.438520 3.074986 
13.120 0.66 1.09 0.0925 0.2981 1.3263 0.6639 -0.6957 0.1367 -1.414964 3.074942 
13.144 0.40 1.11 0.0927 0.2967 1.3167 0.7265 -0.6949 0.1319 -1.383555 3.074963 
13.168 0.19 1.14 0.0884 0.2939 1.3256 0.7875 -0.6940 0.1277 -1.349530 3.074980 
13.192 0.42 1.08 0.0476 0.2991 1.6226 0.8466 -0.6930 0.1234 -1.312887 3.075043 
13.216 0.25 1.18 0.0402 0.2905 1.6154 0.9034 -0.6919 0.1195 -1.271009 3.075030 
13.240 0.12 1.06 0.0298 0.3010 1.7497 0.9577 -0.6906 0.1158 -1.231748 3.075018 
13.264 0.03 1.13 0.0155 0.2945 1.8002 1.0095 -0.6894 0.1124 -1.184636 3.075053 
13.288 -0.22 1.12 0.0146 0.2960 1.8149 1.0585 -0.6879 0.1090 -1.142758 3.075068 
13.312 -0.41 1.07 0.0088 0.2995 1.8757 1.1048 -0.6863 0.1058 -1.095646 3.075109 
13.336 -0.49 1.13 -0.0066 0.2948 1.9444 1.1484 -0.6848 0.1029 -1.048534 3.075127 
13.360 -0.39 1.07 -0.0363 0.2995 2.1662 1.1895 -0.6831 0.1001 -0.996187 3.075149 
13.384 -0.17 1.11 -0.0765 0.2961 2.4040 1.2280 -0.6815 0.0978 -0.938607 3.075132 
13.408 -0.86 1.17 -0.0412 0.2914 2.1456 1.2642 -0.6797 0.0956 -0.886262 3.075148 
13.432 -0.39 1.09 -0.1013 0.2979 2.5758 1.2981 -0.6781 0.0937 -0.823448 3.075089 
13.456 -0.59 1.09 -0.1066 0.2980 2.6104 1.3299 -0.6764 0.0920 -0.765868 3.075116 
13.480 -0.75 1.05 -0.1154 0.3013 2.6879 1.3597 -0.6748 0.0905 -0.700436 3.075176 
13.504 -0.82 1.02 -0.1313 0.3043 2.8101 1.3877 -0.6734 0.0894 -0.635005 3.075050 
13.528 -0.87 1.13 -0.1488 0.2948 2.8618 1.4139 -0.6718 0.0883 -0.564339 3.075019 
13.552 -0.67 1.06 -0.1867 0.3010 3.1463 1.4386 -0.6704 0.0875 -0.491055 3.075042 
13.576 -0.88 1.12 -0.1911 0.2958 3.1411 1.4617 -0.6693 0.0870 -0.417770 3.075084 
13.600 -0.94 1.10 -0.2081 0.2973 3.2609 1.4835 -0.6682 0.0865 -0.339251 3.075166 
13.624 -0.92 1.05 -0.2261 0.3012 3.4023 1.4989 -0.6674 0.0863 -0.260732 3.075194 
13.648 -0.71 1.13 -0.2215 0.2950 3.3321 1.4781 -0.6664 0.0861 -0.179596 3.075205 
13.672 -0.83 1.12 -0.1895 0.2959 3.1315 1.4561 -0.6656 0.0860 -0.101077 3.075149 
13.696 -0.58 1.10 -0.1888 0.2975 3.1373 1.4326 -0.6642 0.0859 -0.025176 3.075131 
13.720 -0.62 0.98 -0.1635 0.2931 2.9458 1.4173 -0.6626 0.0859 0.048109 3.075249 
13.744 -0.61 0.91 -0.1433 0.2774 2.7139 1.4053 -0.6612 0.0860 0.113541 3.075305 
13.768 -0.62 0.86 -0.1204 0.2592 2.4493 1.3914 -0.6596 0.0862 0.176356 3.075316 
13.792 -0.47 0.86 -0.1109 0.2375 2.2480 1.3749 -0.6580 0.0866 0.233937 3.075432 
13.816 -0.20 0.80 -0.1120 0.2208 2.1467 1.3550 -0.6566 0.0869 0.283665 3.075366 
13.840 -0.28 0.71 -0.0835 0.2069 1.8734 1.3309 -0.6551 0.0874 0.330777 3.075198 
13.864 -0.34 0.72 -0.0570 0.1846 1.5586 1.3007 -0.6537 0.0879 0.370036 3.075087 
13.888 -0.29 0.62 -0.0391 0.1707 1.3534 1.2622 -0.6521 0.0886 0.404061 3.075023 
13.912 -0.09 0.54 -0.0345 0.1561 1.2295 1.2114 -0.6508 0.0892 0.432852 3.074837 
13.936 -0.05 0.41 -0.0164 0.1451 1.0420 1.1417 -0.6493 0.0899 0.459025 3.074727 
13.960 0.28 0.39 -0.0222 0.1251 0.9504 1.0418 -0.6482 0.0904 0.479963 3.074536 
13.984 0.14 0.37 0.0118 0.1050 0.6007 0.8902 -0.6470 0.0911 0.493049 3.074358 
14.008 0.40 0.48 0.0118 0.0744 0.4034 0.6497 -0.6459 0.0917 0.508753 3.074068 
14.032 0.70 0.22 0.0080 0.0739 0.4253 0.2771 -0.6452 0.0921 0.519222 3.073914 
14.056 0.29 0.34 0.0643 0.0422 -0.1424 -0.1887 -0.6441 0.0927 0.519222 3.074355 
14.080 0.34 0.07 0.0818 0.0434 -0.2478 -0.5878 -0.6431 0.0933 0.513988 3.074667 
14.104 0.46 0.09 0.0930 0.0196 -0.4736 -0.8515 -0.6418 0.0940 0.506136 3.074705 
14.128 0.77 -0.12 0.0890 0.0157 -0.4733 -1.0170 -0.6408 0.0946 0.490432 3.074652 
14.152 0.62 -0.29 0.1230 0.0081 -0.7409 -1.1250 -0.6395 0.0952 0.472111 3.074605 
14.176 0.57 -0.37 0.1491 -0.0065 -1.0040 -1.1994 -0.6384 0.0958 0.451173 3.074354 
14.200 0.65 -0.54 0.1644 -0.0146 -1.1554 -1.2533 -0.6369 0.0964 0.425000 3.074068 
14.224 0.94 -0.39 0.1616 -0.0489 -1.3585 -1.2939 -0.6356 0.0970 0.390975 3.073965 
14.248 0.82 -0.49 0.1932 -0.0622 -1.6477 -1.3255 -0.6343 0.0975 0.351715 3.073876 
14.272 0.90 -0.65 0.2083 -0.0706 -1.7989 -1.3507 -0.6326 0.0981 0.312456 3.073899 
14.296 1.03 -0.66 0.2192 -0.0908 -1.9998 -1.3713 -0.6312 0.0985 0.262727 3.074048 
14.320 1.02 -0.56 0.2419 -0.1192 -2.3295 -1.3857 -0.6297 0.0989 0.210381 3.073985 
14.344 1.01 -0.45 0.2511 -0.1144 -2.3581 -1.3577 -0.6281 0.0992 0.152801 3.074007 
14.368 1.04 -0.49 0.2484 -0.0893 -2.1792 -1.3228 -0.6260 0.0994 0.100455 3.074186 
14.392 1.01 -0.42 0.2511 -0.0729 -2.0899 -1.2851 -0.6242 0.0996 0.045491 3.074139 
14.416 0.88 -0.32 0.2614 -0.0602 -2.0750 -1.2445 -0.6218 0.0996 -0.001620 3.074301 
14.440 0.88 -0.20 0.2576 -0.0484 -1.9742 -1.2024 -0.6194 0.0996 -0.048731 3.074745 
14.464 0.87 -0.30 0.2369 -0.0181 -1.6450 -1.1617 -0.6167 0.0994 -0.087991 3.074878 
14.488 0.88 -0.15 0.2142 -0.0087 -1.4385 -1.1116 -0.6141 0.0991 -0.122016 3.074730 
14.512 0.69 0.07 0.2081 -0.0058 -1.3796 -1.0488 -0.6115 0.0987 -0.156041 3.074841 
14.536 0.80 0.32 0.1773 -0.0043 -1.1713 -0.9685 -0.6093 0.0984 -0.184831 3.075043 
14.560 0.63 0.22 0.1701 0.0251 -0.9358 -0.8638 -0.6067 0.0978 -0.208387 3.075042 
14.584 0.50 0.63 0.1590 0.0131 -0.9412 -0.7253 -0.6047 0.0974 -0.229325 3.075056 
14.608 0.39 0.41 0.1467 0.0531 -0.6035 -0.5423 -0.6028 0.0969 -0.245029 3.075342 
14.632 0.34 0.51 0.1291 0.0664 -0.4044 -0.3085 -0.6004 0.0963 -0.255498 3.075416 
14.656 0.37 0.67 0.1052 0.0750 -0.1948 -0.0347 -0.5984 0.0958 -0.260733 3.075183 
14.680 0.55 0.54 0.0682 0.1073 0.2519 0.2442 -0.5963 0.0952 -0.258115 3.075225 
14.704 0.09 0.56 0.0846 0.1270 0.2735 0.4898 -0.5939 0.0946 -0.252881 3.075270 
14.728 0.41 0.60 0.0363 0.1454 0.7038 0.6851 -0.5920 0.0941 -0.237177 3.075069 
14.752 0.10 0.72 0.0410 0.1569 0.7478 0.8334 -0.5898 0.0936 -0.224090 3.075041 
14.776 0.14 0.83 0.0159 0.1701 0.9948 0.9454 -0.5878 0.0932 -0.197917 3.075256 
14.800 0.13 0.85 0.0094 0.1898 1.1641 0.9807 -0.5854 0.0927 -0.171744 3.075333 
14.824 0.13 0.91 0.0094 0.2068 1.2736 0.9862 -0.5830 0.0924 -0.140337 3.075268 
14.848 -0.05 0.98 0.0259 0.2225 1.2685 0.9853 -0.5802 0.0920 -0.114164 3.075289 
14.872 0.35 0.97 0.0140 0.2278 1.3799 0.9192 -0.5774 0.0917 -0.077522 3.075258 
14.896 0.68 0.83 0.0086 0.2397 1.4908 0.8480 -0.5743 0.0915 -0.043497 3.075195 
14.920 0.41 0.94 0.0525 0.2298 1.1439 0.7733 -0.5711 0.0914 -0.017324 3.075225 
14.944 0.31 0.93 0.0829 0.2310 0.9557 0.6955 -0.5674 0.0914 0.008849 3.075376 
14.968 0.64 0.95 0.0766 0.2294 0.9853 0.6156 -0.5638 0.0915 0.035022 3.075413 
14.992 0.56 0.94 0.1057 0.2306 0.8059 0.5345 -0.5599 0.0917 0.053343 3.075317 
15.016 0.52 0.82 0.1307 0.2288 0.6326 0.4277 -0.5557 0.0920 0.071664 3.075382 
15.040 0.53 0.77 0.1516 0.2138 0.4011 0.2949 -0.5514 0.0923 0.084751 3.075337 
15.064 0.63 0.78 0.1648 0.2023 0.2416 0.1774 -0.5472 0.0927 0.092603 3.075213 
15.088 0.93 0.77 0.1614 0.1951 0.2170 0.0714 -0.5428 0.0931 0.097837 3.075244 
15.112 0.87 0.78 0.1882 0.1925 0.0277 -0.0094 -0.5385 0.0935 0.100455 3.075405 
15.136 0.85 0.68 0.2114 0.2012 -0.0659 -0.0789 -0.5337 0.0940 0.100455 3.075454 
15.160 0.97 0.81 0.2230 0.1902 -0.2118 -0.1423 -0.5288 0.0945 0.095220 3.075389 
15.185 1.03 0.73 0.2394 0.1970 -0.2740 -0.2001 -0.5236 0.0950 0.089985 3.075326 
15.209 1.12 0.82 0.2537 0.1891 -0.4168 -0.2525 -0.5183 0.0954 0.079516 3.075320 
15.233 1.17 0.79 0.2717 0.1916 -0.5171 -0.3000 -0.5129 0.0958 0.066430 3.075271 
15.257 1.18 0.80 0.2927 0.1928 -0.6447 -0.3380 -0.5070 0.0962 0.053343 3.075216 
15.281 1.16 0.90 0.3051 0.2060 -0.6392 -0.2979 -0.5011 0.0965 0.035022 3.075293 
15.305 1.10 0.98 0.3097 0.2212 -0.5708 -0.2392 -0.4948 0.0966 0.021936 3.075301 
15.329 1.14 0.96 0.3062 0.2449 -0.3956 -0.1825 -0.4883 0.0968 0.011466 3.075232 
15.353 1.11 1.08 0.2995 0.2563 -0.2788 -0.1076 -0.4816 0.0968 0.003615 3.075254 
15.377 1.06 1.14 0.2967 0.2732 -0.1516 -0.0401 -0.4749 0.0968 0.000997 3.075356 
15.401 1.09 1.11 0.2944 0.2972 0.0181 0.0094 -0.4678 0.0968 -0.001620 3.075397 
15.425 1.05 1.03 0.2979 0.3041 0.0400 0.0094 -0.4610 0.0968 -0.001620 3.075390 
15.449 1.08 1.16 0.2956 0.2932 -0.0157 0.0094 -0.4537 0.0968 -0.001620 3.075423 
15.473 1.16 1.15 0.2895 0.2932 0.0240 0.0053 -0.4468 0.0968 -0.001620 3.075427 
15.497 1.19 1.11 0.2871 0.2962 0.0591 0.0053 -0.4397 0.0968 0.000997 3.075365 
15.521 1.12 1.18 0.2940 0.2893 -0.0302 0.0013 -0.4326 0.0968 -0.001620 3.075352 
15.545 1.16 1.05 0.2905 0.3001 0.0623 0.0013 -0.4255 0.0968 0.000997 3.075431 
15.569 1.04 1.14 0.3004 0.2928 -0.0489 0.0023 -0.4184 0.0968 -0.001620 3.075433 
15.593 1.14 1.20 0.2927 0.2872 -0.0357 -0.0017 -0.4113 0.0968 0.000997 3.075396 
15.617 1.15 1.09 0.2914 0.2973 0.0386 0.0023 -0.4044 0.0967 0.000997 3.075401 
15.641 1.08 1.14 0.2970 0.2926 -0.0284 0.0023 -0.3973 0.0967 -0.001620 3.075354 
15.665 1.13 1.07 0.2947 0.2966 0.0127 -0.0058 -0.3902 0.0967 0.000997 3.075299 
15.689 1.04 1.02 0.3002 0.3032 0.0195 0.0023 -0.3831 0.0967 -0.001620 3.075366 
15.713 1.07 1.15 0.2994 0.2905 -0.0576 -0.0058 -0.3760 0.0967 0.000997 3.075410 
15.737 1.15 1.19 0.2911 0.2890 -0.0137 0.0023 -0.3689 0.0967 -0.001620 3.075383 
15.761 1.17 1.08 0.2916 0.2958 0.0270 -0.0058 -0.3618 0.0967 0.000997 3.075329 
15.785 1.10 1.16 0.2954 0.2913 -0.0263 0.0023 -0.3547 0.0967 -0.001620 3.075353 
15.809 1.12 1.04 0.2934 0.3010 0.0488 0.0013 -0.3476 0.0967 0.000997 3.075335 
15.833 1.03 1.10 0.3002 0.2967 -0.0224 0.0053 -0.3405 0.0967 -0.001620 3.075354 
15.857 1.12 1.11 0.2957 0.2937 -0.0131 -0.0058 -0.3334 0.0967 0.000997 3.075426 
15.881 1.17 1.07 0.2898 0.2988 0.0582 0.0013 -0.3265 0.0967 0.000997 3.075436 
15.905 1.10 1.13 0.2970 0.2920 -0.0323 -0.0058 -0.3192 0.0967 0.000997 3.075393 
15.929 1.10 1.10 0.2942 0.2970 0.0181 0.0053 -0.3123 0.0967 0.000997 3.075360 
15.953 1.05 1.01 0.2994 0.3034 0.0261 0.0013 -0.3052 0.0967 -0.001620 3.075402 
15.977 1.01 1.15 0.3034 0.2913 -0.0780 -0.0017 -0.2981 0.0967 0.000997 3.075380 
16.001 1.16 1.13 0.2911 0.2929 0.0119 -0.0017 -0.2910 0.0967 -0.001620 3.075321 
16.025 1.13 1.11 0.2921 0.2960 0.0249 0.0053 -0.2839 0.0967 0.000997 3.075362 
16.049 1.11 1.14 0.2947 0.2927 -0.0126 0.0013 -0.2768 0.0967 -0.001620 3.075388 
16.073 1.12 1.06 0.2946 0.2989 0.0280 -0.0017 -0.2697 0.0967 0.000997 3.075424 
16.097 1.04 1.15 0.3012 0.2915 -0.0623 -0.0017 -0.2626 0.0967 -0.001620 3.075493 
16.121 1.11 1.11 0.2940 0.2951 0.0069 0.0023 -0.2555 0.0967 0.000997 3.075533 
16.145 1.13 1.07 0.2938 0.2979 0.0266 -0.0017 -0.2484 0.0967 -0.001620 3.075521 
16.169 1.11 1.13 0.2963 0.2918 -0.0287 -0.0058 -0.2413 0.0967 0.000997 3.075377 
16.193 1.11 1.09 0.2935 0.2977 0.0273 0.0053 -0.2342 0.0967 -0.001620 3.075211 
16.217 1.06 1.04 0.3000 0.3000 0.0000 -0.0028 -0.2271 0.0967 0.000997 3.075230 
16.241 1.08 1.16 0.2987 0.2893 -0.0604 -0.0058 -0.2202 0.0967 0.000997 3.075329 
16.265 1.16 1.10 0.2920 0.2944 0.0150 -0.0058 -0.2129 0.0967 0.000997 3.075427 
16.289 1.16 1.09 0.2925 0.2953 0.0179 -0.0058 -0.2060 0.0967 0.000997 3.075449 
16.313 1.14 1.15 0.2915 0.2931 0.0108 0.0053 -0.1989 0.0967 -0.001620 3.075364 
16.337 1.13 1.05 0.2940 0.2997 0.0364 -0.0017 -0.1918 0.0967 0.000997 3.075226 
16.361 1.05 1.12 0.3006 0.2939 -0.0433 -0.0017 -0.1847 0.0967 -0.001620 3.075189 
16.385 1.12 1.11 0.2952 0.2933 -0.0118 -0.0058 -0.1776 0.0967 0.000997 3.075305 
16.409 1.10 1.09 0.2935 0.2983 0.0309 0.0094 -0.1705 0.0967 -0.001620 3.075409 
16.433 1.12 1.11 0.2957 0.2936 -0.0135 -0.0058 -0.1634 0.0967 0.000997 3.075424 
16.457 1.13 1.11 0.2929 0.2953 0.0150 0.0023 -0.1563 0.0967 -0.001620 3.075426 
16.481 1.05 1.04 0.3012 0.2995 -0.0104 -0.0058 -0.1492 0.0967 0.000997 3.075340 
16.505 1.08 1.15 0.2968 0.2920 -0.0307 0.0023 -0.1421 0.0967 -0.001620 3.075266 
16.529 1.16 1.10 0.2909 0.2964 0.0352 0.0013 -0.1350 0.0967 0.000997 3.075311 
16.553 1.10 1.10 0.2955 0.2960 0.0034 0.0023 -0.1279 0.0967 -0.001620 3.075378 
16.577 1.11 1.08 0.2961 0.2964 0.0022 -0.0058 -0.1208 0.0967 0.000997 3.075417 
16.601 1.05 1.06 0.2978 0.3015 0.0242 0.0094 -0.1137 0.0967 -0.001620 3.075440 
16.624 1.05 1.13 0.2998 0.2935 -0.0407 0.0013 -0.1066 0.0967 0.000997 3.075426 
16.648 1.10 1.13 0.2949 0.2941 -0.0054 0.0023 -0.0995 0.0967 -0.001620 3.075407 
16.672 1.04 0.95 0.2845 0.2898 0.0343 0.0000 -0.0926 0.0967 -0.001620 3.075348 
16.696 0.97 0.94 0.2686 0.2685 -0.0006 0.0000 -0.0859 0.0967 0.000997 3.075373 
