%% logfile from robot Freja (4)
% Freja (4)
%  1    time 0.004 sec
%  2  3 Motor voltage [V] left, right: 6.20 6.20
%  4  5 Wheel velocity [m/s] left, right: 0.0000 0.0000
% 6 7 Turnrate [r/s]: 0.0000, steer angle [rad]: 0.0000
%  8  9 10 11 Pose x,y,h,tilt [m,m,rad,rad]: 0.000405681 0 0 3.07099
0.004 6.20 6.20 0.0000 0.0000 0.0000 0.0000 0.0004 0.0000 0.000000 3.070995 
0.104 1.49 1.40 0.3922 0.4000 0.0500 0.0000 0.0389 -0.0000 0.000000 3.071037 
0.204 1.42 1.43 0.3980 0.3973 -0.0044 0.0000 0.0783 -0.0001 0.000000 3.071066 
0.304 1.43 1.52 0.3945 0.3936 -0.0058 0.0114 0.1179 -0.0001 -0.002617 3.071061 
0.404 1.49 1.38 0.3923 0.4016 0.0604 0.0000 0.1574 -0.0001 0.000000 3.071099 
0.504 1.42 1.42 0.3981 0.3980 -0.0008 0.0000 0.1968 -0.0001 0.000000 3.071092 
0.604 1.44 1.52 0.3967 0.3901 -0.0426 0.0000 0.2361 -0.0001 0.000000 3.071115 
0.704 1.46 1.37 0.3951 0.4022 0.0456 0.0000 0.2759 -0.0001 0.000000 3.071057 
0.804 1.38 1.46 0.3984 0.3983 -0.0009 0.0114 0.3154 -0.0001 -0.002617 3.071085 
0.904 1.44 1.49 0.3966 0.3929 -0.0239 0.0000 0.3550 -0.0002 0.000000 3.071042 
1.004 1.43 1.37 0.3975 0.4024 0.0318 0.0000 0.3943 -0.0001 0.000000 3.071010 
1.104 -0.93 1.49 -1.1577 0.3929 10.0042 -1.3395 0.3700 -0.0170 0.892498 3.070909 
1.204 0.59 1.88 0.2473 0.5804 2.1491 0.6388 0.3682 -0.0137 1.400250 3.070915 
1.304 1.44 1.50 0.3452 0.4428 0.6298 0.1711 0.3719 0.0263 1.531116 3.070972 
1.404 1.54 1.41 0.3744 0.4132 0.2508 0.0474 0.3727 0.0659 1.559907 3.071011 
1.504 1.55 1.48 0.3835 0.3970 0.0869 0.0132 0.3729 0.1054 1.567759 3.070918 
1.604 1.60 1.41 0.3864 0.3960 0.0622 -0.0096 0.3729 0.1448 1.572994 3.070962 
1.704 1.44 1.53 0.3962 0.3898 -0.0410 0.0018 0.3729 0.1843 1.570377 3.070998 
1.804 1.48 1.40 0.3959 0.3971 0.0075 -0.0096 0.3729 0.2239 1.572994 3.070904 
1.904 1.45 1.50 0.3949 0.3921 -0.0184 0.0018 0.3729 0.2634 1.570377 3.070868 
2.004 1.47 1.46 0.3973 0.3918 -0.0354 -0.0096 0.3729 0.3030 1.572994 3.070849 
2.104 1.53 1.43 0.3884 0.3982 0.0631 0.0018 0.3729 0.3425 1.570377 3.070795 
2.204 1.42 1.50 0.3978 0.3923 -0.0358 0.0018 0.3729 0.3819 1.570377 3.070802 
2.304 1.43 1.48 0.3970 0.3936 -0.0222 0.0018 0.3729 0.4216 1.570377 3.070993 
2.404 1.38 1.46 0.4008 0.3953 -0.0351 0.0018 0.3729 0.4614 1.570377 3.070983 
2.504 1.36 1.56 0.3995 0.3906 -0.0578 0.0132 0.3730 0.5009 1.567759 3.071032 
2.604 1.49 1.38 0.3916 0.4020 0.0669 0.0018 0.3730 0.5405 1.570377 3.071020 
2.704 1.46 1.49 0.3946 0.3929 -0.0109 0.0018 0.3731 0.5802 1.570377 3.070912 
2.804 1.44 1.44 0.3962 0.3974 0.0081 0.0018 0.3731 0.6200 1.570377 3.070880 
2.904 1.34 1.51 0.4007 0.3944 -0.0403 0.0132 0.3732 0.6596 1.567759 3.070804 
3.004 1.42 1.46 0.3977 0.3959 -0.0119 0.0018 0.3732 0.6991 1.570377 3.070758 
3.104 1.41 1.45 0.3956 0.3995 0.0250 0.0132 0.3733 0.7387 1.567759 3.070800 
3.204 1.42 1.55 0.3942 0.3917 -0.0161 0.0132 0.3733 0.7784 1.567759 3.070791 
3.304 1.41 1.41 0.3984 0.3999 0.0097 0.0018 0.3734 0.8180 1.570377 3.070757 
3.404 -0.74 1.45 -0.9858 0.3968 8.9197 -1.3787 0.3923 0.7890 2.536153 3.070755 
3.504 1.07 1.70 0.2269 0.5752 2.2472 0.5945 0.3834 0.7894 2.986338 3.070727 
3.604 1.40 1.52 0.3547 0.4351 0.5187 0.1506 0.3438 0.7926 3.106736 3.070715 
3.704 1.44 1.48 0.3853 0.4046 0.1244 0.0378 0.3041 0.7933 3.132910 3.070720 
3.804 1.50 1.38 0.3908 0.4026 0.0757 0.0036 0.2645 0.7935 3.140762 3.070746 
3.904 1.37 1.47 0.4015 0.3954 -0.0393 0.0036 0.2248 0.7936 3.140762 3.070743 
4.004 1.58 1.44 0.3807 0.4008 0.1297 0.0150 0.1852 0.7937 3.138144 3.070759 
4.104 1.44 1.43 0.3953 0.3987 0.0217 0.0036 0.1457 0.7937 3.140762 3.070731 
4.204 1.44 1.44 0.3953 0.3974 0.0131 0.0036 0.1059 0.7937 3.140762 3.070678 
4.304 1.39 1.47 0.3995 0.3951 -0.0284 0.0036 0.0661 0.7938 3.140762 3.070719 
4.404 1.36 1.48 0.4024 0.3941 -0.0533 0.0036 0.0268 0.7938 3.140762 3.070690 
4.504 1.48 1.38 0.3927 0.4030 0.0667 0.0036 -0.0130 0.7938 3.140762 3.070714 
4.604 1.41 1.47 0.3979 0.3951 -0.0180 0.0036 -0.0527 0.7939 3.140762 3.070683 
4.704 1.47 1.37 0.3931 0.4037 0.0686 0.0036 -0.0925 0.7939 3.140762 3.070776 
4.804 1.32 1.47 0.4021 0.3983 -0.0240 0.0150 -0.1320 0.7939 3.138144 3.070951 
4.904 1.42 1.40 0.3976 0.4012 0.0235 0.0036 -0.1716 0.7940 3.140762 3.071034 
5.004 1.48 1.44 0.3926 0.3974 0.0313 0.0036 -0.2113 0.7940 3.140762 3.071066 
5.104 1.43 1.47 0.3961 0.3951 -0.0064 0.0036 -0.2511 0.7940 3.140762 3.071004 
5.204 1.39 1.49 0.3996 0.3937 -0.0379 0.0036 -0.2909 0.7940 3.140762 3.071006 
5.304 1.35 1.55 0.4033 0.3887 -0.0945 0.0036 -0.3302 0.7941 3.140762 3.070973 
5.404 1.43 1.46 0.3966 0.3961 -0.0032 0.0036 -0.3700 0.7941 3.140762 3.070897 
5.504 1.39 1.54 0.3999 0.3889 -0.0710 0.0036 -0.4097 0.7941 3.140762 3.071000 
5.604 -9.00 1.50 -0.1139 0.3931 3.2712 -1.1679 -0.4483 0.7942 -3.126719 3.070943 
5.704 -0.45 1.49 -0.7069 0.3932 7.0969 -1.4681 -0.4129 0.8157 -2.058869 3.070881 
5.804 1.15 1.58 0.2640 0.5422 1.7949 0.4872 -0.4156 0.7985 -1.692447 3.070896 
5.904 1.29 1.54 0.3706 0.4271 0.3648 0.1301 -0.4182 0.7586 -1.600842 3.070887 
6.004 1.43 1.48 0.3889 0.4020 0.0842 0.0283 -0.4188 0.7191 -1.577286 3.070877 
6.104 1.51 1.45 0.3894 0.3971 0.0495 0.0055 -0.4190 0.6793 -1.572051 3.070859 
6.204 1.41 1.52 0.4012 0.3883 -0.0832 -0.0059 -0.4190 0.6398 -1.569434 3.070839 
6.304 1.41 1.39 0.3980 0.4026 0.0297 0.0055 -0.4190 0.6002 -1.572051 3.070888 
6.404 1.43 1.42 0.3960 0.3998 0.0249 0.0055 -0.4191 0.5604 -1.572051 3.070861 
6.504 1.46 1.45 0.3930 0.3978 0.0315 0.0055 -0.4191 0.5207 -1.572051 3.070817 
6.604 1.48 1.46 0.3951 0.3933 -0.0114 -0.0059 -0.4191 0.4811 -1.569434 3.070864 
6.704 1.36 1.52 0.4015 0.3914 -0.0650 0.0055 -0.4191 0.4416 -1.572051 3.070860 
6.804 1.43 1.40 0.3962 0.4020 0.0375 0.0055 -0.4191 0.4018 -1.572051 3.070815 
6.904 1.40 1.50 0.3984 0.3937 -0.0300 0.0055 -0.4192 0.3621 -1.572051 3.070797 
7.004 1.47 1.39 0.3958 0.3994 0.0234 -0.0059 -0.4192 0.3225 -1.569434 3.070842 
7.104 1.37 1.48 0.4010 0.3951 -0.0380 0.0055 -0.4192 0.2830 -1.572051 3.070826 
7.204 1.42 1.42 0.3968 0.3999 0.0195 0.0055 -0.4192 0.2432 -1.572051 3.070787 
7.304 1.43 1.45 0.3958 0.3975 0.0109 0.0055 -0.4192 0.2035 -1.572051 3.070768 
7.404 1.43 1.43 0.3958 0.3993 0.0226 0.0055 -0.4193 0.1637 -1.572051 3.070789 
7.504 1.49 1.41 0.3942 0.3972 0.0198 -0.0059 -0.4193 0.1241 -1.569434 3.070734 
7.604 1.43 1.50 0.3957 0.3931 -0.0170 0.0055 -0.4193 0.0846 -1.572051 3.070771 
7.704 1.47 1.38 0.3924 0.4037 0.0727 0.0055 -0.4193 0.0448 -1.572051 3.070792 
7.804 1.41 1.48 0.3974 0.3951 -0.0150 0.0055 -0.4194 0.0051 -1.572051 3.070806 
7.904 -9.00 1.46 -1.0126 0.3965 9.0910 -1.1770 -0.4195 -0.0254 -1.451656 3.070824 
8.004 -0.29 1.45 -0.4637 0.3978 5.5580 1.5537 -0.4422 0.0089 -0.389034 3.070888 
8.104 1.32 1.57 0.2823 0.5098 1.4679 0.3956 -0.4170 0.0047 -0.095897 3.070852 
8.204 1.38 1.45 0.3727 0.4253 0.3394 0.0982 -0.3773 0.0026 -0.022612 3.070873 
8.304 1.45 1.49 0.3871 0.4016 0.0933 0.0301 -0.3376 0.0021 -0.006909 3.070935 
8.404 1.40 1.44 0.3975 0.3989 0.0091 0.0073 -0.2978 0.0020 -0.001674 3.070935 
8.504 1.42 1.41 0.3958 0.4013 0.0351 0.0073 -0.2580 0.0019 -0.001674 3.070859 
8.604 1.46 1.43 0.3966 0.3960 -0.0034 -0.0041 -0.2185 0.0019 0.000943 3.070842 
8.704 1.43 1.48 0.3990 0.3925 -0.0417 -0.0041 -0.1787 0.0019 0.000943 3.070734 
8.804 1.38 1.47 0.3993 0.3960 -0.0210 0.0073 -0.1392 0.0019 -0.001674 3.070700 
8.904 1.33 1.56 0.4037 0.3885 -0.0982 0.0073 -0.0994 0.0019 -0.001674 3.070784 
9.004 1.47 1.43 0.3917 0.3995 0.0502 0.0073 -0.0597 0.0018 -0.001674 3.070774 
9.104 1.42 1.53 0.3998 0.3880 -0.0760 -0.0041 -0.0201 0.0018 0.000943 3.070776 
9.204 -0.20 -0.48 0.0180 0.0385 0.1319 0.0000 0.0014 0.0018 0.000943 3.070809 
9.304 0.09 0.42 -0.0060 -0.0367 -0.1981 0.0000 0.0010 0.0018 0.000943 3.070819 
9.404 0.15 -0.38 -0.0049 0.0238 0.1851 0.0000 0.0010 0.0018 0.006178 3.070858 
9.504 0.12 -0.38 -0.0023 0.0241 0.1700 0.0000 0.0010 0.0018 0.006178 3.070812 
9.604 0.07 0.31 -0.0015 -0.0304 -0.1868 0.0000 0.0008 0.0018 0.003561 3.070806 
9.704 0.07 0.28 -0.0011 -0.0283 -0.1760 0.0000 0.0008 0.0018 0.003561 3.070794 
9.804 0.10 -0.40 -0.0008 0.0252 0.1679 0.0000 0.0010 0.0018 0.006178 3.070895 
9.904 0.06 0.32 -0.0000 -0.0312 -0.2011 0.0000 0.0008 0.0018 0.003561 3.070838 
10.004 0.06 0.34 -0.0000 -0.0330 -0.2129 0.0000 0.0008 0.0018 0.003561 3.070800 
10.104 0.06 0.28 -0.0000 -0.0282 -0.1819 0.0000 0.0008 0.0018 0.003561 3.070831 
10.204 0.10 -0.39 -0.0000 0.0246 0.1588 0.0000 0.0010 0.0018 0.006178 3.070881 
10.305 0.06 0.30 -0.0000 -0.0294 -0.1895 0.0000 0.0008 0.0018 0.003561 3.070846 
10.405 0.10 -0.40 -0.0000 0.0255 0.1645 0.0000 0.0010 0.0018 0.006178 3.070782 
10.505 0.10 -0.39 -0.0000 0.0245 0.1580 0.0000 0.0010 0.0018 0.006178 3.070853 
10.605 0.06 0.26 -0.0000 -0.0265 -0.1711 0.0000 0.0008 0.0018 0.003561 3.071061 
10.705 0.06 0.28 -0.0000 -0.0278 -0.1796 0.0000 0.0008 0.0018 0.003561 3.071193 
10.805 0.10 -0.39 -0.0000 0.0243 0.1565 0.0000 0.0010 0.0018 0.006178 3.071206 
10.905 0.10 -0.40 -0.0000 0.0254 0.1637 0.0000 0.0010 0.0018 0.006178 3.071333 
11.005 0.06 0.34 -0.0000 -0.0330 -0.2131 0.0000 0.0008 0.0018 0.003561 3.071357 
11.105 0.06 0.31 -0.0000 -0.0305 -0.1971 0.0000 0.0008 0.0018 0.003561 3.071486 
11.205 0.06 0.28 -0.0000 -0.0281 -0.1814 0.0000 0.0008 0.0018 0.003561 3.071490 
11.305 0.10 -0.39 -0.0000 0.0243 0.1567 0.0000 0.0010 0.0018 0.006178 3.071519 
11.405 0.10 -0.39 -0.0000 0.0244 0.1571 0.0000 0.0010 0.0018 0.006178 3.071547 
11.505 0.06 0.30 -0.0000 -0.0297 -0.1916 0.0000 0.0008 0.0018 0.003561 3.071611 
11.605 0.06 0.30 -0.0000 -0.0299 -0.1932 0.0000 0.0008 0.0018 0.003561 3.071654 
11.705 0.10 -0.36 -0.0000 0.0224 0.1447 0.0000 0.0010 0.0018 0.006178 3.071763 
11.805 0.10 -0.33 -0.0000 0.0199 0.1281 0.0000 0.0010 0.0018 0.006178 3.071665 
11.905 0.06 0.27 -0.0000 -0.0273 -0.1760 0.0000 0.0008 0.0018 0.003561 3.071636 
12.005 0.06 0.29 -0.0000 -0.0285 -0.1841 0.0000 0.0008 0.0018 0.003561 3.071570 
12.105 0.06 0.27 -0.0000 -0.0269 -0.1738 0.0000 0.0008 0.0018 0.003561 3.071539 
12.205 0.10 -0.38 -0.0000 0.0233 0.1505 0.0000 0.0010 0.0018 0.006178 3.071523 
12.305 0.10 -0.41 -0.0000 0.0260 0.1677 0.0000 0.0010 0.0018 0.006178 3.071465 
12.405 0.06 0.28 -0.0000 -0.0283 -0.1824 0.0000 0.0008 0.0018 0.003561 3.071311 
12.505 0.06 0.27 -0.0000 -0.0268 -0.1732 0.0000 0.0008 0.0018 0.003561 3.071186 
12.605 0.06 0.26 -0.0000 -0.0259 -0.1670 0.0000 0.0008 0.0018 0.003561 3.071184 
12.706 0.06 0.24 -0.0000 -0.0248 -0.1599 0.0000 0.0008 0.0018 0.003561 3.071143 
12.806 0.10 -0.34 -0.0000 0.0204 0.1314 0.0000 0.0010 0.0018 0.006178 3.071118 
12.906 0.10 -0.40 -0.0000 0.0253 0.1632 0.0000 0.0010 0.0018 0.006178 3.071022 
13.006 0.06 0.28 -0.0000 -0.0275 -0.1777 0.0000 0.0008 0.0018 0.003561 3.071016 
13.106 0.06 0.31 -0.0000 -0.0303 -0.1956 0.0000 0.0008 0.0018 0.003561 3.071022 
13.206 0.10 -0.36 -0.0000 0.0218 0.1407 0.0000 0.0010 0.0018 0.006178 3.071036 
13.306 0.10 -0.38 -0.0000 0.0238 0.1537 0.0000 0.0010 0.0018 0.006178 3.071077 
13.406 0.06 0.34 -0.0000 -0.0326 -0.2105 0.0000 0.0008 0.0018 0.003561 3.071094 
13.506 0.06 0.29 -0.0000 -0.0292 -0.1885 0.0000 0.0008 0.0018 0.003561 3.071173 
13.606 0.10 -0.41 -0.0000 0.0262 0.1693 0.0000 0.0010 0.0018 0.006178 3.071292 
13.706 0.10 -0.42 -0.0000 0.0269 0.1735 0.0000 0.0010 0.0018 0.006178 3.071331 
13.806 0.06 0.29 -0.0000 -0.0287 -0.1854 0.0000 0.0008 0.0018 0.003561 3.071332 
13.906 0.06 0.29 -0.0000 -0.0290 -0.1873 0.0000 0.0008 0.0018 0.003561 3.071311 
14.006 0.06 0.25 -0.0000 -0.0257 -0.1656 0.0000 0.0008 0.0018 0.003561 3.071369 
14.106 0.10 -0.39 -0.0000 0.0245 0.1581 0.0000 0.0010 0.0018 0.006178 3.071425 
14.206 0.10 -0.47 -0.0000 0.0311 0.2009 0.0000 0.0010 0.0018 0.006178 3.071484 
14.306 0.10 -0.40 -0.0000 0.0252 0.1626 0.0000 0.0010 0.0018 0.006178 3.071502 
14.406 0.06 0.30 -0.0000 -0.0299 -0.1932 0.0000 0.0008 0.0018 0.003561 3.071498 
14.506 0.06 0.33 -0.0000 -0.0323 -0.2082 0.0000 0.0008 0.0018 0.003561 3.071470 
14.606 0.10 -0.39 -0.0000 0.0248 0.1597 0.0000 0.0010 0.0018 0.006178 3.071458 
14.706 0.10 -0.38 -0.0000 0.0234 0.1508 0.0000 0.0010 0.0018 0.006178 3.071369 
14.806 0.06 0.25 -0.0000 -0.0255 -0.1648 0.0000 0.0008 0.0018 0.003561 3.071378 
14.906 0.06 0.27 -0.0000 -0.0274 -0.1770 0.0000 0.0008 0.0018 0.003561 3.071375 
15.006 0.06 0.28 -0.0000 -0.0278 -0.1792 0.0000 0.0008 0.0018 0.003561 3.071397 
15.106 0.10 -0.43 -0.0000 0.0283 0.1823 0.0000 0.0010 0.0018 0.006178 3.071407 
15.207 0.10 -0.41 -0.0000 0.0265 0.1708 0.0000 0.0010 0.0018 0.006178 3.071343 
15.307 0.06 0.30 -0.0000 -0.0296 -0.1911 0.0000 0.0008 0.0018 0.003561 3.071334 
15.407 0.06 0.28 -0.0000 -0.0281 -0.1811 0.0000 0.0008 0.0018 0.003561 3.071388 
15.507 0.10 -0.38 -0.0000 0.0239 0.1541 0.0000 0.0010 0.0018 0.006178 3.071470 
15.607 0.10 -0.44 -0.0000 0.0288 0.1856 0.0000 0.0010 0.0018 0.006178 3.071484 
15.707 0.10 -0.40 -0.0000 0.0256 0.1651 0.0000 0.0010 0.0018 0.006178 3.071514 
15.807 0.06 0.34 -0.0000 -0.0327 -0.2110 0.0000 0.0008 0.0018 0.003561 3.071562 
15.907 0.06 0.31 -0.0000 -0.0301 -0.1942 0.0000 0.0008 0.0018 0.003561 3.071410 
16.007 0.06 0.30 -0.0000 -0.0295 -0.1900 0.0000 0.0008 0.0018 0.003561 3.071397 
16.107 0.10 -0.39 -0.0000 0.0248 0.1602 0.0000 0.0010 0.0018 0.006178 3.071374 
16.207 0.10 -0.36 -0.0000 0.0222 0.1435 0.0000 0.0010 0.0018 0.006178 3.071404 
16.307 0.10 -0.39 -0.0000 0.0242 0.1564 0.0000 0.0010 0.0018 0.006178 3.071319 
16.407 0.06 0.27 -0.0000 -0.0272 -0.1752 0.0000 0.0008 0.0018 0.003561 3.071238 
16.507 0.06 0.27 -0.0000 -0.0273 -0.1760 0.0000 0.0008 0.0018 0.003561 3.071290 
16.607 0.06 0.26 -0.0000 -0.0261 -0.1685 0.0000 0.0008 0.0018 0.003561 3.071270 
16.706 0.10 -0.40 -0.0000 0.0253 0.1634 0.0000 0.0010 0.0018 0.006178 3.071278 
16.806 0.10 -0.42 -0.0000 0.0274 0.1767 0.0000 0.0010 0.0018 0.006178 3.071271 
16.906 0.06 0.31 -0.0000 -0.0307 -0.1981 0.0000 0.0008 0.0018 0.003561 3.071235 
17.006 0.06 0.32 -0.0000 -0.0314 -0.2023 0.0000 0.0008 0.0018 0.003561 3.071237 
17.106 0.06 0.28 -0.0000 -0.0278 -0.1796 0.0000 0.0008 0.0018 0.003561 3.071318 
17.206 0.06 0.28 -0.0000 -0.0277 -0.1786 0.0000 0.0008 0.0018 0.003561 3.071309 
17.306 0.10 -0.41 -0.0000 0.0260 0.1677 0.0000 0.0010 0.0018 0.006178 3.071353 
17.406 0.06 0.27 -0.0000 -0.0273 -0.1760 0.0000 0.0008 0.0018 0.003561 3.071405 
17.506 0.06 0.28 -0.0000 -0.0282 -0.1819 0.0000 0.0008 0.0018 0.003561 3.071456 
17.606 0.06 0.30 -0.0000 -0.0300 -0.1938 0.0000 0.0008 0.0018 0.003561 3.071461 
17.706 0.06 0.27 -0.0000 -0.0271 -0.1748 0.0000 0.0008 0.0018 0.003561 3.071505 
17.806 0.10 -0.39 -0.0000 0.0249 0.1604 0.0000 0.0010 0.0018 0.006178 3.071510 
17.906 0.10 -0.43 -0.0000 0.0281 0.1812 0.0000 0.0010 0.0018 0.006178 3.071498 
18.006 0.06 0.28 -0.0000 -0.0281 -0.1811 0.0000 0.0008 0.0018 0.003561 3.071501 
18.106 0.06 0.30 -0.0000 -0.0294 -0.1897 0.0000 0.0008 0.0018 0.003561 3.071549 
18.206 0.06 0.29 -0.0000 -0.0289 -0.1866 0.0000 0.0008 0.0018 0.003561 3.071438 
18.306 0.10 -0.39 -0.0000 0.0249 0.1604 0.0000 0.0010 0.0018 0.006178 3.071342 
18.406 0.10 -0.44 -0.0000 0.0286 0.1848 0.0000 0.0010 0.0018 0.006178 3.071365 
18.505 0.06 0.30 -0.0000 -0.0298 -0.1924 0.0000 0.0008 0.0018 0.003561 3.071382 
18.605 0.06 0.28 -0.0000 -0.0282 -0.1816 0.0000 0.0008 0.0018 0.003561 3.071391 
18.705 0.06 0.28 -0.0000 -0.0278 -0.1791 0.0000 0.0008 0.0018 0.003561 3.071431 
18.805 0.06 0.27 -0.0000 -0.0270 -0.1745 0.0000 0.0008 0.0018 0.003561 3.071420 
18.905 0.06 0.24 -0.0000 -0.0250 -0.1612 0.0000 0.0008 0.0018 0.003561 3.071482 
19.005 0.10 -0.40 -0.0000 0.0256 0.1652 0.0000 0.0010 0.0018 0.006178 3.071439 
19.105 0.10 -0.36 -0.0000 0.0219 0.1413 0.0000 0.0010 0.0018 0.006178 3.071392 
19.205 0.10 -0.40 -0.0000 0.0251 0.1617 0.0000 0.0010 0.0018 0.006178 3.071399 
19.305 0.10 -0.41 -0.0000 0.0260 0.1679 0.0000 0.0010 0.0018 0.006178 3.071392 
19.405 0.06 0.29 -0.0000 -0.0290 -0.1870 0.0000 0.0008 0.0018 0.003561 3.071412 
19.505 0.06 0.26 -0.0000 -0.0263 -0.1700 0.0000 0.0008 0.0018 0.003561 3.071361 
19.605 0.10 -0.40 -0.0000 0.0253 0.1630 0.0000 0.0010 0.0018 0.006178 3.071358 
19.705 0.10 -0.34 -0.0000 0.0206 0.1327 0.0000 0.0010 0.0018 0.006178 3.071369 
19.805 0.10 -0.36 -0.0000 0.0223 0.1439 0.0000 0.0010 0.0018 0.006178 3.071371 
19.905 0.06 0.33 -0.0000 -0.0321 -0.2074 0.0000 0.0008 0.0018 0.003561 3.071295 
20.005 0.06 0.28 -0.0000 -0.0277 -0.1788 0.0000 0.0008 0.0018 0.003561 3.071356 
20.105 0.06 0.28 -0.0000 -0.0279 -0.1802 0.0000 0.0008 0.0018 0.003561 3.071402 
20.205 0.10 -0.37 -0.0000 0.0226 0.1455 0.0000 0.0010 0.0018 0.006178 3.071444 
20.304 0.10 -0.37 -0.0000 0.0226 0.1459 0.0000 0.0010 0.0018 0.006178 3.071487 
20.404 0.06 0.29 -0.0000 -0.0291 -0.1880 0.0000 0.0008 0.0018 0.003561 3.071473 
20.504 0.06 0.34 -0.0000 -0.0326 -0.2105 0.0000 0.0008 0.0018 0.003561 3.071458 
20.604 0.06 0.30 -0.0000 -0.0301 -0.1939 0.0000 0.0008 0.0018 0.003561 3.071444 
20.704 0.10 -0.40 -0.0000 0.0256 0.1650 0.0000 0.0010 0.0018 0.006178 3.071448 
20.804 0.10 -0.38 -0.0000 0.0241 0.1553 0.0000 0.0010 0.0018 0.006178 3.071484 
20.904 0.06 0.29 -0.0000 -0.0292 -0.1887 0.0000 0.0008 0.0018 0.003561 3.071499 
21.004 0.06 0.30 -0.0000 -0.0299 -0.1929 0.0000 0.0008 0.0018 0.003561 3.071463 
21.104 0.06 0.30 -0.0000 -0.0294 -0.1898 0.0000 0.0008 0.0018 0.003561 3.071457 
21.204 0.06 0.27 -0.0000 -0.0275 -0.1772 0.0000 0.0008 0.0018 0.003561 3.071475 
21.304 0.10 -0.39 -0.0000 0.0244 0.1576 0.0000 0.0010 0.0018 0.006178 3.071546 
21.404 0.10 -0.35 -0.0000 0.0209 0.1349 0.0000 0.0010 0.0018 0.006178 3.071593 
21.504 0.10 -0.40 -0.0000 0.0250 0.1613 0.0000 0.0010 0.0018 0.006178 3.071565 
21.604 0.06 0.29 -0.0000 -0.0287 -0.1852 0.0000 0.0008 0.0018 0.003561 3.071499 
21.704 0.06 0.28 -0.0000 -0.0279 -0.1797 0.0000 0.0008 0.0018 0.003561 3.071512 
21.804 0.10 -0.36 -0.0000 0.0222 0.1431 0.0000 0.0010 0.0018 0.006178 3.071488 
21.904 0.10 -0.37 -0.0000 0.0229 0.1475 0.0000 0.0010 0.0018 0.006178 3.071536 
22.004 0.06 0.30 -0.0000 -0.0295 -0.1901 0.0000 0.0008 0.0018 0.003561 3.071501 
22.103 0.06 0.26 -0.0000 -0.0266 -0.1718 0.0000 0.0008 0.0018 0.003561 3.071537 
22.203 0.06 0.27 -0.0000 -0.0270 -0.1742 0.0000 0.0008 0.0018 0.003561 3.071534 
22.303 0.10 -0.38 -0.0000 0.0236 0.1522 0.0000 0.0010 0.0018 0.006178 3.071481 
22.403 0.10 -0.37 -0.0000 0.0229 0.1479 0.0000 0.0010 0.0018 0.006178 3.071522 
22.503 0.10 -0.41 -0.0000 0.0265 0.1713 0.0000 0.0010 0.0018 0.006178 3.071466 
22.603 0.10 -0.37 -0.0000 0.0229 0.1474 0.0000 0.0010 0.0018 0.006178 3.071448 
22.703 0.10 -0.37 -0.0000 0.0228 0.1473 0.0000 0.0010 0.0018 0.006178 3.071527 
22.803 0.06 0.30 -0.0000 -0.0296 -0.1908 0.0000 0.0008 0.0018 0.003561 3.071558 
22.903 0.06 0.30 -0.0000 -0.0295 -0.1904 0.0000 0.0008 0.0018 0.003561 3.071465 
23.003 0.06 0.27 -0.0000 -0.0275 -0.1771 0.0000 0.0008 0.0018 0.003561 3.071442 
23.103 0.06 0.26 -0.0000 -0.0264 -0.1702 0.0000 0.0008 0.0018 0.003561 3.071485 
23.203 0.06 0.24 -0.0000 -0.0248 -0.1603 0.0000 0.0008 0.0018 0.003561 3.071430 
23.303 0.10 -0.39 -0.0000 0.0244 0.1576 0.0000 0.0010 0.0018 0.006178 3.071409 
23.403 0.10 -0.37 -0.0000 0.0226 0.1460 0.0000 0.0010 0.0018 0.006178 3.071423 
23.503 0.10 -0.37 -0.0000 0.0226 0.1461 0.0000 0.0010 0.0018 0.006178 3.071468 
23.603 0.06 0.29 -0.0000 -0.0285 -0.1836 0.0000 0.0008 0.0018 0.003561 3.071445 
23.703 0.06 0.29 -0.0000 -0.0291 -0.1876 0.0000 0.0008 0.0018 0.003561 3.071418 
23.803 0.06 0.26 -0.0000 -0.0264 -0.1702 0.0000 0.0008 0.0018 0.003561 3.071431 
23.902 0.06 0.24 -0.0000 -0.0246 -0.1587 0.0000 0.0008 0.0018 0.003561 3.071433 
24.002 0.10 -0.39 -0.0000 0.0242 0.1560 0.0000 0.0010 0.0018 0.006178 3.071413 
24.102 0.10 -0.38 -0.0000 0.0239 0.1539 0.0000 0.0010 0.0018 0.006178 3.071408 
24.202 0.06 0.30 -0.0000 -0.0294 -0.1894 0.0000 0.0008 0.0018 0.003561 3.071496 
24.302 0.06 0.29 -0.0000 -0.0287 -0.1852 0.0000 0.0008 0.0018 0.003561 3.071510 
24.402 0.06 0.27 -0.0000 -0.0270 -0.1745 0.0000 0.0008 0.0018 0.003561 3.071409 
