% Freja (4)
%  1    time 0.001 sec
%  2  3 Motor voltage [V] left, right: -0.02 0.02
%  4  5 Wheel velocity [m/s] left, right: 0.0000 -0.0000
% 6 7 Turnrate [r/s]: -0.0000, steer angle [rad]: -1.5708
%  8  9 10 11 Pose x,y,h,tilt [m,m,rad,rad]: 0 0 0 -0.669358
0.001 -0.02 0.02 0.0000 -0.0000 -0.0000 -1.5708 0.0000 0.0000 0.000000 -0.669358 
0.025 -0.28 0.28 0.0000 -0.0000 -0.0000 -1.5708 0.0000 0.0000 0.000000 -0.669363 
0.049 -0.54 0.54 -0.0000 0.0000 0.0000 -1.5708 0.0000 -0.0000 0.005235 -0.669360 
0.073 -0.80 0.36 -0.0000 0.0372 0.2402 -1.5708 0.0004 0.0000 0.010469 -0.669759 
0.097 -0.92 0.92 -0.0120 0.0116 0.1523 -1.5708 0.0002 0.0000 0.013086 -0.669664 
0.121 -1.21 1.24 -0.0093 0.0069 0.1044 -1.5708 0.0002 0.0000 0.013086 -0.669781 
0.145 -1.51 1.52 -0.0060 0.0049 0.0703 -1.5708 0.0002 0.0000 0.013086 -0.669755 
0.169 -1.77 1.79 -0.0057 0.0047 0.0673 -1.5708 0.0002 -0.0000 0.018321 -0.668667 
0.193 -1.65 1.75 -0.0381 0.0293 0.4348 -1.5708 0.0002 0.0000 0.028790 -0.667390 
0.217 -1.67 1.72 -0.0582 0.0540 0.7242 -1.5708 0.0002 0.0000 0.044494 -0.668102 
0.241 -2.08 1.90 -0.0459 0.0608 0.6881 -1.5708 0.0002 0.0000 0.060198 -0.668540 
0.265 -1.95 1.59 -0.0783 0.1076 1.1997 -1.5708 0.0006 0.0000 0.086371 -0.667030 
0.289 -2.30 2.10 -0.0706 0.0874 1.0195 -1.5708 0.0008 0.0000 0.109926 -0.668539 
0.313 -2.27 1.98 -0.0950 0.1191 1.3814 -1.5708 0.0012 0.0001 0.141334 -0.667866 
0.337 -2.25 2.13 -0.1176 0.1278 1.5835 -1.5708 0.0012 0.0001 0.177976 -0.668357 
0.361 -1.99 2.33 -0.1618 0.1332 1.9031 -1.5708 0.0016 0.0002 0.219853 -0.668777 
0.385 -1.74 2.09 -0.2044 0.1748 2.4464 -1.5708 0.0016 0.0002 0.266964 -0.668779 
0.409 -2.09 1.67 -0.1964 0.2319 2.7630 -1.5708 0.0018 0.0002 0.321928 -0.668474 
0.433 -2.58 2.30 -0.1778 0.1957 2.4099 -1.5672 0.0020 0.0003 0.382126 -0.668262 
0.457 -2.42 2.15 -0.2124 0.2082 2.7135 -1.5517 0.0020 0.0003 0.444941 -0.669043 
0.481 -2.46 1.99 -0.2310 0.2215 2.9194 -1.5371 0.0020 0.0003 0.512990 -0.669136 
0.505 -2.70 1.76 -0.2326 0.2412 3.0563 -1.5233 0.0020 0.0003 0.586274 -0.669448 
0.529 -2.64 1.80 -0.2591 0.2376 3.2040 -1.5101 0.0017 0.0001 0.659558 -0.669876 
0.553 -2.58 1.97 -0.2856 0.2234 3.2838 -1.4976 0.0014 -0.0002 0.738076 -0.669206 
0.577 -2.50 1.88 -0.3142 0.2311 3.5184 -1.4858 0.0008 -0.0008 0.821829 -0.669046 
0.601 -2.72 1.88 -0.3178 0.2311 3.5416 -1.4745 0.0001 -0.0015 0.902964 -0.668223 
0.625 -2.56 2.10 -0.3523 0.2122 3.6417 -1.4637 -0.0006 -0.0025 0.986717 -0.667606 
0.649 -2.71 1.83 -0.3618 0.2353 3.8521 -1.4535 -0.0013 -0.0037 1.078322 -0.667324 
0.673 -2.83 2.14 -0.3732 0.2088 3.7545 -1.4437 -0.0021 -0.0054 1.164692 -0.667779 
0.697 -2.55 2.11 -0.3822 0.2118 3.8322 -1.4502 -0.0028 -0.0073 1.258914 -0.666662 
0.721 -2.40 1.85 -0.3732 0.2329 3.9104 -1.4603 -0.0033 -0.0090 1.350519 -0.666922 
0.745 -2.33 2.24 -0.3572 0.2006 3.5986 -1.4708 -0.0036 -0.0108 1.442123 -0.669454 
0.769 -2.15 1.98 -0.3502 0.2223 3.6935 -1.4820 -0.0038 -0.0129 1.531111 -0.671513 
0.793 -1.95 2.21 -0.3457 0.1917 3.4669 -1.4850 -0.0038 -0.0145 1.614864 -0.672336 
0.817 -2.04 1.72 -0.3167 0.2106 3.4017 -1.4806 -0.0037 -0.0161 1.698617 -0.673885 
0.841 -1.87 1.70 -0.3088 0.1908 3.2229 -1.4757 -0.0034 -0.0175 1.779753 -0.674758 
0.865 -1.88 1.51 -0.2860 0.1845 3.0355 -1.4703 -0.0031 -0.0187 1.853037 -0.675526 
0.889 -1.98 1.83 -0.2562 0.1360 2.5303 -1.4642 -0.0027 -0.0200 1.918469 -0.677199 
0.913 -1.74 1.59 -0.2545 0.1343 2.5089 -1.4573 -0.0022 -0.0214 1.983901 -0.679346 
0.937 -1.61 1.55 -0.2434 0.1164 2.3211 -1.4495 -0.0016 -0.0225 2.041483 -0.682114 
0.961 -1.79 1.49 -0.2072 0.0999 1.9809 -1.4405 -0.0011 -0.0235 2.093830 -0.683662 
0.985 -1.50 1.24 -0.2098 0.0990 1.9920 -1.4301 -0.0003 -0.0247 2.138325 -0.685379 
1.009 -1.73 1.41 -0.1686 0.0628 1.4934 -1.4179 0.0003 -0.0258 2.174968 -0.687361 
1.033 -1.91 1.28 -0.1322 0.0523 1.1907 -1.4034 0.0009 -0.0266 2.208994 -0.689005 
1.057 -2.02 1.10 -0.1011 0.0456 0.9467 -1.3860 0.0017 -0.0275 2.235167 -0.690034 
1.081 -1.81 1.11 -0.0969 0.0232 0.7748 -1.3644 0.0023 -0.0283 2.253489 -0.689820 
1.105 -1.60 0.94 -0.0924 0.0153 0.6948 -1.3374 0.0029 -0.0291 2.271810 -0.691183 
1.129 -1.62 0.73 -0.0692 0.0107 0.5150 -1.3023 0.0035 -0.0297 2.282280 -0.692417 
1.153 -1.59 0.52 -0.0497 0.0065 0.3627 -1.2553 0.0039 -0.0302 2.290132 -0.693556 
1.177 -1.51 0.28 -0.0353 0.0047 0.2581 -1.1893 0.0043 -0.0307 2.297984 -0.694100 
1.201 -1.47 0.04 -0.0164 0.0037 0.1297 -1.0911 0.0043 -0.0307 2.297984 -0.695817 
1.225 -1.31 -0.14 -0.0083 -0.0034 0.0316 -0.9336 0.0044 -0.0308 2.295367 -0.694758 
1.249 -1.08 -0.40 -0.0056 -0.0034 0.0138 -0.6625 0.0044 -0.0308 2.295367 -0.694236 
1.273 -0.84 -0.59 -0.0042 -0.0089 -0.0304 -0.2061 0.0045 -0.0310 2.292749 -0.693605 
1.297 -0.59 -0.75 -0.0034 -0.0174 -0.0905 0.3473 0.0047 -0.0311 2.290132 -0.692884 
1.321 -0.34 -1.05 -0.0028 -0.0140 -0.0722 0.7507 0.0048 -0.0313 2.287514 -0.692138 
1.345 -0.08 -1.26 -0.0024 -0.0179 -0.0999 0.9840 0.0049 -0.0314 2.284897 -0.691158 
1.369 0.18 -1.44 -0.0021 -0.0250 -0.1474 1.1217 0.0052 -0.0317 2.279662 -0.690280 
1.393 0.43 -1.68 -0.0019 -0.0270 -0.1619 1.2095 0.0053 -0.0319 2.277045 -0.689666 
1.417 0.35 -1.93 0.0265 -0.0273 -0.3474 1.2694 0.0053 -0.0319 2.266576 -0.689028 
1.441 0.75 -2.02 0.0155 -0.0414 -0.3672 1.3127 0.0056 -0.0322 2.261341 -0.688542 
1.465 1.09 -2.00 0.0085 -0.0654 -0.4764 1.3453 0.0060 -0.0327 2.248254 -0.687876 
1.489 1.23 -2.17 0.0183 -0.0723 -0.5848 1.3707 0.0064 -0.0331 2.235167 -0.687874 
1.513 1.47 -2.10 0.0201 -0.1000 -0.7749 1.3910 0.0069 -0.0338 2.219463 -0.687080 
1.537 1.62 -2.09 0.0295 -0.1226 -0.9811 1.4076 0.0075 -0.0346 2.195907 -0.686533 
1.561 1.72 -2.02 0.0432 -0.1506 -1.2506 1.4214 0.0082 -0.0356 2.169733 -0.686265 
1.585 1.59 -2.13 0.0756 -0.1625 -1.5360 1.4331 0.0087 -0.0364 2.140942 -0.686061 
1.609 1.85 -2.24 0.0755 -0.1752 -1.6173 1.4430 0.0094 -0.0375 2.104299 -0.686118 
1.633 2.07 -2.39 0.0786 -0.1842 -1.6957 1.4517 0.0101 -0.0387 2.065039 -0.685010 
1.657 2.38 -2.19 0.0743 -0.2230 -1.9184 1.4592 0.0108 -0.0401 2.017926 -0.685213 
1.681 2.20 -2.31 0.1114 -0.2346 -2.2320 1.4659 0.0114 -0.0414 1.968197 -0.684648 
1.705 2.27 -2.56 0.1271 -0.2352 -2.3375 1.4718 0.0119 -0.0428 1.913233 -0.683438 
1.729 2.15 -2.26 0.1585 -0.2658 -2.7379 1.4869 0.0124 -0.0443 1.850417 -0.682150 
1.753 2.37 -2.01 0.1608 -0.2824 -2.8597 1.5057 0.0128 -0.0459 1.782368 -0.681186 
1.777 1.95 -1.76 0.1953 -0.2812 -3.0742 1.5197 0.0130 -0.0471 1.714317 -0.680432 
1.801 2.34 -1.49 0.1628 -0.2820 -2.8699 1.5345 0.0131 -0.0485 1.643651 -0.679452 
1.825 1.84 -1.43 0.2049 -0.2656 -3.0357 1.5502 0.0132 -0.0495 1.572983 -0.678742 
1.849 2.25 -1.27 0.1557 -0.2574 -2.6652 1.5551 0.0131 -0.0503 1.504934 -0.678346 
1.873 2.03 -1.23 0.1524 -0.2384 -2.5215 1.5540 0.0130 -0.0513 1.439502 -0.678075 
1.897 1.66 -1.07 0.1620 -0.2302 -2.5304 1.5529 0.0129 -0.0521 1.381921 -0.677027 
1.921 1.30 -1.12 0.1700 -0.2043 -2.4145 1.5515 0.0128 -0.0527 1.321723 -0.676103 
1.945 1.36 -1.11 0.1437 -0.1832 -2.1092 1.5499 0.0126 -0.0533 1.271994 -0.674768 
1.969 1.24 -0.99 0.1314 -0.1717 -1.9557 1.5481 0.0124 -0.0541 1.224883 -0.673261 
1.993 1.29 -0.84 0.1055 -0.1626 -1.7292 1.5459 0.0121 -0.0546 1.180388 -0.672232 
2.017 1.28 -0.79 0.0846 -0.1456 -1.4849 1.5432 0.0119 -0.0552 1.146363 -0.671261 
2.041 1.10 -0.75 0.0781 -0.1266 -1.3204 1.5399 0.0117 -0.0556 1.114955 -0.669513 
2.065 0.93 -0.90 0.0709 -0.0929 -1.0568 1.5356 0.0115 -0.0559 1.088782 -0.668068 
2.089 0.89 -0.76 0.0521 -0.0825 -0.8683 1.5300 0.0113 -0.0565 1.065225 -0.667167 
2.113 0.90 -0.64 0.0303 -0.0707 -0.6515 1.5223 0.0111 -0.0568 1.054756 -0.666816 
2.137 0.76 -0.66 0.0202 -0.0474 -0.4359 1.5110 0.0109 -0.0572 1.044286 -0.666326 
2.161 0.63 -0.58 0.0092 -0.0325 -0.2687 1.4928 0.0107 -0.0575 1.039052 -0.666203 
2.185 0.41 -0.45 0.0060 -0.0216 -0.1777 1.4589 0.0105 -0.0577 1.036434 -0.666513 
2.209 0.16 -0.33 0.0044 -0.0098 -0.0915 1.3732 0.0105 -0.0577 1.036434 -0.666511 
2.233 -0.09 -0.11 0.0035 -0.0062 -0.0625 0.8291 0.0105 -0.0577 1.036434 -0.666681 
2.257 -0.34 0.12 0.0029 -0.0045 -0.0479 -1.2290 0.0105 -0.0577 1.036434 -0.667012 
2.281 -0.59 0.28 0.0025 0.0042 0.0111 -1.4229 0.0107 -0.0575 1.039052 -0.666982 
2.305 -0.34 0.44 -0.0401 0.0128 0.3411 -1.4769 0.0105 -0.0577 1.046904 -0.667031 
2.329 -0.83 0.56 -0.0212 0.0248 0.2967 -1.5020 0.0105 -0.0577 1.052139 -0.667232 
2.353 -1.16 0.94 -0.0157 0.0142 0.1933 -1.5166 0.0105 -0.0577 1.057373 -0.667396 
2.377 -1.49 1.24 -0.0098 0.0110 0.1342 -1.5260 0.0106 -0.0575 1.059991 -0.667297 
2.401 -1.79 1.50 -0.0067 0.0110 0.1138 -1.5327 0.0105 -0.0577 1.062608 -0.667168 
2.425 -1.91 1.59 -0.0181 0.0256 0.2814 -1.5376 0.0106 -0.0575 1.070460 -0.666464 
2.449 -2.03 1.69 -0.0301 0.0388 0.4442 -1.5414 0.0106 -0.0575 1.080929 -0.666699 
2.473 -2.20 1.77 -0.0373 0.0536 0.5861 -1.5444 0.0107 -0.0573 1.094016 -0.666345 
2.497 -2.11 1.84 -0.0664 0.0697 0.8783 -1.5469 0.0107 -0.0573 1.114955 -0.665042 
2.521 -1.97 1.84 -0.1001 0.0914 1.2356 -1.5489 0.0107 -0.0573 1.141129 -0.665048 
2.545 -2.20 1.84 -0.1026 0.1126 1.3882 -1.5507 0.0107 -0.0573 1.172537 -0.664394 
2.569 -2.29 2.00 -0.1170 0.1209 1.5348 -1.5521 0.0107 -0.0573 1.209179 -0.664001 
2.593 -2.49 2.12 -0.1214 0.1330 1.6412 -1.5534 0.0107 -0.0573 1.251056 -0.664199 
2.617 -2.32 2.15 -0.1508 0.1521 1.9546 -1.5603 0.0107 -0.0575 1.300785 -0.663765 
2.641 -1.92 2.02 -0.1840 0.1849 2.3802 1.5631 0.0107 -0.0573 1.355749 -0.664312 
2.665 -1.57 1.78 -0.1990 0.2125 2.6549 1.5451 0.0107 -0.0573 1.413329 -0.664571 
2.689 -1.77 2.01 -0.1613 0.1940 2.2927 1.5257 0.0107 -0.0571 1.473527 -0.664980 
2.713 -1.15 1.77 -0.1910 0.2135 2.6094 1.5050 0.0108 -0.0567 1.531108 -0.666710 
2.737 -1.15 1.82 -0.1690 0.2096 2.4427 1.4832 0.0108 -0.0561 1.591306 -0.668509 
2.761 -1.09 1.41 -0.1523 0.2231 2.4217 1.4759 0.0107 -0.0553 1.643652 -0.670224 
2.785 -1.16 1.80 -0.1251 0.1684 1.8933 1.4684 0.0107 -0.0545 1.690764 -0.671060 
2.809 -1.11 1.30 -0.1076 0.1883 1.9089 1.4595 0.0105 -0.0537 1.737875 -0.671940 
2.833 -1.19 1.28 -0.0791 0.1684 1.5963 1.4489 0.0103 -0.0527 1.777135 -0.673607 
2.857 -0.95 1.37 -0.0774 0.1392 1.3973 1.4362 0.0102 -0.0519 1.813777 -0.674892 
2.881 -0.86 1.20 -0.0630 0.1321 1.2586 1.4205 0.0100 -0.0513 1.842568 -0.676812 
2.905 -0.82 1.25 -0.0449 0.1054 0.9698 1.4007 0.0097 -0.0504 1.866124 -0.677522 
2.929 -0.66 1.12 -0.0369 0.0953 0.8528 1.3749 0.0095 -0.0496 1.887063 -0.678260 
2.953 -0.63 1.29 -0.0176 0.0590 0.4946 1.3401 0.0094 -0.0492 1.897532 -0.679089 
2.977 -0.44 1.26 -0.0118 0.0402 0.3356 1.2907 0.0092 -0.0486 1.905385 -0.678723 
3.001 -0.23 1.08 -0.0069 0.0335 0.2608 1.2155 0.0090 -0.0482 1.910619 -0.678693 
3.025 0.00 0.96 -0.0049 0.0213 0.1695 1.0893 0.0090 -0.0480 1.913237 -0.677876 
3.049 0.25 0.82 -0.0038 0.0111 0.0964 0.8474 0.0090 -0.0480 1.913237 -0.677348 
3.073 0.42 0.62 0.0037 0.0067 0.0196 0.3375 0.0089 -0.0479 1.910619 -0.677273 
3.097 0.68 0.38 0.0037 0.0048 0.0073 -0.4066 0.0089 -0.0479 1.910619 -0.677053 
3.121 0.27 0.13 0.0591 0.0037 -0.3574 -0.8810 0.0087 -0.0473 1.902767 -0.676986 
3.145 0.99 -0.12 0.0214 0.0031 -0.1184 -1.1058 0.0086 -0.0471 1.900150 -0.676926 
3.169 1.34 -0.38 0.0136 0.0026 -0.0710 -1.2249 0.0086 -0.0469 1.897532 -0.677002 
3.193 1.60 -0.58 0.0136 -0.0024 -0.1030 -1.2967 0.0086 -0.0471 1.894915 -0.677090 
3.217 1.87 -0.30 0.0127 -0.0470 -0.3852 -1.3442 0.0087 -0.0473 1.887063 -0.676881 
3.241 2.14 -0.96 0.0120 -0.0139 -0.1674 -1.3779 0.0086 -0.0471 1.884446 -0.676262 
3.265 2.40 -1.29 0.0120 -0.0080 -0.1296 -1.4029 0.0087 -0.0473 1.881828 -0.675916 
3.289 2.51 -1.40 0.0246 -0.0209 -0.2940 -1.4223 0.0086 -0.0471 1.873976 -0.676128 
3.313 2.18 -1.49 0.0739 -0.0343 -0.6982 -1.4376 0.0086 -0.0469 1.860889 -0.677507 
3.337 2.49 -1.49 0.0697 -0.0567 -0.8152 -1.4501 0.0085 -0.0467 1.842568 -0.678078 
3.361 2.04 -1.46 0.1289 -0.0808 -1.3530 -1.4605 0.0084 -0.0463 1.816395 -0.678717 
3.385 1.97 -1.54 0.1569 -0.0850 -1.5604 -1.4556 0.0083 -0.0457 1.787604 -0.678988 
3.409 1.74 -1.42 0.1910 -0.0884 -1.8026 -1.4349 0.0081 -0.0451 1.748344 -0.678855 
3.433 2.16 -1.09 0.1560 -0.0940 -1.6130 -1.4060 0.0080 -0.0445 1.709084 -0.679055 
3.457 2.18 -0.78 0.1544 -0.0985 -1.6316 -1.3749 0.0079 -0.0437 1.672442 -0.678856 
3.481 2.28 -0.73 0.1463 -0.0804 -1.4623 -1.3414 0.0079 -0.0427 1.633182 -0.678532 
3.505 1.70 -0.72 0.1946 -0.0602 -1.6442 -1.3052 0.0078 -0.0417 1.593922 -0.678007 
3.529 1.85 -0.56 0.1818 -0.0515 -1.5047 -1.2663 0.0078 -0.0403 1.559897 -0.678001 
3.553 1.97 -0.43 0.1707 -0.0410 -1.3657 -1.2248 0.0079 -0.0386 1.528489 -0.678172 
3.577 2.06 -0.38 0.1418 -0.0235 -1.0669 -1.1877 0.0079 -0.0372 1.499698 -0.677963 
3.601 1.83 -0.23 0.1391 -0.0141 -0.9885 -1.1423 0.0081 -0.0354 1.476142 -0.677245 
3.625 1.42 -0.04 0.1514 -0.0077 -1.0261 -1.0857 0.0083 -0.0336 1.452586 -0.676321 
3.649 1.34 0.18 0.1364 -0.0053 -0.9140 -1.0135 0.0085 -0.0320 1.431647 -0.674995 
3.673 1.17 0.43 0.1295 -0.0040 -0.8615 -0.9196 0.0087 -0.0304 1.410708 -0.673641 
3.697 1.27 0.14 0.0992 0.0422 -0.3676 -0.7952 0.0090 -0.0288 1.400239 -0.672515 
3.721 1.14 0.59 0.0880 0.0257 -0.4023 -0.6290 0.0093 -0.0274 1.387152 -0.671444 
3.745 1.13 0.82 0.0670 0.0286 -0.2478 -0.4104 0.0095 -0.0260 1.379300 -0.670303 
3.769 1.00 0.94 0.0561 0.0404 -0.1017 -0.1418 0.0097 -0.0250 1.376682 -0.669692 
3.793 1.00 0.98 0.0345 0.0590 0.1580 0.1485 0.0100 -0.0238 1.376682 -0.668300 
3.817 0.93 1.24 0.0257 0.0587 0.2131 0.3716 0.0101 -0.0230 1.381917 -0.668398 
3.841 0.90 1.48 0.0280 0.0603 0.2083 0.4573 0.0103 -0.0220 1.384534 -0.668508 
3.865 0.95 1.71 0.0238 0.0627 0.2513 0.5257 0.0105 -0.0208 1.389769 -0.669136 
3.889 0.88 1.92 0.0295 0.0674 0.2451 0.5809 0.0107 -0.0198 1.397621 -0.669343 
3.913 0.90 1.91 0.0280 0.0897 0.3985 0.6263 0.0109 -0.0184 1.405473 -0.669919 
3.937 0.73 1.97 0.0416 0.1063 0.4177 0.6641 0.0112 -0.0168 1.415943 -0.670944 
3.961 0.80 1.99 0.0362 0.1265 0.5825 0.6959 0.0115 -0.0148 1.426412 -0.671761 
3.985 0.81 2.18 0.0350 0.1321 0.6263 0.7231 0.0117 -0.0130 1.439499 -0.671861 
4.009 0.67 2.08 0.0473 0.1621 0.7405 0.7465 0.0121 -0.0106 1.455203 -0.673274 
4.033 0.65 2.12 0.0503 0.1806 0.8408 0.7613 0.0123 -0.0082 1.470907 -0.674594 
4.057 0.86 2.26 0.0550 0.1764 0.7836 0.7019 0.0126 -0.0053 1.491846 -0.675162 
4.081 1.01 2.20 0.0634 0.1814 0.7612 0.6345 0.0128 -0.0027 1.510168 -0.676304 
4.105 1.33 1.75 0.0585 0.2189 1.0352 0.5660 0.0129 0.0005 1.531106 -0.676890 
4.129 1.18 2.04 0.0932 0.1949 0.6556 0.4971 0.0130 0.0044 1.549428 -0.678079 
4.153 1.41 1.72 0.0957 0.2215 0.8110 0.4285 0.0131 0.0078 1.567750 -0.678629 
4.177 1.61 2.03 0.1005 0.1954 0.6122 0.3607 0.0131 0.0115 1.583454 -0.679028 
4.201 1.66 1.71 0.1184 0.2094 0.5874 0.2667 0.0130 0.0155 1.599158 -0.679990 
4.225 1.89 1.71 0.1209 0.1927 0.4631 0.1612 0.0128 0.0194 1.612245 -0.680939 
4.249 1.73 1.22 0.1557 0.2206 0.4186 0.0618 0.0127 0.0235 1.622714 -0.681363 
4.273 2.25 1.69 0.1342 0.1738 0.2550 -0.0199 0.0124 0.0275 1.627949 -0.681985 
4.297 1.87 1.32 0.1876 0.1971 0.0611 -0.0972 0.0122 0.0320 1.633183 -0.682373 
4.321 1.93 1.43 0.2041 0.1877 -0.1059 -0.1495 0.0119 0.0364 1.633183 -0.683253 
4.345 2.21 1.19 0.2029 0.2042 0.0085 -0.2069 0.0116 0.0413 1.633183 -0.684448 
4.369 2.33 1.50 0.2138 0.1787 -0.2266 -0.2512 0.0113 0.0459 1.630566 -0.685546 
4.393 2.44 1.29 0.2264 0.1979 -0.1842 -0.2874 0.0110 0.0512 1.625331 -0.686076 
4.417 2.28 1.28 0.2576 0.2183 -0.2535 -0.2707 0.0107 0.0567 1.617479 -0.686656 
4.441 2.12 1.30 0.2643 0.2252 -0.2527 -0.2362 0.0105 0.0623 1.612245 -0.686957 
4.465 2.13 1.25 0.2565 0.2366 -0.1285 -0.2073 0.0103 0.0680 1.607010 -0.687679 
4.489 2.11 1.32 0.2513 0.2370 -0.0922 -0.1780 0.0101 0.0741 1.601775 -0.687912 
4.513 1.93 1.27 0.2630 0.2449 -0.1166 -0.1632 0.0099 0.0804 1.599158 -0.687693 
4.537 1.70 1.24 0.2794 0.2512 -0.1816 -0.1484 0.0097 0.0863 1.596540 -0.687401 
4.561 1.64 1.35 0.2808 0.2447 -0.2331 -0.1335 0.0096 0.0925 1.593923 -0.686737 
4.585 1.75 1.50 0.2678 0.2356 -0.2078 -0.1185 0.0095 0.0984 1.591306 -0.686447 
4.609 1.84 1.18 0.2590 0.2645 0.0353 -0.1105 0.0093 0.1047 1.588688 -0.686138 
4.633 1.80 1.21 0.2606 0.2634 0.0184 -0.1035 0.0092 0.1108 1.588688 -0.684719 
4.657 1.66 1.11 0.2722 0.2717 -0.0032 -0.1035 0.0091 0.1173 1.588688 -0.684007 
4.681 1.67 1.30 0.2711 0.2561 -0.0964 -0.1035 0.0090 0.1234 1.588688 -0.683192 
4.705 1.88 1.21 0.2543 0.2632 0.0575 -0.1035 0.0089 0.1295 1.588688 -0.682724 
4.729 1.92 1.21 0.2507 0.2636 0.0838 -0.1035 0.0088 0.1359 1.588688 -0.681364 
4.753 1.95 1.25 0.2483 0.2601 0.0759 -0.1035 0.0087 0.1420 1.588688 -0.680604 
4.777 1.96 1.19 0.2475 0.2653 0.1150 -0.1035 0.0085 0.1485 1.588688 -0.679781 
4.801 1.72 1.29 0.2675 0.2571 -0.0671 -0.1035 0.0084 0.1546 1.588688 -0.679155 
4.825 1.96 1.54 0.2466 0.2369 -0.0625 -0.0995 0.0083 0.1605 1.586071 -0.678408 
4.849 1.85 1.33 0.2529 0.2568 0.0253 -0.0885 0.0082 0.1666 1.586071 -0.677565 
4.873 1.75 1.20 0.2601 0.2686 0.0552 -0.0844 0.0081 0.1729 1.583454 -0.677073 
4.897 1.60 1.42 0.2733 0.2503 -0.1483 -0.0844 0.0081 0.1789 1.583454 -0.676785 
4.921 1.77 1.48 0.2598 0.2440 -0.1020 -0.0885 0.0080 0.1848 1.586071 -0.676887 
4.945 2.07 1.25 0.2353 0.2628 0.1770 -0.0925 0.0079 0.1909 1.586071 -0.676536 
4.969 1.93 1.26 0.2486 0.2602 0.0747 -0.0995 0.0078 0.1970 1.586071 -0.676068 
4.993 1.82 1.50 0.2591 0.2395 -0.1263 -0.1035 0.0077 0.2029 1.588688 -0.675087 
5.017 1.75 1.72 0.2639 0.2221 -0.2699 -0.0995 0.0076 0.2088 1.586071 -0.674743 
5.041 1.85 1.44 0.2532 0.2475 -0.0370 -0.0885 0.0075 0.2148 1.586071 -0.674754 
5.065 1.77 1.50 0.2561 0.2461 -0.0651 -0.0734 0.0074 0.2207 1.583454 -0.674761 
5.089 1.65 1.38 0.2631 0.2594 -0.0238 -0.0582 0.0073 0.2266 1.580836 -0.674809 
5.113 1.61 1.70 0.2665 0.2330 -0.2158 -0.0582 0.0073 0.2327 1.580836 -0.675452 
5.137 1.98 1.64 0.2351 0.2380 0.0184 -0.0582 0.0072 0.2388 1.580836 -0.675233 
5.161 1.97 1.43 0.2331 0.2590 0.1672 -0.0431 0.0072 0.2451 1.578219 -0.675604 
5.185 1.88 1.26 0.2434 0.2695 0.1685 -0.0582 0.0071 0.2509 1.580836 -0.675963 
5.209 1.59 1.42 0.2709 0.2529 -0.1156 -0.0734 0.0070 0.2572 1.583454 -0.676333 
5.233 1.70 1.34 0.2638 0.2578 -0.0386 -0.0814 0.0069 0.2633 1.583454 -0.677201 
5.257 1.93 1.21 0.2468 0.2668 0.1291 -0.0885 0.0069 0.2696 1.586071 -0.677290 
5.281 1.89 1.27 0.2494 0.2622 0.0830 -0.0885 0.0068 0.2757 1.586071 -0.676445 
5.305 1.79 1.34 0.2581 0.2563 -0.0119 -0.0885 0.0067 0.2818 1.586071 -0.675991 
5.329 1.87 1.43 0.2514 0.2488 -0.0170 -0.0885 0.0066 0.2879 1.586071 -0.675907 
5.353 1.93 1.26 0.2473 0.2617 0.0924 -0.0925 0.0065 0.2941 1.588688 -0.676142 
5.377 1.91 1.34 0.2482 0.2564 0.0525 -0.0885 0.0064 0.3004 1.586071 -0.675711 
5.401 1.77 1.37 0.2599 0.2538 -0.0389 -0.0885 0.0063 0.3065 1.586071 -0.675053 
5.425 1.61 1.29 0.2763 0.2572 -0.1232 -0.1035 0.0062 0.3128 1.588688 -0.674335 
5.449 1.49 1.32 0.2862 0.2545 -0.2047 -0.1035 0.0061 0.3193 1.588688 -0.673750 
5.473 1.67 1.25 0.2680 0.2636 -0.0281 -0.0885 0.0060 0.3256 1.586071 -0.673288 
5.497 1.81 1.25 0.2562 0.2631 0.0449 -0.0885 0.0059 0.3321 1.586071 -0.673452 
5.521 1.73 1.19 0.2619 0.2694 0.0485 -0.0844 0.0058 0.3384 1.583454 -0.672725 
5.545 1.65 1.31 0.2667 0.2620 -0.0308 -0.0734 0.0057 0.3444 1.583454 -0.672188 
5.569 1.46 1.53 0.2824 0.2438 -0.2491 -0.0734 0.0056 0.3505 1.583454 -0.671089 
5.593 1.61 1.42 0.2693 0.2526 -0.1081 -0.0734 0.0055 0.3570 1.583454 -0.670917 
5.617 1.91 1.31 0.2450 0.2616 0.1069 -0.0734 0.0054 0.3631 1.583454 -0.670498 
5.641 1.94 1.24 0.2424 0.2676 0.1621 -0.0734 0.0054 0.3692 1.583454 -0.671031 
5.665 1.80 1.46 0.2537 0.2499 -0.0244 -0.0734 0.0053 0.3753 1.583454 -0.671194 
5.689 1.95 1.48 0.2437 0.2450 0.0081 -0.0844 0.0052 0.3814 1.583454 -0.671483 
5.713 1.96 1.40 0.2449 0.2505 0.0360 -0.0925 0.0051 0.3874 1.588688 -0.671527 
5.737 1.84 1.34 0.2546 0.2549 0.0022 -0.0925 0.0050 0.3935 1.588688 -0.671214 
5.761 1.70 1.40 0.2658 0.2511 -0.0945 -0.0885 0.0049 0.3994 1.586071 -0.671183 
5.785 1.71 1.47 0.2647 0.2456 -0.1233 -0.0885 0.0048 0.4055 1.586071 -0.671381 
5.809 1.90 1.34 0.2488 0.2557 0.0443 -0.0885 0.0047 0.4116 1.586071 -0.671614 
5.833 1.83 1.63 0.2504 0.2358 -0.0937 -0.0693 0.0047 0.4177 1.580836 -0.671854 
5.857 1.80 1.52 0.2501 0.2482 -0.0123 -0.0582 0.0046 0.4237 1.580836 -0.671714 
5.881 1.65 1.53 0.2629 0.2470 -0.1022 -0.0582 0.0045 0.4298 1.580836 -0.671648 
5.905 1.67 1.47 0.2616 0.2519 -0.0627 -0.0582 0.0045 0.4359 1.580836 -0.671650 
5.929 1.82 1.25 0.2491 0.2704 0.1370 -0.0582 0.0044 0.4420 1.580836 -0.671527 
5.953 1.91 1.07 0.2446 0.2818 0.2402 -0.0734 0.0043 0.4483 1.583454 -0.672174 
5.977 1.55 1.91 0.2729 0.2141 -0.3792 -0.0653 0.0043 0.4542 1.580836 -0.671984 
6.001 1.57 1.48 0.2694 0.2515 -0.1160 -0.0582 0.0042 0.4603 1.580836 -0.671666 
6.025 2.10 1.25 0.2280 0.2677 0.2558 -0.0704 0.0041 0.4661 1.583454 -0.671085 
6.049 2.12 1.35 0.2273 0.2587 0.2025 -0.0734 0.0041 0.4726 1.583454 -0.670964 
6.073 1.68 1.40 0.2647 0.2536 -0.0715 -0.0774 0.0040 0.4785 1.586071 -0.670702 
6.097 1.82 1.38 0.2552 0.2530 -0.0140 -0.0885 0.0039 0.4846 1.586071 -0.669760 
6.121 1.91 1.30 0.2523 0.2552 0.0188 -0.1075 0.0038 0.4907 1.591306 -0.669386 
6.145 2.18 1.14 0.2299 0.2686 0.2495 -0.1075 0.0037 0.4968 1.591306 -0.668751 
6.169 2.06 1.24 0.2420 0.2577 0.1012 -0.1185 0.0036 0.5028 1.591306 -0.668304 
6.193 1.80 1.23 0.2637 0.2588 -0.0319 -0.1185 0.0034 0.5089 1.591306 -0.667910 
6.217 1.94 1.36 0.2521 0.2479 -0.0270 -0.1185 0.0033 0.5150 1.591306 -0.668312 
6.241 2.03 1.40 0.2447 0.2447 0.0002 -0.1185 0.0032 0.5211 1.591306 -0.668551 
6.265 1.85 1.39 0.2594 0.2456 -0.0892 -0.1185 0.0031 0.5272 1.591306 -0.668965 
6.289 1.64 1.29 0.2739 0.2571 -0.1083 -0.1035 0.0029 0.5331 1.588688 -0.669306 
6.313 1.74 1.44 0.2654 0.2441 -0.1374 -0.1035 0.0028 0.5391 1.588688 -0.668377 
6.337 2.10 1.34 0.2352 0.2528 0.1136 -0.1035 0.0027 0.5452 1.588688 -0.667817 
6.361 2.22 1.37 0.2252 0.2501 0.1606 -0.1035 0.0026 0.5509 1.588688 -0.666995 
6.385 2.02 1.34 0.2452 0.2497 0.0289 -0.1185 0.0025 0.5568 1.591306 -0.667120 
6.409 1.97 1.50 0.2522 0.2329 -0.1245 -0.1305 0.0024 0.5627 1.593923 -0.668380 
6.433 2.11 1.19 0.2412 0.2584 0.1114 -0.1335 0.0023 0.5683 1.593923 -0.668515 
6.457 2.14 1.25 0.2389 0.2530 0.0911 -0.1335 0.0021 0.5744 1.593923 -0.668511 
6.481 2.06 1.26 0.2454 0.2529 0.0485 -0.1335 0.0020 0.5801 1.593923 -0.668851 
6.505 2.18 1.52 0.2360 0.2311 -0.0315 -0.1335 0.0018 0.5858 1.593923 -0.668742 
6.529 2.19 1.73 0.2342 0.2140 -0.1301 -0.1295 0.0017 0.5917 1.591306 -0.669574 
6.553 1.97 1.47 0.2509 0.2376 -0.0856 -0.1225 0.0016 0.5975 1.593923 -0.670409 
6.577 1.82 1.38 0.2612 0.2472 -0.0901 -0.1145 0.0015 0.6032 1.588688 -0.671489 
6.601 2.14 1.53 0.2356 0.2334 -0.0142 -0.1185 0.0013 0.6091 1.591306 -0.672144 
6.625 2.13 1.47 0.2339 0.2414 0.0485 -0.1075 0.0012 0.6148 1.591306 -0.671538 
6.649 2.13 1.34 0.2365 0.2492 0.0819 -0.1185 0.0011 0.6205 1.591306 -0.670879 
6.673 2.31 1.27 0.2267 0.2503 0.1518 -0.1415 0.0010 0.6261 1.596540 -0.670737 
6.697 2.56 1.46 0.2078 0.2329 0.1620 -0.1484 0.0008 0.6318 1.596540 -0.670938 
6.721 2.27 1.39 0.2352 0.2353 0.0009 -0.1632 0.0007 0.6373 1.599158 -0.670923 
6.745 2.34 1.50 0.2298 0.2253 -0.0293 -0.1672 0.0005 0.6428 1.601775 -0.671994 
6.769 2.44 1.59 0.2206 0.2179 -0.0172 -0.1632 0.0004 0.6482 1.599158 -0.671927 
6.793 2.27 1.40 0.2338 0.2349 0.0076 -0.1593 0.0002 0.6537 1.596540 -0.671932 
6.817 2.27 1.61 0.2311 0.2200 -0.0722 -0.1484 0.0001 0.6590 1.596540 -0.671275 
6.841 2.40 1.36 0.2218 0.2399 0.1169 -0.1524 -0.0001 0.6645 1.599158 -0.672583 
6.865 2.28 1.39 0.2314 0.2376 0.0403 -0.1524 -0.0002 0.6701 1.599158 -0.673847 
6.889 2.12 1.36 0.2478 0.2373 -0.0675 -0.1632 -0.0004 0.6758 1.599158 -0.674515 
6.913 2.31 1.26 0.2318 0.2461 0.0924 -0.1632 -0.0005 0.6815 1.599158 -0.674729 
6.937 2.26 1.28 0.2390 0.2404 0.0094 -0.1780 -0.0007 0.6874 1.601775 -0.674364 
6.961 2.23 1.19 0.2420 0.2481 0.0394 -0.1780 -0.0009 0.6931 1.601775 -0.673782 
6.985 2.00 1.16 0.2632 0.2479 -0.0987 -0.1887 -0.0011 0.6987 1.601775 -0.673459 
7.009 2.32 1.21 0.2369 0.2430 0.0397 -0.1909 -0.0013 0.7046 1.604393 -0.673127 
7.033 2.20 1.34 0.2246 0.2324 0.0503 -0.1475 -0.0015 0.7103 1.604393 -0.672803 
7.057 1.60 1.16 0.2535 0.2477 -0.0370 -0.1009 -0.0017 0.7164 1.604393 -0.672796 
7.081 1.56 1.34 0.2347 0.2322 -0.0162 -0.0510 -0.0018 0.7218 1.607010 -0.673107 
7.105 1.68 1.45 0.2031 0.2233 0.1304 0.0023 -0.0020 0.7271 1.607010 -0.671926 
7.129 1.41 1.38 0.2042 0.2292 0.1609 0.0591 -0.0022 0.7326 1.609627 -0.670059 
7.153 1.30 1.16 0.1915 0.2473 0.3600 0.1193 -0.0025 0.7377 1.617479 -0.668872 
7.177 1.31 1.30 0.1690 0.2354 0.4284 0.1828 -0.0027 0.7423 1.625331 -0.667940 
7.201 0.95 1.50 0.1774 0.2194 0.2714 0.2492 -0.0030 0.7472 1.635801 -0.667403 
7.225 1.23 1.35 0.1323 0.2316 0.6409 0.3181 -0.0033 0.7518 1.648888 -0.667248 
7.249 0.94 1.25 0.1343 0.2403 0.6842 0.3891 -0.0037 0.7561 1.661974 -0.667162 
7.273 0.76 1.83 0.1280 0.1916 0.4104 0.4614 -0.0041 0.7603 1.675061 -0.666447 
7.297 0.78 1.40 0.1042 0.2277 0.7966 0.5343 -0.0045 0.7641 1.693383 -0.666525 
7.321 0.74 1.92 0.0861 0.1839 0.6308 0.6072 -0.0050 0.7676 1.711704 -0.665851 
7.345 0.49 1.63 0.0851 0.2083 0.7948 0.6791 -0.0055 0.7712 1.727408 -0.665933 
7.369 0.28 1.94 0.0807 0.1826 0.6580 0.7494 -0.0060 0.7742 1.745730 -0.665278 
7.393 0.24 1.80 0.0626 0.1944 0.8502 0.8175 -0.0066 0.7774 1.766669 -0.665378 
7.417 0.46 2.11 0.0227 0.1681 0.9382 0.8828 -0.0071 0.7795 1.790225 -0.665447 
7.441 -0.12 1.47 0.0492 0.2214 1.1111 0.9451 -0.0078 0.7825 1.813781 -0.665249 
7.465 -0.20 2.00 0.0341 0.1772 0.9233 1.0041 -0.0084 0.7851 1.837337 -0.664870 
7.489 -0.26 1.93 0.0176 0.1835 1.0706 1.0597 -0.0091 0.7874 1.863511 -0.663874 
7.513 -0.41 1.62 0.0086 0.2089 1.2925 1.1118 -0.0098 0.7895 1.892302 -0.663816 
7.537 -0.64 1.85 0.0057 0.1902 1.1900 1.1604 -0.0106 0.7918 1.923710 -0.664306 
7.561 -0.88 1.53 0.0043 0.2162 1.3676 1.2059 -0.0114 0.7939 1.952501 -0.665399 
7.585 -1.13 1.92 0.0034 0.1844 1.1676 1.2481 -0.0123 0.7961 1.983910 -0.666245 
7.609 -1.31 1.53 -0.0031 0.2168 1.4186 1.2875 -0.0132 0.7982 2.017935 -0.667200 
7.633 -1.57 1.96 -0.0031 0.1807 1.1862 1.3240 -0.0143 0.8004 2.049343 -0.667284 
7.657 -1.56 1.79 -0.0259 0.1950 1.4249 1.3580 -0.0152 0.8020 2.083369 -0.667700 
7.681 -1.64 1.49 -0.0412 0.2202 1.6863 1.3896 -0.0162 0.8037 2.120012 -0.667303 
7.705 -1.86 2.03 -0.0441 0.1750 1.4135 1.4190 -0.0172 0.8052 2.159272 -0.667548 
7.729 -2.11 1.80 -0.0451 0.1938 1.5409 1.4464 -0.0181 0.8066 2.195915 -0.668094 
7.753 -2.17 1.86 -0.0618 0.1892 1.6193 1.4719 -0.0191 0.8079 2.237793 -0.666140 
7.777 -2.32 1.56 -0.0712 0.2138 1.8385 1.4957 -0.0200 0.8090 2.277054 -0.667261 
7.801 -2.29 1.78 -0.0948 0.1954 1.8727 1.5180 -0.0208 0.8099 2.324166 -0.665396 
7.825 -2.30 1.48 -0.1158 0.2212 2.1741 1.5388 -0.0217 0.8107 2.376513 -0.664695 
7.849 -2.26 1.93 -0.1408 0.1835 2.0924 1.5584 -0.0224 0.8114 2.426243 -0.664593 
7.873 -2.01 1.58 -0.1834 0.2121 2.5520 -1.5649 -0.0229 0.8118 2.481208 -0.665815 
7.897 -2.39 1.66 -0.1734 0.2060 2.4472 -1.5477 -0.0234 0.8122 2.536172 -0.663562 
7.921 -2.71 1.69 -0.1684 0.2031 2.3967 -1.5316 -0.0237 0.8124 2.593754 -0.661613 
7.945 -2.33 2.00 -0.2222 0.1775 2.5791 -1.5163 -0.0237 0.8124 2.656571 -0.660424 
7.969 -2.62 1.53 -0.2200 0.2161 2.8138 -1.5020 -0.0235 0.8123 2.722005 -0.659505 
7.993 -2.46 1.93 -0.2549 0.1829 2.8241 -1.4884 -0.0230 0.8121 2.792673 -0.658873 
8.017 -2.16 1.59 -0.2706 0.2117 3.1119 -1.4940 -0.0224 0.8119 2.863342 -0.659114 
8.041 -2.01 2.06 -0.2613 0.1721 2.7961 -1.5079 -0.0216 0.8117 2.931393 -0.658964 
8.065 -1.88 1.79 -0.2507 0.1946 2.8732 -1.5226 -0.0208 0.8116 2.999445 -0.660048 
8.089 -1.75 1.84 -0.2395 0.1909 2.7769 -1.5382 -0.0200 0.8115 3.067496 -0.661917 
8.113 -1.75 2.03 -0.2182 0.1751 2.5377 -1.5548 -0.0196 0.8115 3.130313 -0.664577 
8.137 -1.40 1.55 -0.2253 0.2091 2.8024 -1.5679 -0.0194 0.8115 -3.092673 -0.666257 
8.161 -1.97 1.68 -0.1563 0.1768 2.1489 -1.5677 -0.0190 0.8115 -3.035091 -0.667760 
8.185 -1.55 1.80 -0.1697 0.1454 2.0329 -1.5674 -0.0190 0.8115 -2.982744 -0.669619 
8.209 -1.35 1.21 -0.1641 0.1728 2.1733 -1.5672 -0.0192 0.8115 -2.933014 -0.670500 
8.233 -1.43 1.31 -0.1358 0.1429 1.7980 -1.5669 -0.0194 0.8114 -2.888519 -0.671569 
8.257 -1.38 1.43 -0.1189 0.1114 1.4856 -1.5665 -0.0192 0.8115 -2.849259 -0.673545 
8.281 -1.25 1.31 -0.1078 0.0989 1.3335 -1.5660 -0.0192 0.8115 -2.817851 -0.675465 
8.305 -1.53 1.26 -0.0627 0.0814 0.9294 -1.5655 -0.0194 0.8114 -2.794294 -0.677360 
8.353 -1.30 1.20 -0.0384 0.0436 0.5287 -1.5639 -0.0194 0.8114 -2.762886 -0.677550 
8.377 -1.25 1.12 -0.0208 0.0281 0.3154 -1.5627 -0.0194 0.8114 -2.752417 -0.678607 
8.401 -1.04 0.95 -0.0167 0.0206 0.2404 -1.5610 -0.0196 0.8113 -2.749799 -0.679397 
8.425 -0.88 0.83 -0.0084 0.0093 0.1141 -1.5583 -0.0196 0.8113 -2.749799 -0.678424 
8.449 -0.65 0.61 -0.0056 0.0060 0.0749 -1.5536 -0.0196 0.8113 -2.749799 -0.678292 
8.473 -0.41 0.36 -0.0042 0.0044 0.0557 -1.5435 -0.0196 0.8113 -2.749799 -0.677432 
8.497 -0.16 0.12 -0.0034 0.0035 0.0444 -1.5039 -0.0196 0.8113 -2.749799 -0.677360 
8.521 0.09 -0.14 -0.0028 0.0029 0.0369 1.4242 -0.0196 0.8113 -2.749799 -0.676566 
8.545 0.29 -0.39 0.0024 0.0025 0.0003 1.5357 -0.0198 0.8112 -2.752417 -0.676265 
8.569 0.36 -0.26 0.0184 -0.0299 -0.3116 1.5509 -0.0196 0.8113 -2.760269 -0.675783 
8.593 0.67 -0.51 0.0143 -0.0311 -0.2931 1.5569 -0.0196 0.8113 -2.765503 -0.675365 
8.617 0.75 -1.01 0.0294 -0.0114 -0.2633 1.5601 -0.0198 0.8112 -2.768121 -0.674913 
8.641 1.22 -1.26 0.0115 -0.0116 -0.1491 1.5621 -0.0198 0.8112 -2.773355 -0.674274 
8.665 1.49 -1.50 0.0115 -0.0135 -0.1610 1.5635 -0.0196 0.8113 -2.775973 -0.673990 
8.689 1.75 -1.79 0.0106 -0.0112 -0.1410 1.5645 -0.0196 0.8113 -2.781208 -0.673908 
8.713 1.79 -1.75 0.0296 -0.0363 -0.4254 1.5653 -0.0196 0.8113 -2.791677 -0.674232 
8.737 2.05 -1.92 0.0294 -0.0441 -0.4744 1.5658 -0.0194 0.8114 -2.799529 -0.674061 
8.761 2.08 -1.99 0.0485 -0.0595 -0.6971 1.5663 -0.0192 0.8114 -2.817851 -0.673530 
8.785 2.14 -1.90 0.0656 -0.0892 -0.9988 1.5667 -0.0190 0.8115 -2.841407 -0.673665 
8.809 2.33 -1.99 0.0713 -0.1032 -1.1255 1.5671 -0.0188 0.8116 -2.864963 -0.672798 
8.833 2.27 -1.88 0.0975 -0.1229 -1.4218 -1.5634 -0.0184 0.8117 -2.901606 -0.673345 
8.857 2.31 -1.68 0.1163 -0.1402 -1.6552 -1.5425 -0.0186 0.8116 -2.940866 -0.672904 
8.881 2.14 -1.41 0.1376 -0.1479 -1.8419 -1.5207 -0.0182 0.8117 -2.982744 -0.672424 
8.905 1.94 -1.21 0.1542 -0.1429 -1.9170 -1.4966 -0.0182 0.8117 -3.024622 -0.671606 
8.929 2.12 -1.06 0.1397 -0.1335 -1.7624 -1.4707 -0.0182 0.8117 -3.066500 -0.670866 
8.953 1.99 -0.90 0.1500 -0.1255 -1.7773 -1.4427 -0.0182 0.8117 -3.108377 -0.670058 
8.977 2.12 -0.77 0.1394 -0.1144 -1.6376 -1.4125 -0.0186 0.8117 3.138165 -0.669385 
9.001 1.95 -0.76 0.1538 -0.0932 -1.5935 -1.3798 -0.0192 0.8117 3.098904 -0.669184 
9.025 1.90 -0.64 0.1450 -0.0816 -1.4620 -1.3537 -0.0198 0.8118 3.064879 -0.669411 
9.049 1.91 -0.68 0.1227 -0.0564 -1.1553 -1.3308 -0.0206 0.8118 3.033470 -0.668618 
9.073 1.70 -0.56 0.1189 -0.0451 -1.0579 -1.3025 -0.0214 0.8119 3.007297 -0.667691 
9.097 1.79 -0.45 0.0890 -0.0326 -0.7848 -1.2669 -0.0224 0.8121 2.983741 -0.667110 
9.121 1.39 -0.35 0.1012 -0.0192 -0.7770 -1.2209 -0.0234 0.8122 2.965419 -0.666464 
9.145 1.49 -0.17 0.0713 -0.0127 -0.5416 -1.1594 -0.0244 0.8124 2.952332 -0.665645 
9.169 1.14 0.03 0.0787 -0.0072 -0.5548 -1.0738 -0.0254 0.8126 2.939245 -0.664794 
9.193 1.23 0.11 0.0495 0.0073 -0.2719 -0.9490 -0.0262 0.8128 2.934011 -0.662888 
9.217 1.04 0.35 0.0433 0.0089 -0.2222 -0.7581 -0.0270 0.8130 2.928776 -0.662306 
9.241 1.00 0.29 0.0252 0.0360 0.0698 -0.4624 -0.0276 0.8131 2.931393 -0.660098 
9.265 0.92 0.74 0.0101 0.0204 0.0666 -0.0499 -0.0278 0.8131 2.934011 -0.659651 
9.289 0.70 1.07 0.0063 0.0140 0.0497 0.3792 -0.0278 0.8131 2.934011 -0.660042 
9.313 0.46 1.41 0.0046 0.0077 0.0198 0.7027 -0.0278 0.8131 2.934011 -0.660155 
9.337 0.21 1.69 0.0036 0.0062 0.0168 0.9134 -0.0280 0.8132 2.936628 -0.660209 
9.361 -0.04 1.90 0.0030 0.0104 0.0481 1.0502 -0.0282 0.8132 2.939245 -0.660667 
9.385 -0.29 2.02 0.0025 0.0219 0.1247 1.1429 -0.0284 0.8132 2.941863 -0.661466 
9.409 -0.55 2.08 0.0022 0.0384 0.2336 1.2088 -0.0288 0.8133 2.947098 -0.662046 
9.433 -0.07 2.15 -0.0438 0.0547 0.6356 1.2143 -0.0290 0.8134 2.960184 -0.662064 
9.457 -0.44 2.33 -0.0131 0.0614 0.4808 1.2018 -0.0298 0.8135 2.970654 -0.662690 
9.481 -0.51 2.09 -0.0074 0.1033 0.7144 1.1910 -0.0308 0.8137 2.983741 -0.662555 
9.505 -0.54 2.20 -0.0051 0.1156 0.7787 1.1817 -0.0320 0.8139 2.999445 -0.664108 
9.529 -0.30 2.44 -0.0039 0.1079 0.7218 1.1264 -0.0334 0.8140 3.017766 -0.664754 
9.553 -0.05 2.09 -0.0032 0.1370 0.9044 1.0697 -0.0352 0.8142 3.041322 -0.665709 
9.577 0.20 2.04 -0.0027 0.1416 0.9311 1.0089 -0.0368 0.8144 3.062261 -0.666725 
9.601 0.06 1.95 0.0310 0.1491 0.7618 0.9439 -0.0391 0.8145 3.080583 -0.667945 
9.625 0.22 2.02 0.0394 0.1427 0.6661 0.8748 -0.0413 0.8147 3.098904 -0.668663 
9.649 0.65 1.87 0.0252 0.1554 0.8400 0.8020 -0.0433 0.8147 3.119843 -0.669416 
9.673 0.22 1.76 0.0826 0.1645 0.5281 0.7261 -0.0460 0.8148 3.132930 -0.669805 
9.697 0.81 1.92 0.0556 0.1514 0.6181 0.6477 -0.0484 0.8148 -3.134551 -0.671158 
9.721 1.04 1.93 0.0578 0.1508 0.5997 0.5676 -0.0510 0.8147 -3.121464 -0.672201 
9.745 1.10 2.08 0.0747 0.1384 0.4104 0.4870 -0.0537 0.8147 -3.108377 -0.673756 
9.769 1.11 1.77 0.0957 0.1643 0.4422 0.4069 -0.0565 0.8145 -3.092673 -0.674176 
9.793 1.36 1.73 0.0966 0.1671 0.4549 0.3281 -0.0595 0.8144 -3.084821 -0.675908 
9.817 1.61 1.32 0.0973 0.1904 0.6002 0.2231 -0.0628 0.8142 -3.074352 -0.676997 
9.841 1.75 1.48 0.1074 0.1643 0.3671 0.1114 -0.0660 0.8139 -3.063882 -0.678023 
9.865 1.61 1.31 0.1402 0.1714 0.2012 0.0175 -0.0697 0.8136 -3.058648 -0.679439 
9.889 1.73 1.36 0.1522 0.1603 0.0518 -0.0698 -0.0733 0.8133 -3.053413 -0.680826 
9.913 1.69 0.98 0.1775 0.1851 0.0489 -0.1517 -0.0773 0.8130 -3.048178 -0.681647 
9.937 2.40 1.08 0.1400 0.1739 0.2188 -0.2151 -0.0814 0.8126 -3.048178 -0.683013 
9.961 2.34 1.04 0.1667 0.1769 0.0658 -0.2669 -0.0856 0.8122 -3.045561 -0.684543 
9.985 2.19 0.78 0.2005 0.1983 -0.0140 -0.3122 -0.0901 0.8117 -3.045561 -0.684631 
10.009 2.42 1.00 0.2031 0.1802 -0.1474 -0.3533 -0.0947 0.8113 -3.048178 -0.685713 
10.033 2.31 1.23 0.2338 0.1607 -0.4714 -0.3908 -0.0994 0.8109 -3.056030 -0.686453 
10.057 2.53 0.93 0.2372 0.1862 -0.3287 -0.4249 -0.1044 0.8105 -3.063882 -0.687097 
10.081 2.66 0.99 0.2458 0.1988 -0.3032 -0.4080 -0.1097 0.8101 -3.074352 -0.687499 
10.105 2.42 1.51 0.2588 0.1771 -0.5267 -0.3449 -0.1149 0.8098 -3.084821 -0.686840 
10.129 2.27 1.43 0.2571 0.2056 -0.3324 -0.2677 -0.1204 0.8095 -3.097908 -0.686226 
10.153 2.23 1.39 0.2515 0.2219 -0.1914 -0.2197 -0.1261 0.8093 -3.103143 -0.686602 
10.177 2.23 1.37 0.2449 0.2303 -0.0947 -0.1905 -0.1317 0.8091 -3.108377 -0.685900 
10.201 1.89 1.28 0.2665 0.2449 -0.1391 -0.1611 -0.1378 0.8089 -3.113612 -0.685506 
10.226 1.77 1.39 0.2726 0.2393 -0.2146 -0.1462 -0.1437 0.8087 -3.116230 -0.684916 
10.250 1.75 1.49 0.2714 0.2332 -0.2466 -0.1343 -0.1496 0.8086 -3.118847 -0.685292 
10.274 1.92 1.29 0.2561 0.2511 -0.0324 -0.1273 -0.1559 0.8084 -3.121464 -0.684819 
10.298 1.96 1.30 0.2504 0.2528 0.0151 -0.1163 -0.1620 0.8083 -3.121464 -0.684458 
10.322 1.85 1.28 0.2585 0.2560 -0.0160 -0.1123 -0.1680 0.8082 -3.121464 -0.683481 
10.346 1.66 1.26 0.2718 0.2601 -0.0759 -0.1013 -0.1743 0.8081 -3.124082 -0.682679 
10.370 1.87 1.50 0.2533 0.2411 -0.0789 -0.0973 -0.1802 0.8080 -3.126699 -0.682433 
10.394 1.97 1.47 0.2430 0.2454 0.0158 -0.0863 -0.1863 0.8079 -3.126699 -0.682722 
10.418 1.85 1.42 0.2489 0.2530 0.0265 -0.0712 -0.1926 0.8078 -3.129316 -0.681928 
10.442 1.73 1.54 0.2593 0.2433 -0.1029 -0.0712 -0.1987 0.8077 -3.129316 -0.681520 
10.466 1.70 1.49 0.2615 0.2476 -0.0894 -0.0712 -0.2044 0.8076 -3.129316 -0.681490 
10.490 1.79 1.28 0.2554 0.2644 0.0578 -0.0752 -0.2106 0.8076 -3.126699 -0.682220 
10.514 1.91 1.35 0.2439 0.2589 0.0966 -0.0712 -0.2169 0.8075 -3.129316 -0.682369 
10.538 1.95 1.26 0.2416 0.2661 0.1579 -0.0752 -0.2230 0.8074 -3.129316 -0.681564 
10.562 1.92 1.38 0.2469 0.2536 0.0434 -0.0863 -0.2289 0.8073 -3.126699 -0.681367 
10.586 1.95 1.47 0.2475 0.2423 -0.0335 -0.1013 -0.2348 0.8072 -3.124082 -0.681344 
10.610 1.66 1.90 0.2647 0.2133 -0.3316 -0.0712 -0.2409 0.8071 -3.129316 -0.681122 
10.634 1.65 1.36 0.2595 0.2641 0.0294 -0.0439 -0.2469 0.8071 -3.134551 -0.680562 
10.658 1.47 1.64 0.2704 0.2449 -0.1647 -0.0257 -0.2528 0.8070 -3.137168 -0.680149 
10.682 1.61 1.65 0.2586 0.2441 -0.0936 -0.0257 -0.2589 0.8070 -3.137168 -0.678827 
10.706 1.97 1.49 0.2322 0.2542 0.1422 -0.0409 -0.2648 0.8070 -3.134551 -0.679160 
10.730 2.03 1.47 0.2303 0.2530 0.1463 -0.0530 -0.2707 0.8069 -3.131934 -0.678673 
10.754 1.86 1.48 0.2471 0.2500 0.0186 -0.0641 -0.2770 0.8068 -3.129316 -0.678647 
10.778 1.71 1.44 0.2606 0.2517 -0.0574 -0.0712 -0.2830 0.8068 -3.129316 -0.678764 
10.802 1.74 1.16 0.2617 0.2713 0.0615 -0.0863 -0.2893 0.8067 -3.126699 -0.678803 
10.826 1.94 1.16 0.2456 0.2706 0.1609 -0.0903 -0.2956 0.8066 -3.124082 -0.677782 
10.850 1.91 1.16 0.2512 0.2683 0.1102 -0.1013 -0.3017 0.8065 -3.124082 -0.677085 
10.874 1.59 1.27 0.2766 0.2602 -0.1061 -0.0973 -0.3080 0.8064 -3.126699 -0.677115 
10.898 1.73 1.38 0.2659 0.2500 -0.1026 -0.1013 -0.3143 0.8063 -3.124082 -0.677277 
10.922 1.92 1.30 0.2505 0.2561 0.0357 -0.1013 -0.3204 0.8062 -3.124082 -0.676622 
10.946 1.93 1.31 0.2463 0.2591 0.0830 -0.0863 -0.3267 0.8061 -3.126699 -0.675672 
10.970 1.86 1.19 0.2517 0.2691 0.1122 -0.0863 -0.3327 0.8060 -3.126699 -0.675509 
10.994 1.70 1.19 0.2664 0.2676 0.0071 -0.0933 -0.3392 0.8059 -3.126699 -0.676546 
11.018 1.69 1.23 0.2694 0.2623 -0.0456 -0.1013 -0.3455 0.8058 -3.124082 -0.677638 
11.042 1.86 1.14 0.2547 0.2697 0.0968 -0.1013 -0.3520 0.8057 -3.124082 -0.678042 
11.066 1.82 1.30 0.2552 0.2598 0.0296 -0.0863 -0.3583 0.8056 -3.126699 -0.678006 
11.090 1.75 1.29 0.2605 0.2610 0.0035 -0.0863 -0.3648 0.8055 -3.126699 -0.677397 
11.114 1.60 1.38 0.2728 0.2538 -0.1231 -0.0822 -0.3711 0.8054 -3.129316 -0.677347 
11.138 1.50 1.57 0.2798 0.2385 -0.2662 -0.0792 -0.3772 0.8053 -3.129316 -0.677350 
11.162 1.77 1.46 0.2567 0.2488 -0.0510 -0.0752 -0.3834 0.8052 -3.126699 -0.676911 
11.186 1.72 1.29 0.2576 0.2662 0.0556 -0.0601 -0.3897 0.8051 -3.129316 -0.676082 
11.210 1.59 1.19 0.2676 0.2756 0.0518 -0.0560 -0.3960 0.8051 -3.131934 -0.674171 
11.234 1.45 1.38 0.2788 0.2599 -0.1222 -0.0560 -0.4021 0.8050 -3.131934 -0.673406 
11.258 1.50 1.42 0.2749 0.2570 -0.1160 -0.0560 -0.4086 0.8050 -3.131934 -0.672627 
11.282 1.64 1.23 0.2651 0.2705 0.0354 -0.0641 -0.4147 0.8049 -3.131934 -0.672473 
11.306 1.72 1.30 0.2575 0.2653 0.0505 -0.0601 -0.4210 0.8048 -3.129316 -0.672307 
11.330 1.64 1.40 0.2629 0.2588 -0.0268 -0.0560 -0.4273 0.8048 -3.131934 -0.671240 
11.354 1.54 1.56 0.2706 0.2461 -0.1583 -0.0520 -0.4335 0.8047 -3.134551 -0.670003 
11.378 1.66 1.55 0.2610 0.2465 -0.0933 -0.0520 -0.4396 0.8046 -3.134551 -0.669470 
11.402 1.81 1.32 0.2462 0.2673 0.1361 -0.0449 -0.4457 0.8046 -3.134551 -0.666592 
11.426 1.99 1.52 0.2307 0.2516 0.1352 -0.0409 -0.4518 0.8045 -3.134551 -0.667566 
11.450 1.85 1.29 0.2455 0.2672 0.1396 -0.0560 -0.4581 0.8045 -3.131934 -0.666982 
11.474 1.60 1.30 0.2674 0.2656 -0.0114 -0.0601 -0.4640 0.8044 -3.129316 -0.666563 
11.498 1.82 1.23 0.2524 0.2686 0.1051 -0.0752 -0.4703 0.8043 -3.126699 -0.666905 
11.522 1.94 1.18 0.2458 0.2689 0.1493 -0.0903 -0.4765 0.8043 -3.124082 -0.666920 
11.546 2.44 1.23 0.2068 0.2625 0.3595 -0.1013 -0.4826 0.8042 -3.124082 -0.660032 
11.570 1.47 1.08 0.2873 0.2750 -0.0790 -0.1013 -0.4891 0.8040 -3.124082 -0.666618 
11.594 1.68 1.19 0.2738 0.2624 -0.0735 -0.1163 -0.4954 0.8039 -3.121464 -0.667817 
11.618 1.97 1.31 0.2492 0.2526 0.0223 -0.1163 -0.5015 0.8038 -3.121464 -0.668330 
11.642 2.02 1.20 0.2441 0.2627 0.1200 -0.1123 -0.5078 0.8037 -3.124082 -0.668270 
11.666 1.68 1.23 0.2718 0.2612 -0.0687 -0.1083 -0.5141 0.8035 -3.121464 -0.667892 
11.690 1.54 1.37 0.2815 0.2504 -0.2002 -0.1013 -0.5203 0.8034 -3.124082 -0.667655 
11.714 1.55 1.41 0.2821 0.2461 -0.2325 -0.1053 -0.5266 0.8033 -3.121464 -0.667531 
11.738 1.70 1.36 0.2684 0.2513 -0.1104 -0.1013 -0.5329 0.8032 -3.124082 -0.667109 
11.762 1.70 1.26 0.2671 0.2613 -0.0378 -0.0943 -0.5394 0.8031 -3.124082 -0.666979 
11.786 1.58 1.12 0.2750 0.2746 -0.0024 -0.0863 -0.5457 0.8030 -3.126699 -0.666388 
11.810 1.48 1.29 0.2812 0.2635 -0.1143 -0.0752 -0.5522 0.8029 -3.126699 -0.665992 
11.834 1.45 1.37 0.2827 0.2577 -0.1608 -0.0712 -0.5585 0.8028 -3.129316 -0.665518 
11.858 1.47 1.35 0.2811 0.2588 -0.1442 -0.0712 -0.5650 0.8027 -3.129316 -0.665418 
11.882 1.66 1.20 0.2638 0.2730 0.0593 -0.0641 -0.5713 0.8027 -3.131934 -0.664894 
11.906 1.71 1.31 0.2585 0.2649 0.0411 -0.0601 -0.5775 0.8026 -3.129316 -0.664279 
11.930 1.49 1.33 0.2762 0.2638 -0.0799 -0.0560 -0.5838 0.8026 -3.131934 -0.663485 
11.954 1.46 1.39 0.2779 0.2591 -0.1214 -0.0560 -0.5903 0.8025 -3.131934 -0.663081 
11.978 1.48 1.25 0.2764 0.2712 -0.0339 -0.0560 -0.5964 0.8024 -3.131934 -0.662339 
12.002 1.59 1.23 0.2673 0.2728 0.0355 -0.0560 -0.6029 0.8024 -3.131934 -0.661667 
12.026 1.75 1.32 0.2547 0.2643 0.0621 -0.0601 -0.6092 0.8023 -3.129316 -0.661045 
12.050 1.51 1.30 0.2561 0.2670 0.0702 -0.0158 -0.6155 0.8022 -3.131934 -0.660951 
12.074 1.14 1.48 0.2653 0.2515 -0.0895 0.0351 -0.6218 0.8022 -3.134551 -0.659746 
12.098 1.07 1.59 0.2496 0.2428 -0.0439 0.0889 -0.6276 0.8021 -3.131934 -0.659151 
12.122 1.26 1.51 0.2119 0.2495 0.2426 0.1456 -0.6335 0.8021 -3.129316 -0.657565 
12.146 0.94 1.21 0.2168 0.2739 0.3686 0.2049 -0.6392 0.8020 -3.124082 -0.656804 
12.170 1.12 1.35 0.1799 0.2623 0.5311 0.2665 -0.6445 0.8018 -3.113612 -0.654884 
12.194 1.12 1.22 0.1580 0.2730 0.7414 0.3302 -0.6497 0.8017 -3.097908 -0.654377 
12.218 0.64 1.45 0.1765 0.2540 0.5003 0.3956 -0.6548 0.8014 -3.084821 -0.653662 
12.242 0.59 1.33 0.1592 0.2643 0.6784 0.4620 -0.6599 0.8011 -3.066500 -0.653020 
12.266 0.55 1.31 0.1404 0.2655 0.8071 0.5289 -0.6643 0.8007 -3.045561 -0.652147 
12.290 0.45 1.57 0.1271 0.2444 0.7568 0.5958 -0.6690 0.8002 -3.027239 -0.650929 
12.314 0.66 1.66 0.0886 0.2371 0.9580 0.6620 -0.6732 0.7997 -3.003683 -0.650419 
12.338 0.55 1.51 0.0753 0.2488 1.1192 0.7270 -0.6774 0.7990 -2.980127 -0.650260 
12.362 0.15 1.52 0.0875 0.2482 1.0366 0.7902 -0.6812 0.7983 -2.951336 -0.650167 
12.386 0.43 1.50 0.0421 0.2499 1.3404 0.8514 -0.6848 0.7976 -2.925162 -0.650588 
12.410 -0.10 1.46 0.0652 0.2536 1.2158 0.9101 -0.6883 0.7968 -2.893754 -0.650262 
12.434 -0.22 1.47 0.0530 0.2526 1.2881 0.9661 -0.6916 0.7959 -2.864963 -0.650192 
12.458 -0.17 1.54 0.0270 0.2466 1.4165 1.0192 -0.6949 0.7949 -2.830937 -0.648915 
12.482 -0.30 1.55 0.0167 0.2454 1.4755 1.0695 -0.6976 0.7940 -2.794294 -0.648355 
12.506 -0.47 1.71 0.0084 0.2328 1.4474 1.1168 -0.7005 0.7929 -2.755034 -0.649245 
12.530 -0.55 1.54 -0.0060 0.2465 1.6292 1.1613 -0.7029 0.7918 -2.715774 -0.650259 
12.554 -0.81 1.61 -0.0060 0.2408 1.5925 1.2031 -0.7055 0.7906 -2.679131 -0.651155 
12.578 -1.03 1.97 -0.0097 0.2104 1.4204 1.2421 -0.7078 0.7894 -2.639870 -0.651539 
12.602 -1.22 1.63 -0.0154 0.2390 1.6411 1.2787 -0.7101 0.7881 -2.600610 -0.652403 
12.626 -1.45 1.74 -0.0178 0.2297 1.5963 1.3129 -0.7121 0.7868 -2.563967 -0.652727 
12.650 -1.48 1.86 -0.0376 0.2201 1.6627 1.3449 -0.7140 0.7855 -2.524706 -0.652176 
12.674 -1.48 1.98 -0.0592 0.2104 1.7392 1.3748 -0.7156 0.7843 -2.482829 -0.652110 
12.699 -1.60 1.71 -0.0707 0.2327 1.9572 1.4028 -0.7172 0.7831 -2.435716 -0.653733 
12.723 -1.76 1.95 -0.0792 0.2129 1.8846 1.4291 -0.7186 0.7818 -2.391221 -0.653300 
12.747 -1.70 1.70 -0.1054 0.2335 2.1865 1.4536 -0.7197 0.7807 -2.344109 -0.653957 
12.771 -2.15 1.76 -0.0895 0.2279 2.0479 1.4767 -0.7207 0.7797 -2.294379 -0.653310 
12.795 -2.27 1.68 -0.1018 0.2352 2.1739 1.4983 -0.7215 0.7787 -2.242032 -0.652759 
12.819 -2.42 2.12 -0.1103 0.1985 1.9928 1.5186 -0.7220 0.7781 -2.184450 -0.654611 
12.843 -2.18 2.26 -0.1529 0.1863 2.1882 1.5378 -0.7223 0.7776 -2.129485 -0.656634 
12.867 -2.36 1.92 -0.1590 0.2147 2.4114 1.5558 -0.7228 0.7767 -2.074521 -0.656008 
12.891 -2.38 2.43 -0.1789 0.1724 2.2668 -1.5688 -0.7229 0.7765 -2.019556 -0.655610 
12.915 -2.38 1.70 -0.2009 0.2337 2.8039 -1.5528 -0.7230 0.7763 -1.959358 -0.654856 
12.939 -2.59 2.53 -0.2050 0.1640 2.3810 -1.5376 -0.7230 0.7763 -1.896542 -0.653809 
12.963 -2.25 1.75 -0.2192 0.2291 2.8920 -1.5477 -0.7230 0.7763 -1.833727 -0.652998 
12.987 -2.18 2.10 -0.2031 0.2000 2.6002 -1.5634 -0.7229 0.7765 -1.768293 -0.652848 
13.011 -1.92 2.10 -0.2033 0.1997 2.6002 1.5616 -0.7229 0.7767 -1.702860 -0.654476 
13.035 -1.88 1.96 -0.1847 0.2120 2.5595 1.5439 -0.7229 0.7765 -1.637427 -0.656374 
13.059 -1.43 1.71 -0.2004 0.2324 2.7922 1.5251 -0.7230 0.7761 -1.574611 -0.657920 
13.083 -1.75 1.53 -0.1518 0.2300 2.4629 1.5185 -0.7229 0.7755 -1.514413 -0.659366 
13.107 -1.45 1.76 -0.1553 0.1894 2.2240 1.5148 -0.7229 0.7747 -1.456832 -0.660900 
13.131 -1.36 1.27 -0.1411 0.2084 2.2551 1.5105 -0.7228 0.7741 -1.407103 -0.662784 
13.155 -1.40 1.36 -0.1160 0.1791 1.9040 1.5056 -0.7226 0.7733 -1.359991 -0.664440 
13.179 -1.54 1.28 -0.0831 0.1641 1.5950 1.4997 -0.7225 0.7727 -1.315497 -0.664953 
13.203 -1.37 1.19 -0.0754 0.1499 1.4537 1.4927 -0.7223 0.7719 -1.278854 -0.666148 
13.227 -1.27 1.13 -0.0623 0.1337 1.2649 1.4842 -0.7220 0.7712 -1.247446 -0.668642 
13.251 -1.16 1.11 -0.0496 0.1135 1.0524 1.4736 -0.7218 0.7704 -1.221273 -0.669580 
13.275 -1.11 1.11 -0.0315 0.0913 0.7924 1.4600 -0.7215 0.7698 -1.202952 -0.670354 
13.299 -0.98 0.89 -0.0213 0.0880 0.7054 1.4421 -0.7212 0.7691 -1.187248 -0.671243 
13.323 -0.83 1.13 -0.0121 0.0470 0.3811 1.4173 -0.7209 0.7683 -1.176779 -0.671328 
13.347 -0.63 1.00 -0.0071 0.0356 0.2751 1.3808 -0.7208 0.7680 -1.171544 -0.670690 
13.371 -0.39 0.86 -0.0050 0.0254 0.1962 1.3219 -0.7207 0.7678 -1.168926 -0.670400 
13.395 -0.14 0.69 -0.0038 0.0182 0.1424 1.2125 -0.7206 0.7676 -1.166309 -0.669691 
13.419 0.11 0.54 -0.0031 0.0088 0.0768 0.9527 -0.7206 0.7676 -1.166309 -0.669450 
13.443 0.29 0.32 0.0029 0.0058 0.0187 0.1413 -0.7205 0.7674 -1.168926 -0.669144 
13.467 0.44 0.08 0.0122 0.0043 -0.0509 -0.8427 -0.7205 0.7672 -1.171544 -0.668961 
13.491 0.57 -0.17 0.0233 0.0034 -0.1284 -1.1739 -0.7204 0.7670 -1.174161 -0.668733 
13.515 0.89 -0.36 0.0185 -0.0030 -0.1387 -1.3034 -0.7204 0.7670 -1.179396 -0.668414 
13.539 1.24 -0.21 0.0106 -0.0366 -0.3045 -1.3700 -0.7205 0.7672 -1.187248 -0.668450 
13.563 1.50 -0.71 0.0106 -0.0166 -0.1754 -1.4103 -0.7205 0.7672 -1.187248 -0.668078 
13.587 1.78 -1.03 0.0092 -0.0120 -0.1364 -1.4372 -0.7205 0.7672 -1.192483 -0.667753 
13.611 1.93 -1.31 0.0182 -0.0107 -0.1866 -1.4564 -0.7204 0.7670 -1.195100 -0.667589 
13.635 2.22 -1.58 0.0162 -0.0092 -0.1644 -1.4708 -0.7204 0.7670 -1.200335 -0.667574 
13.659 2.42 -1.83 0.0209 -0.0102 -0.2006 -1.4820 -0.7204 0.7670 -1.205570 -0.668020 
13.683 2.56 -1.93 0.0315 -0.0239 -0.3574 -1.4910 -0.7203 0.7668 -1.213422 -0.668357 
13.707 2.26 -1.79 0.0781 -0.0569 -0.8712 -1.4983 -0.7203 0.7668 -1.234360 -0.669033 
13.731 2.54 -2.00 0.0760 -0.0614 -0.8865 -1.5043 -0.7203 0.7666 -1.252682 -0.669421 
13.755 2.53 -1.88 0.0985 -0.0933 -1.2372 -1.5095 -0.7202 0.7664 -1.286707 -0.670152 
13.779 2.63 -1.60 0.1123 -0.1343 -1.5905 -1.5101 -0.7201 0.7661 -1.323349 -0.670344 
13.803 2.25 -1.73 0.1657 -0.1239 -1.8688 -1.4922 -0.7200 0.7659 -1.362609 -0.670496 
13.827 2.31 -1.59 0.1671 -0.1195 -1.8490 -1.4709 -0.7200 0.7655 -1.409721 -0.670180 
13.851 1.89 -1.16 0.2018 -0.1344 -2.1693 -1.4464 -0.7199 0.7653 -1.459450 -0.669645 
13.875 1.97 -1.05 0.1951 -0.1217 -2.0437 -1.4202 -0.7199 0.7644 -1.506562 -0.668786 
13.899 2.02 -1.00 0.1912 -0.1038 -1.9033 -1.3922 -0.7198 0.7636 -1.553674 -0.668004 
13.923 2.17 -0.70 0.1761 -0.1073 -1.8282 -1.3636 -0.7198 0.7628 -1.595551 -0.667473 
13.947 1.92 -0.71 0.1756 -0.0846 -1.6784 -1.3454 -0.7199 0.7618 -1.640045 -0.666985 
13.971 2.08 -0.67 0.1400 -0.0662 -1.3303 -1.3239 -0.7200 0.7606 -1.676688 -0.666414 
13.995 1.77 -0.62 0.1445 -0.0489 -1.2475 -1.2978 -0.7201 0.7596 -1.710714 -0.665639 
14.019 1.56 -0.49 0.1400 -0.0378 -1.1470 -1.2659 -0.7203 0.7584 -1.736887 -0.664919 
14.043 1.38 -0.41 0.1333 -0.0232 -1.0098 -1.2258 -0.7206 0.7570 -1.760443 -0.664269 
14.067 1.56 -0.31 0.0965 -0.0098 -0.6853 -1.1741 -0.7208 0.7556 -1.778765 -0.663956 
14.091 1.40 -0.09 0.0883 -0.0062 -0.6096 -1.1056 -0.7211 0.7544 -1.794469 -0.663049 
14.115 1.14 0.15 0.0888 -0.0045 -0.6019 -1.0115 -0.7213 0.7536 -1.804939 -0.661454 
14.139 1.22 0.30 0.0602 0.0044 -0.3601 -0.8771 -0.7215 0.7526 -1.812791 -0.661085 
14.163 1.19 0.42 0.0412 0.0161 -0.1618 -0.6794 -0.7217 0.7518 -1.818025 -0.659660 
14.187 1.06 0.56 0.0303 0.0262 -0.0268 -0.3915 -0.7219 0.7511 -1.818025 -0.658713 
14.211 0.89 0.53 0.0227 0.0506 0.1800 -0.0179 -0.7221 0.7503 -1.812791 -0.657785 
14.235 0.74 1.10 0.0129 0.0247 0.0763 0.3605 -0.7222 0.7499 -1.807556 -0.657580 
14.259 0.53 1.44 0.0090 0.0178 0.0571 0.6574 -0.7223 0.7495 -1.807556 -0.657561 
14.283 0.27 1.69 0.0090 0.0189 0.0636 0.8623 -0.7224 0.7493 -1.804939 -0.657754 
14.307 0.03 1.93 0.0070 0.0204 0.0862 1.0013 -0.7224 0.7491 -1.802321 -0.658214 
14.331 -0.20 1.94 0.0050 0.0416 0.2362 1.0983 -0.7225 0.7485 -1.794469 -0.659218 
14.355 -0.45 1.95 0.0038 0.0625 0.3786 1.1687 -0.7227 0.7479 -1.786617 -0.659938 
14.379 -0.62 1.92 -0.0032 0.0864 0.5778 1.2216 -0.7228 0.7473 -1.773530 -0.659750 
14.403 -0.83 1.95 -0.0032 0.1055 0.7013 1.2519 -0.7230 0.7461 -1.757826 -0.659706 
14.427 -0.83 2.19 -0.0032 0.1079 0.7169 1.2388 -0.7233 0.7449 -1.742122 -0.660811 
14.451 -0.82 2.27 -0.0032 0.1227 0.8121 1.2253 -0.7235 0.7435 -1.723800 -0.661086 
14.475 -0.56 2.10 -0.0032 0.1451 0.9564 1.1736 -0.7237 0.7417 -1.700244 -0.661816 
14.499 -0.30 2.04 -0.0032 0.1494 0.9842 1.1221 -0.7240 0.7399 -1.676688 -0.662546 
14.523 -0.11 1.83 0.0030 0.1671 1.0583 1.0667 -0.7242 0.7377 -1.653132 -0.663644 
14.547 -0.01 1.48 0.0166 0.1962 1.1588 1.0073 -0.7243 0.7352 -1.626958 -0.664667 
14.571 0.27 1.64 0.0142 0.1831 1.0894 0.9439 -0.7244 0.7330 -1.603402 -0.664204 
14.595 0.50 2.04 0.0171 0.1497 0.8558 0.8767 -0.7245 0.7308 -1.579846 -0.665217 
14.619 0.26 1.48 0.0589 0.1965 0.8879 0.8060 -0.7245 0.7279 -1.558907 -0.666377 
14.643 0.49 1.62 0.0610 0.1851 0.8006 0.7322 -0.7244 0.7251 -1.537968 -0.667143 
14.667 0.81 1.79 0.0560 0.1704 0.7386 0.6560 -0.7243 0.7225 -1.519646 -0.667641 
14.691 0.84 1.38 0.0752 0.1863 0.7166 0.5450 -0.7241 0.7196 -1.503942 -0.669290 
14.715 1.19 1.23 0.0678 0.1770 0.7049 0.4120 -0.7239 0.7168 -1.483003 -0.669890 
14.739 1.31 1.37 0.0797 0.1457 0.4260 0.2681 -0.7236 0.7138 -1.469917 -0.671277 
14.763 1.15 1.22 0.1147 0.1438 0.1879 0.1315 -0.7233 0.7108 -1.462065 -0.671696 
14.787 1.39 1.09 0.1168 0.1448 0.1808 0.0137 -0.7229 0.7077 -1.454212 -0.672444 
14.811 1.79 1.04 0.1047 0.1405 0.2310 -0.0959 -0.7226 0.7047 -1.446360 -0.673334 
14.835 1.89 1.01 0.1186 0.1387 0.1300 -0.1807 -0.7222 0.7015 -1.446360 -0.673948 
14.859 2.17 0.97 0.1165 0.1428 0.1699 -0.2427 -0.7217 0.6981 -1.443743 -0.674680 
14.883 2.35 1.06 0.1229 0.1351 0.0790 -0.2982 -0.7213 0.6949 -1.443743 -0.675439 
14.907 2.43 0.97 0.1384 0.1425 0.0264 -0.3478 -0.7209 0.6914 -1.446360 -0.676234 
14.931 2.45 0.90 0.1580 0.1481 -0.0634 -0.3922 -0.7205 0.6878 -1.451595 -0.677948 
14.955 2.26 0.89 0.1961 0.1488 -0.3051 -0.4320 -0.7200 0.6840 -1.459447 -0.679033 
14.979 2.39 0.92 0.2065 0.1471 -0.3836 -0.4678 -0.7196 0.6799 -1.469917 -0.680495 
15.003 2.61 0.88 0.2103 0.1502 -0.3875 -0.5001 -0.7192 0.6757 -1.483003 -0.682094 
15.027 2.55 0.96 0.2322 0.1614 -0.4568 -0.4764 -0.7188 0.6708 -1.498708 -0.683335 
15.051 2.23 1.23 0.2587 0.1608 -0.6316 -0.4203 -0.7185 0.6660 -1.514412 -0.684743 
15.075 2.33 1.35 0.2494 0.1726 -0.4954 -0.3632 -0.7182 0.6609 -1.527498 -0.685547 
15.099 2.34 1.48 0.2365 0.1830 -0.3452 -0.2867 -0.7180 0.6559 -1.535351 -0.685827 
15.123 1.98 1.47 0.2545 0.2059 -0.3137 -0.2099 -0.7179 0.6506 -1.545820 -0.685048 
15.147 1.64 1.70 0.2730 0.2084 -0.4166 -0.1359 -0.7178 0.6451 -1.553672 -0.684622 
15.172 1.79 1.78 0.2574 0.2201 -0.2406 -0.0840 -0.7177 0.6396 -1.556289 -0.684580 
15.196 1.88 1.48 0.2462 0.2492 0.0195 -0.0689 -0.7176 0.6338 -1.558907 -0.685144 
15.220 2.07 1.83 0.2272 0.2229 -0.0273 -0.0538 -0.7175 0.6279 -1.561524 -0.684954 
15.244 1.74 1.54 0.2548 0.2468 -0.0513 -0.0538 -0.7175 0.6222 -1.561524 -0.685401 
15.268 1.63 1.62 0.2639 0.2405 -0.1506 -0.0538 -0.7174 0.6161 -1.561524 -0.685344 
15.292 1.95 1.42 0.2378 0.2566 0.1208 -0.0578 -0.7174 0.6102 -1.558907 -0.684270 
15.316 1.93 1.27 0.2405 0.2674 0.1733 -0.0619 -0.7173 0.6041 -1.558907 -0.683516 
15.340 1.97 1.22 0.2407 0.2688 0.1815 -0.0770 -0.7172 0.5983 -1.556289 -0.683182 
15.364 2.00 1.37 0.2432 0.2508 0.0490 -0.0991 -0.7171 0.5924 -1.553672 -0.683545 
15.388 2.07 1.20 0.2407 0.2616 0.1348 -0.1141 -0.7170 0.5861 -1.551055 -0.683961 
15.412 2.08 1.09 0.2443 0.2669 0.1459 -0.1331 -0.7169 0.5800 -1.545820 -0.683410 
15.436 1.78 1.20 0.2691 0.2579 -0.0719 -0.1331 -0.7168 0.5739 -1.545820 -0.683078 
15.460 1.66 1.35 0.2781 0.2459 -0.2073 -0.1291 -0.7166 0.5676 -1.548437 -0.683298 
15.484 1.98 1.27 0.2518 0.2525 0.0047 -0.1291 -0.7165 0.5616 -1.548437 -0.683669 
15.508 2.22 1.13 0.2315 0.2644 0.2125 -0.1291 -0.7163 0.5555 -1.548437 -0.683639 
15.532 2.20 1.14 0.2342 0.2626 0.1831 -0.1331 -0.7162 0.5494 -1.548437 -0.684110 
15.556 2.04 1.22 0.2496 0.2539 0.0279 -0.1440 -0.7161 0.5435 -1.545820 -0.684142 
15.580 2.11 1.21 0.2470 0.2508 0.0249 -0.1589 -0.7159 0.5376 -1.543203 -0.684739 
15.604 2.27 1.20 0.2339 0.2518 0.1156 -0.1589 -0.7157 0.5315 -1.543203 -0.684570 
15.628 1.93 1.30 0.2590 0.2466 -0.0797 -0.1440 -0.7156 0.5253 -1.545820 -0.684212 
15.652 1.92 1.27 0.2596 0.2493 -0.0664 -0.1440 -0.7154 0.5192 -1.545820 -0.684593 
15.676 1.90 1.19 0.2611 0.2559 -0.0336 -0.1440 -0.7153 0.5131 -1.545820 -0.684460 
15.700 2.12 1.35 0.2412 0.2442 0.0198 -0.1360 -0.7151 0.5070 -1.545820 -0.685231 
15.724 2.14 1.19 0.2381 0.2596 0.1389 -0.1291 -0.7150 0.5007 -1.548437 -0.684364 
15.748 1.91 1.21 0.2560 0.2586 0.0171 -0.1251 -0.7148 0.4948 -1.551055 -0.683607 
15.772 1.66 1.33 0.2756 0.2505 -0.1620 -0.1171 -0.7147 0.4888 -1.551055 -0.683588 
15.796 1.78 1.54 0.2649 0.2337 -0.2010 -0.1141 -0.7146 0.4827 -1.551055 -0.684158 
15.820 1.92 1.33 0.2529 0.2514 -0.0098 -0.1141 -0.7145 0.4766 -1.551055 -0.684538 
15.844 1.90 1.28 0.2510 0.2584 0.0473 -0.0991 -0.7144 0.4707 -1.553672 -0.684430 
15.868 1.67 1.17 0.2700 0.2681 -0.0127 -0.0991 -0.7143 0.4646 -1.553672 -0.683844 
15.892 1.75 1.39 0.2640 0.2497 -0.0923 -0.0991 -0.7142 0.4585 -1.553672 -0.683065 
15.916 2.10 1.40 0.2347 0.2483 0.0879 -0.0991 -0.7140 0.4525 -1.553672 -0.682485 
15.940 2.01 1.49 0.2423 0.2415 -0.0050 -0.0991 -0.7139 0.4464 -1.553672 -0.682173 
15.964 1.75 1.39 0.2632 0.2508 -0.0802 -0.0951 -0.7139 0.4403 -1.553672 -0.681393 
15.988 1.65 1.52 0.2690 0.2420 -0.1738 -0.0840 -0.7138 0.4344 -1.556289 -0.680651 
16.012 1.80 1.51 0.2560 0.2430 -0.0838 -0.0840 -0.7137 0.4283 -1.556289 -0.679924 
16.036 1.85 1.32 0.2520 0.2585 0.0422 -0.0840 -0.7136 0.4222 -1.556289 -0.679649 
16.060 1.83 1.25 0.2534 0.2646 0.0727 -0.0840 -0.7135 0.4162 -1.556289 -0.678735 
16.084 1.79 1.30 0.2569 0.2605 0.0232 -0.0840 -0.7134 0.4101 -1.556289 -0.678778 
16.108 1.88 1.35 0.2527 0.2531 0.0027 -0.0991 -0.7133 0.4038 -1.553672 -0.679446 
16.132 2.06 1.16 0.2416 0.2657 0.1555 -0.1141 -0.7132 0.3975 -1.551055 -0.679694 
16.156 2.00 1.09 0.2463 0.2709 0.1584 -0.1141 -0.7131 0.3914 -1.551055 -0.679159 
16.180 1.69 1.22 0.2725 0.2604 -0.0781 -0.1141 -0.7129 0.3853 -1.551055 -0.679112 
16.204 1.71 1.43 0.2706 0.2432 -0.1765 -0.1141 -0.7128 0.3792 -1.551055 -0.678549 
16.228 1.97 1.29 0.2488 0.2547 0.0377 -0.1141 -0.7127 0.3732 -1.551055 -0.678568 
16.252 2.04 1.19 0.2440 0.2619 0.1160 -0.1181 -0.7126 0.3669 -1.548437 -0.678501 
16.276 2.08 1.15 0.2428 0.2627 0.1282 -0.1291 -0.7124 0.3608 -1.548437 -0.678051 
16.300 2.00 1.17 0.2501 0.2610 0.0703 -0.1291 -0.7123 0.3547 -1.548437 -0.678517 
16.324 2.07 1.20 0.2464 0.2565 0.0657 -0.1400 -0.7122 0.3486 -1.548437 -0.677554 
16.348 1.99 1.27 0.2536 0.2496 -0.0260 -0.1440 -0.7120 0.3427 -1.545820 -0.678583 
16.372 1.90 1.16 0.2605 0.2592 -0.0087 -0.1400 -0.7119 0.3365 -1.548437 -0.679137 
16.396 1.75 1.28 0.2702 0.2518 -0.1187 -0.1291 -0.7117 0.3304 -1.548437 -0.679990 
16.420 1.69 1.52 0.2758 0.2321 -0.2814 -0.1291 -0.7116 0.3243 -1.548437 -0.679447 
16.444 1.93 1.58 0.2526 0.2303 -0.1434 -0.1141 -0.7115 0.3184 -1.551055 -0.678930 
16.468 2.26 1.33 0.2236 0.2520 0.1831 -0.1101 -0.7114 0.3123 -1.551055 -0.677649 
16.492 2.12 1.39 0.2360 0.2464 0.0672 -0.1141 -0.7112 0.3066 -1.551055 -0.677229 
16.516 1.69 1.51 0.2710 0.2371 -0.2188 -0.1101 -0.7111 0.3008 -1.553672 -0.677894 
16.540 1.99 1.48 0.2469 0.2390 -0.0508 -0.1141 -0.7110 0.2949 -1.551055 -0.678662 
16.564 1.99 1.33 0.2436 0.2543 0.0695 -0.0991 -0.7109 0.2890 -1.553672 -0.679349 
16.588 1.79 1.24 0.2607 0.2623 0.0105 -0.0991 -0.7108 0.2829 -1.553672 -0.679960 
16.611 1.55 1.26 0.2771 0.2634 -0.0887 -0.0840 -0.7107 0.2766 -1.556289 -0.680053 
16.635 1.74 1.46 0.2616 0.2470 -0.0942 -0.0840 -0.7106 0.2705 -1.556289 -0.680003 
16.659 1.99 1.45 0.2415 0.2469 0.0350 -0.0881 -0.7105 0.2643 -1.553672 -0.680298 
16.683 2.00 1.39 0.2393 0.2533 0.0898 -0.0840 -0.7104 0.2584 -1.556289 -0.678706 
16.707 1.75 1.57 0.2608 0.2379 -0.1481 -0.0840 -0.7104 0.2523 -1.556289 -0.678231 
16.731 1.64 1.65 0.2669 0.2343 -0.2104 -0.0719 -0.7103 0.2464 -1.558907 -0.678133 
16.755 1.82 1.33 0.2510 0.2611 0.0651 -0.0689 -0.7102 0.2403 -1.558907 -0.677464 
16.779 2.00 1.40 0.2369 0.2544 0.1131 -0.0730 -0.7101 0.2344 -1.556289 -0.676696 
16.803 1.97 1.34 0.2396 0.2595 0.1284 -0.0730 -0.7100 0.2284 -1.556289 -0.676118 
16.827 1.83 1.32 0.2536 0.2589 0.0346 -0.0840 -0.7100 0.2223 -1.556289 -0.675722 
16.851 1.99 1.31 0.2440 0.2559 0.0769 -0.0991 -0.7099 0.2164 -1.553672 -0.675703 
16.875 2.05 1.22 0.2409 0.2623 0.1382 -0.1071 -0.7098 0.2101 -1.551055 -0.675278 
16.899 1.96 1.29 0.2499 0.2547 0.0307 -0.1141 -0.7096 0.2040 -1.551055 -0.674714 
16.923 1.72 1.19 0.2696 0.2626 -0.0453 -0.1141 -0.7095 0.1979 -1.551055 -0.673923 
16.947 1.74 1.18 0.2490 0.2638 0.0956 -0.0736 -0.7094 0.1921 -1.548437 -0.673703 
16.971 1.86 1.32 0.2171 0.2519 0.2246 -0.0245 -0.7093 0.1860 -1.548437 -0.672999 
16.995 1.51 1.23 0.2248 0.2596 0.2245 0.0278 -0.7091 0.1803 -1.543203 -0.670667 
17.019 1.19 1.31 0.2301 0.2532 0.1488 0.0832 -0.7089 0.1746 -1.537968 -0.670367 
17.043 1.56 1.46 0.1771 0.2406 0.4093 0.1417 -0.7087 0.1691 -1.530116 -0.669225 
17.067 1.44 1.37 0.1657 0.2477 0.5291 0.2029 -0.7085 0.1641 -1.517029 -0.668305 
17.091 0.94 1.36 0.1853 0.2489 0.4102 0.2668 -0.7082 0.1588 -1.506560 -0.666816 
17.115 0.99 1.34 0.1594 0.2506 0.5879 0.3328 -0.7078 0.1542 -1.493473 -0.665485 
17.139 1.05 1.36 0.1325 0.2482 0.7463 0.4006 -0.7074 0.1495 -1.475151 -0.665100 
17.163 0.81 1.40 0.1309 0.2450 0.7363 0.4695 -0.7070 0.1451 -1.459447 -0.664013 
17.187 0.73 1.61 0.1159 0.2281 0.7236 0.5388 -0.7065 0.1408 -1.441126 -0.663097 
17.211 0.67 1.56 0.0999 0.2321 0.8530 0.6080 -0.7059 0.1368 -1.420187 -0.662466 
17.235 0.69 1.70 0.0757 0.2203 0.9327 0.6764 -0.7053 0.1330 -1.401865 -0.662093 
17.259 0.24 1.73 0.0916 0.2180 0.8159 0.7433 -0.7046 0.1294 -1.380926 -0.661658 
17.283 0.43 1.78 0.0542 0.2140 1.0308 0.8083 -0.7040 0.1262 -1.354753 -0.661012 
17.307 0.18 1.71 0.0537 0.2191 1.0674 0.8709 -0.7033 0.1231 -1.333814 -0.661361 
17.331 0.15 2.03 0.0346 0.1931 1.0225 0.9308 -0.7026 0.1203 -1.307640 -0.660146 
17.355 0.16 1.55 0.0121 0.2330 1.4252 0.9877 -0.7018 0.1176 -1.276232 -0.658864 
17.379 -0.16 2.19 0.0168 0.1792 1.0474 1.0415 -0.7010 0.1151 -1.247441 -0.658979 
17.403 -0.42 1.79 0.0165 0.2130 1.2676 1.0922 -0.7002 0.1128 -1.216033 -0.658935 
17.427 -0.58 2.13 0.0084 0.1844 1.1358 1.1398 -0.6994 0.1107 -1.187242 -0.659573 
17.451 -0.81 1.88 0.0056 0.2053 1.2886 1.1843 -0.6984 0.1085 -1.155833 -0.660379 
17.475 -0.94 2.21 -0.0052 0.1777 1.1801 1.2260 -0.6976 0.1066 -1.124425 -0.660439 
17.499 -1.14 2.43 -0.0097 0.1592 1.0896 1.2649 -0.6968 0.1050 -1.095634 -0.660976 
17.523 -1.27 1.77 -0.0208 0.2142 1.5161 1.3013 -0.6957 0.1030 -1.061609 -0.661568 
17.547 -1.51 2.51 -0.0224 0.1526 1.1288 1.3351 -0.6948 0.1014 -1.032818 -0.662664 
17.571 -1.68 2.33 -0.0304 0.1677 1.2785 1.3668 -0.6939 0.1001 -1.001410 -0.662599 
17.595 -1.67 1.96 -0.0524 0.1983 1.6178 1.3963 -0.6930 0.0987 -0.964768 -0.662626 
17.619 -1.87 2.06 -0.0580 0.1902 1.6013 1.4238 -0.6921 0.0974 -0.928127 -0.662802 
17.643 -2.03 1.98 -0.0659 0.1973 1.6982 1.4496 -0.6912 0.0963 -0.888868 -0.662106 
17.667 -2.10 1.92 -0.0815 0.2023 1.8311 1.4737 -0.6903 0.0952 -0.844374 -0.662921 
17.691 -2.26 2.21 -0.0906 0.1780 1.7330 1.4963 -0.6896 0.0945 -0.794646 -0.663037 
17.715 -2.06 1.59 -0.1291 0.2294 2.3127 1.5174 -0.6889 0.0938 -0.744918 -0.663416 
17.739 -1.86 1.93 -0.1673 0.2013 2.3781 1.5373 -0.6881 0.0931 -0.689956 -0.664590 
17.763 -2.31 1.53 -0.1517 0.2343 2.4903 1.5560 -0.6876 0.0927 -0.629759 -0.664960 
17.787 -2.47 1.87 -0.1595 0.2060 2.3583 -1.5680 -0.6870 0.0922 -0.572179 -0.665198 
17.811 -2.55 1.89 -0.1749 0.2044 2.4473 -1.5515 -0.6866 0.0920 -0.509366 -0.664984 
17.835 -2.37 1.70 -0.2112 0.2204 2.7841 -1.5359 -0.6866 0.0920 -0.446550 -0.665844 
17.859 -2.29 1.97 -0.2393 0.1978 2.8202 -1.5212 -0.6866 0.0920 -0.378501 -0.665609 
17.883 -2.39 1.70 -0.2440 0.2206 2.9975 -1.5129 -0.6868 0.0921 -0.307834 -0.665803 
17.907 -2.27 1.78 -0.2327 0.2132 2.8770 -1.5272 -0.6874 0.0923 -0.237166 -0.667169 
17.931 -1.92 1.62 -0.2402 0.2269 3.0139 -1.5423 -0.6878 0.0924 -0.169117 -0.666629 
17.955 -2.02 2.06 -0.2095 0.1907 2.5815 -1.5583 -0.6882 0.0924 -0.101067 -0.669528 
