%% logfile from robot Freja (4)
% Freja (4)
%  1    time 0.026 sec
%  2  3 Motor voltage [V] left, right: 0.21 0.21
%  4  5 Wheel velocity [m/s] left, right: -0.0000 -0.0000
% 6 7 Turnrate [r/s]: 0.0000, steer angle [rad]: 0.0000
%  8  9 10 11 Pose x,y,h,tilt [m,m,rad,rad]: 0 0 0 -0.776604
0.026 0.21 0.21 -0.0000 -0.0000 0.0000 0.0000 0.0000 0.0000 0.000000 -0.776604 
0.066 0.52 0.52 -0.0000 -0.0000 0.0000 0.0000 0.0000 0.0000 0.000000 -0.772241 
0.106 0.83 0.83 -0.0000 -0.0000 0.0000 0.0000 0.0000 0.0000 0.000000 -0.768155 
0.146 1.14 1.14 0.0000 -0.0000 -0.0000 0.0000 0.0002 -0.0000 -0.002617 -0.764730 
0.186 1.33 1.22 0.0096 0.0193 0.0631 0.0000 0.0008 -0.0000 0.000000 -0.762222 
0.226 1.51 1.14 0.0207 0.0510 0.1953 -0.0038 0.0020 0.0000 0.005235 -0.759670 
0.266 1.48 1.25 0.0492 0.0601 0.0699 -0.0400 0.0039 0.0000 0.007852 -0.757865 
0.306 1.79 1.32 0.0488 0.0711 0.1435 -0.0800 0.0063 0.0000 0.013086 -0.755805 
0.346 1.92 1.39 0.0641 0.0861 0.1423 -0.0895 0.0095 0.0001 0.013086 -0.753166 
0.386 2.10 1.33 0.0751 0.1086 0.2164 -0.1121 0.0132 0.0001 0.018321 -0.752030 
0.426 1.92 1.41 0.1161 0.1172 0.0067 -0.1402 0.0178 0.0002 0.020938 -0.750692 
0.466 2.06 1.41 0.1296 0.1425 0.0834 -0.1274 0.0233 0.0003 0.018321 -0.749242 
0.506 1.91 1.34 0.1680 0.1743 0.0403 -0.1168 0.0294 0.0004 0.018321 -0.747785 
0.546 2.07 1.52 0.1810 0.1851 0.0267 -0.1078 0.0365 0.0005 0.015704 -0.746792 
0.586 2.12 1.44 0.2027 0.2178 0.0974 -0.1001 0.0442 0.0007 0.015704 -0.745397 
0.626 2.45 1.98 0.2009 0.1988 -0.0134 -0.0934 0.0527 0.0008 0.015704 -0.743436 
0.666 2.19 1.39 0.2258 0.2506 0.1597 -0.0938 0.0619 0.0009 0.018321 -0.740435 
0.706 1.79 1.21 0.2619 0.2626 0.0050 -0.1060 0.0716 0.0011 0.018321 -0.738308 
0.746 1.86 1.36 0.2560 0.2506 -0.0344 -0.1060 0.0817 0.0013 0.018321 -0.736441 
0.786 1.85 1.27 0.2599 0.2549 -0.0327 -0.1203 0.0917 0.0015 0.020938 -0.733825 
0.826 1.98 1.28 0.2496 0.2541 0.0289 -0.1210 0.1018 0.0017 0.020938 -0.730594 
0.866 1.69 1.12 0.2772 0.2634 -0.0891 -0.1359 0.1122 0.0019 0.023556 -0.728229 
0.906 2.17 1.16 0.2370 0.2605 0.1517 -0.1359 0.1223 0.0022 0.023556 -0.725731 
0.946 2.36 1.42 0.2244 0.2352 0.0695 -0.1508 0.1322 0.0024 0.026173 -0.722927 
0.986 1.94 1.12 0.2595 0.2604 0.0054 -0.1508 0.1424 0.0027 0.026173 -0.721087 
1.026 1.99 1.32 0.2553 0.2437 -0.0749 -0.1508 0.1525 0.0030 0.026173 -0.717981 
1.066 1.99 1.25 0.2557 0.2497 -0.0384 -0.1508 0.1626 0.0032 0.026173 -0.717250 
1.106 1.94 1.23 0.2595 0.2516 -0.0513 -0.1508 0.1728 0.0035 0.026173 -0.716052 
1.146 1.76 0.98 0.2710 0.2753 0.0280 -0.1359 0.1831 0.0038 0.023556 -0.714675 
1.186 1.93 1.10 0.2546 0.2682 0.0880 -0.1238 0.1937 0.0040 0.023556 -0.713517 
1.226 1.78 1.33 0.2658 0.2497 -0.1038 -0.1210 0.2040 0.0042 0.020938 -0.712609 
1.266 1.69 1.24 0.2699 0.2603 -0.0625 -0.1060 0.2148 0.0044 0.018321 -0.710072 
1.306 1.70 1.46 0.2658 0.2452 -0.1331 -0.0909 0.2251 0.0046 0.015704 -0.708221 
1.346 1.77 1.38 0.2577 0.2539 -0.0246 -0.0816 0.2356 0.0048 0.015704 -0.705382 
1.386 1.80 1.25 0.2581 0.2634 0.0341 -0.0909 0.2458 0.0049 0.015704 -0.703031 
1.426 1.82 1.34 0.2559 0.2554 -0.0037 -0.0909 0.2563 0.0051 0.015704 -0.701555 
1.466 1.67 0.99 0.2705 0.2826 0.0782 -0.0996 0.2665 0.0052 0.015704 -0.699417 
1.506 1.85 1.26 0.2571 0.2588 0.0105 -0.1060 0.2768 0.0054 0.018321 -0.697612 
1.546 1.88 1.12 0.2582 0.2667 0.0550 -0.1210 0.2872 0.0056 0.020938 -0.695515 
1.586 2.13 1.31 0.2368 0.2509 0.0913 -0.1210 0.2973 0.0058 0.020938 -0.694040 
1.626 2.05 0.92 0.2472 0.2807 0.2166 -0.1359 0.3072 0.0061 0.023556 -0.693098 
1.666 2.08 1.31 0.2478 0.2445 -0.0213 -0.1508 0.3172 0.0063 0.026173 -0.692146 
1.706 2.34 1.41 0.2266 0.2352 0.0552 -0.1537 0.3271 0.0066 0.028790 -0.690416 
1.746 2.29 1.05 0.2337 0.2631 0.1894 -0.1656 0.3368 0.0069 0.028790 -0.689396 
1.786 2.15 1.26 0.2479 0.2422 -0.0364 -0.1776 0.3470 0.0072 0.028790 -0.688351 
1.826 2.07 1.13 0.2558 0.2530 -0.0185 -0.1804 0.3569 0.0075 0.031408 -0.687863 
1.866 2.08 1.41 0.2516 0.2322 -0.1251 -0.1685 0.3671 0.0078 0.031408 -0.687981 
1.906 1.98 1.02 0.2595 0.2649 0.0350 -0.1656 0.3774 0.0081 0.028790 -0.687646 
1.946 1.67 1.28 0.2839 0.2451 -0.2507 -0.1600 0.3873 0.0084 0.026173 -0.687394 
1.986 1.89 1.29 0.2616 0.2481 -0.0875 -0.1423 0.3977 0.0086 0.023556 -0.687567 
2.026 1.97 1.31 0.2504 0.2515 0.0072 -0.1210 0.4076 0.0089 0.020938 -0.686300 
2.066 1.73 1.40 0.2694 0.2444 -0.1613 -0.1181 0.4180 0.0091 0.018321 -0.685849 
2.106 1.94 1.32 0.2485 0.2542 0.0367 -0.1031 0.4283 0.0093 0.015704 -0.684608 
2.146 2.01 1.40 0.2438 0.2474 0.0232 -0.1060 0.4386 0.0094 0.018321 -0.683189 
2.186 1.61 1.24 0.2757 0.2620 -0.0886 -0.0996 0.4492 0.0096 0.018321 -0.681494 
2.226 1.81 1.04 0.2605 0.2768 0.1055 -0.1060 0.4593 0.0098 0.018321 -0.680985 
2.266 1.99 1.26 0.2469 0.2571 0.0655 -0.1117 0.4697 0.0100 0.020938 -0.680433 
2.306 1.92 1.57 0.2543 0.2291 -0.1623 -0.1210 0.4798 0.0102 0.020938 -0.674339 
2.346 1.62 1.03 0.2796 0.2749 -0.0300 -0.1210 0.4904 0.0104 0.020938 -0.676408 
2.386 2.19 1.36 0.2324 0.2468 0.0925 -0.1238 0.5003 0.0106 0.023556 -0.677359 
2.426 2.04 1.30 0.2504 0.2463 -0.0266 -0.1473 0.5102 0.0109 0.026173 -0.677466 
2.466 1.71 1.21 0.2786 0.2532 -0.1641 -0.1508 0.5204 0.0111 0.026173 -0.677129 
2.506 1.96 1.19 0.2582 0.2544 -0.0247 -0.1508 0.5305 0.0114 0.026173 -0.677401 
2.546 1.89 0.92 0.2610 0.2800 0.1227 -0.1388 0.5406 0.0117 0.026173 -0.678418 
2.586 1.97 1.18 0.2541 0.2581 0.0258 -0.1388 0.5508 0.0119 0.026173 -0.676876 
2.626 1.97 1.33 0.2534 0.2460 -0.0477 -0.1359 0.5611 0.0121 0.023556 -0.677471 
2.666 2.00 1.47 0.2516 0.2343 -0.1119 -0.1359 0.5713 0.0124 0.023556 -0.677929 
2.706 1.88 1.37 0.2586 0.2457 -0.0831 -0.1245 0.5812 0.0126 0.020938 -0.677498 
2.746 1.77 1.31 0.2666 0.2510 -0.1005 -0.1210 0.5913 0.0128 0.020938 -0.676369 
2.786 1.89 1.16 0.2537 0.2670 0.0857 -0.1060 0.6013 0.0130 0.018321 -0.675592 
2.826 1.97 1.51 0.2466 0.2382 -0.0541 -0.1060 0.6114 0.0132 0.018321 -0.675564 
2.866 1.86 1.37 0.2562 0.2496 -0.0423 -0.1060 0.6216 0.0134 0.018321 -0.673316 
2.906 2.10 1.36 0.2362 0.2505 0.0921 -0.1060 0.6317 0.0136 0.018321 -0.672091 
2.946 1.84 1.25 0.2585 0.2585 0.0004 -0.1089 0.6416 0.0138 0.020938 -0.671627 
2.986 1.77 1.27 0.2670 0.2542 -0.0826 -0.1210 0.6518 0.0140 0.020938 -0.671372 
3.026 1.75 0.90 0.2684 0.2858 0.1124 -0.1210 0.6619 0.0142 0.020938 -0.669417 
3.066 2.03 1.20 0.2495 0.2562 0.0431 -0.1388 0.6720 0.0144 0.026173 -0.669224 
3.106 2.16 1.35 0.2411 0.2408 -0.0018 -0.1508 0.6822 0.0147 0.026173 -0.669704 
3.146 2.11 1.12 0.2445 0.2608 0.1057 -0.1480 0.6923 0.0149 0.026173 -0.669094 
3.186 1.87 1.27 0.2618 0.2516 -0.0660 -0.1359 0.7027 0.0152 0.023556 -0.669124 
3.226 2.08 1.32 0.2444 0.2467 0.0146 -0.1359 0.7128 0.0154 0.023556 -0.668867 
3.266 1.79 1.19 0.2689 0.2579 -0.0707 -0.1359 0.7229 0.0156 0.023556 -0.668630 
3.306 1.78 1.15 0.2675 0.2631 -0.0284 -0.1274 0.7335 0.0159 0.023556 -0.668681 
3.346 2.03 1.25 0.2487 0.2532 0.0290 -0.1359 0.7440 0.0161 0.023556 -0.668515 
3.386 1.63 1.14 0.2814 0.2630 -0.1188 -0.1331 0.7544 0.0164 0.020938 -0.668940 
3.426 1.87 1.10 0.2604 0.2672 0.0433 -0.1274 0.7647 0.0166 0.023556 -0.668673 
3.466 2.00 1.54 0.2476 0.2324 -0.0980 -0.1210 0.7751 0.0168 0.020938 -0.668610 
3.506 1.74 1.22 0.2700 0.2586 -0.0735 -0.1210 0.7852 0.0170 0.020938 -0.667737 
3.546 1.43 1.42 0.2916 0.2459 -0.2949 -0.1060 0.7955 0.0172 0.018321 -0.667336 
3.586 1.98 1.42 0.2427 0.2490 0.0403 -0.0909 0.8059 0.0174 0.015704 -0.667114 
3.626 1.75 1.32 0.2629 0.2555 -0.0475 -0.0967 0.8160 0.0176 0.015704 -0.664786 
3.666 1.71 1.12 0.2690 0.2708 0.0115 -0.1060 0.8264 0.0177 0.018321 -0.664457 
3.706 1.79 1.18 0.2620 0.2652 0.0207 -0.1060 0.8369 0.0179 0.018321 -0.664783 
3.746 1.92 1.28 0.2540 0.2547 0.0044 -0.1181 0.8471 0.0181 0.018321 -0.663900 
3.786 1.92 0.94 0.2544 0.2825 0.1818 -0.1210 0.8574 0.0183 0.020938 -0.663220 
3.826 1.92 1.08 0.2545 0.2706 0.1038 -0.1210 0.8679 0.0186 0.020938 -0.663397 
3.866 2.12 1.35 0.2411 0.2446 0.0229 -0.1359 0.8779 0.0188 0.023556 -0.664578 
3.906 1.78 1.32 0.2703 0.2463 -0.1548 -0.1388 0.8882 0.0190 0.026173 -0.664711 
3.946 2.03 0.87 0.2502 0.2832 0.2127 -0.1416 0.8986 0.0193 0.023556 -0.663005 
3.986 2.02 1.25 0.2552 0.2465 -0.0563 -0.1628 0.9085 0.0196 0.026173 -0.663195 
4.026 2.02 1.34 0.2522 0.2428 -0.0609 -0.1480 0.9184 0.0198 0.023556 -0.665483 
4.066 1.78 1.20 0.2722 0.2545 -0.1148 -0.1480 0.9286 0.0201 0.023556 -0.666240 
4.106 1.92 1.38 0.2567 0.2433 -0.0867 -0.1302 0.9389 0.0203 0.020938 -0.668226 
4.146 1.96 1.38 0.2503 0.2464 -0.0253 -0.1181 0.9493 0.0206 0.018321 -0.670243 
4.186 1.60 1.22 0.2781 0.2624 -0.1014 -0.1060 0.9598 0.0208 0.018321 -0.671178 
4.226 1.88 1.28 0.2529 0.2587 0.0372 -0.1002 0.9701 0.0210 0.015704 -0.671735 
4.266 1.89 1.30 0.2506 0.2590 0.0540 -0.0909 0.9803 0.0211 0.015704 -0.671771 
4.306 1.80 1.15 0.2564 0.2723 0.1027 -0.0852 0.9908 0.0213 0.015704 -0.671012 
4.346 1.85 1.33 0.2501 0.2565 0.0414 -0.0841 1.0010 0.0214 0.015704 -0.670199 
4.386 1.57 1.61 0.2479 0.2328 -0.0976 -0.0269 1.0111 0.0216 0.015704 -0.668993 
4.426 1.62 1.39 0.2177 0.2515 0.2182 0.0346 1.0208 0.0218 0.026173 -0.667894 
4.466 1.22 1.34 0.2258 0.2558 0.1935 0.1004 1.0302 0.0221 0.036642 -0.667064 
4.506 1.28 1.46 0.1947 0.2454 0.3273 0.1703 1.0393 0.0225 0.054963 -0.666169 
4.546 1.08 1.15 0.1852 0.2712 0.5550 0.2440 1.0480 0.0230 0.073284 -0.664562 
4.586 0.88 1.43 0.1763 0.2483 0.4641 0.3208 1.0563 0.0237 0.096840 -0.663921 
4.626 1.16 1.49 0.1272 0.2429 0.7468 0.4002 1.0639 0.0245 0.123013 -0.663695 
4.666 0.94 1.63 0.1197 0.2314 0.7203 0.4810 1.0712 0.0256 0.154421 -0.663792 
4.706 0.99 1.58 0.0893 0.2354 0.9429 0.5625 1.0780 0.0267 0.191063 -0.663896 
4.746 0.66 1.46 0.0913 0.2456 0.9957 0.6433 1.0847 0.0282 0.227705 -0.663039 
4.786 0.47 1.58 0.0808 0.2358 1.0002 0.7226 1.0910 0.0298 0.269582 -0.662611 
4.826 0.51 1.66 0.0520 0.2285 1.1387 0.7995 1.0966 0.0314 0.314076 -0.662892 
4.866 0.01 1.59 0.0676 0.2343 1.0753 0.8731 1.1022 0.0334 0.358570 -0.662704 
4.906 0.37 1.75 0.0117 0.2217 1.3546 0.9429 1.1069 0.0353 0.413533 -0.662298 
4.946 -0.10 1.54 0.0256 0.2389 1.3761 1.0086 1.1115 0.0375 0.463262 -0.662098 
4.986 -0.33 1.58 0.0191 0.2351 1.3937 1.0700 1.1156 0.0397 0.518225 -0.662279 
5.026 -0.56 1.96 0.0122 0.2041 1.2377 1.1272 1.1192 0.0418 0.567952 -0.661782 
5.066 -0.79 1.87 0.0055 0.2111 1.3260 1.1802 1.1226 0.0441 0.620297 -0.662697 
5.106 -0.98 2.00 -0.0043 0.2003 1.3199 1.2291 1.1257 0.0464 0.675259 -0.663215 
5.146 -1.24 1.70 -0.0085 0.2259 1.5124 1.2743 1.1286 0.0489 0.730221 -0.662992 
5.186 -1.22 1.95 -0.0362 0.2048 1.5547 1.3159 1.1313 0.0514 0.793035 -0.662430 
5.226 -1.50 2.12 -0.0391 0.1904 1.4805 1.3543 1.1336 0.0540 0.858466 -0.663484 
5.266 -1.83 2.20 -0.0372 0.1841 1.4279 1.3897 1.1355 0.0563 0.918663 -0.660330 
5.306 -2.02 1.24 -0.0468 0.2641 2.0056 1.4224 1.1374 0.0590 0.986712 -0.660013 
5.346 -1.68 2.06 -0.1012 0.1953 1.9125 1.4525 1.1388 0.0612 1.062614 -0.662978 
5.386 -2.05 2.30 -0.0964 0.1753 1.7526 1.4804 1.1398 0.0632 1.138516 -0.663161 
5.426 -2.24 1.69 -0.1066 0.2261 2.1466 1.5063 1.1408 0.0657 1.219653 -0.661510 
5.466 -2.29 1.83 -0.1231 0.2145 2.1775 1.5256 1.1413 0.0674 1.306024 -0.660997 
5.506 -1.47 1.45 -0.1651 0.2463 2.6539 1.5013 1.1417 0.0692 1.397630 -0.661513 
5.546 -1.79 1.90 -0.1131 0.2090 2.0777 1.4750 1.1419 0.0708 1.486618 -0.662775 
5.586 -1.47 1.69 -0.1140 0.2261 2.1944 1.4467 1.1420 0.0728 1.575606 -0.664237 
5.626 -1.56 1.69 -0.0801 0.2047 1.8378 1.4322 1.1419 0.0753 1.654126 -0.664500 
5.666 -1.31 1.25 -0.0752 0.2148 1.8713 1.4182 1.1416 0.0777 1.727411 -0.666047 
5.706 -1.17 1.29 -0.0609 0.1862 1.5940 1.4011 1.1412 0.0801 1.790228 -0.667274 
5.746 -1.12 1.49 -0.0394 0.1433 1.1786 1.3797 1.1406 0.0822 1.845192 -0.669118 
5.786 -0.96 1.36 -0.0266 0.1282 0.9982 1.3522 1.1400 0.0844 1.889687 -0.669581 
5.826 -0.75 1.30 -0.0187 0.1080 0.8170 1.3157 1.1393 0.0863 1.926329 -0.669992 
5.866 -0.56 1.14 -0.0088 0.0955 0.6730 1.2651 1.1386 0.0880 1.949886 -0.669924 
5.906 -0.30 1.12 -0.0047 0.0709 0.4881 1.1905 1.1381 0.0893 1.968207 -0.669285 
5.946 -0.00 1.11 -0.0032 0.0456 0.3152 1.0718 1.1376 0.0904 1.983911 -0.668955 
5.986 0.30 0.99 -0.0024 0.0301 0.2096 0.8629 1.1373 0.0912 1.994381 -0.668216 
6.026 0.55 0.83 0.0024 0.0173 0.0963 0.4649 1.1371 0.0915 1.994381 -0.667109 
6.066 0.46 0.66 0.0353 0.0064 -0.1865 -0.1637 1.1368 0.0923 1.983911 -0.666472 
6.106 1.05 0.38 0.0122 0.0039 -0.0536 -0.6939 1.1367 0.0924 1.981294 -0.666137 
6.146 1.42 0.08 0.0075 0.0028 -0.0301 -0.9824 1.1367 0.0924 1.981294 -0.665730 
6.186 1.75 -0.22 0.0057 0.0022 -0.0228 -1.1382 1.1366 0.0926 1.978677 -0.665767 
6.226 2.01 -0.53 0.0095 0.0018 -0.0494 -1.2314 1.1366 0.0928 1.976059 -0.664809 
6.266 2.36 -0.57 0.0067 -0.0201 -0.1729 -1.2924 1.1367 0.0924 1.970825 -0.664173 
6.306 2.70 -0.99 0.0040 -0.0116 -0.1008 -1.3352 1.1368 0.0923 1.968207 -0.664013 
6.346 2.73 -1.37 0.0271 -0.0058 -0.2126 -1.3667 1.1367 0.0924 1.960355 -0.663802 
6.386 2.73 -1.37 0.0532 -0.0312 -0.5446 -1.3909 1.1365 0.0930 1.942034 -0.663523 
6.426 2.47 -1.55 0.1003 -0.0422 -0.9192 -1.4100 1.1361 0.0942 1.905391 -0.664261 
6.466 2.88 -1.59 0.0923 -0.0645 -1.0118 -1.4255 1.1358 0.0949 1.863513 -0.664759 
6.506 2.66 -1.67 0.1366 -0.0835 -1.4204 -1.4382 1.1355 0.0961 1.811167 -0.665025 
6.546 2.23 -1.55 0.1931 -0.0902 -1.8279 -1.4191 1.1353 0.0971 1.745734 -0.666268 
6.586 2.19 -1.02 0.1972 -0.1086 -1.9726 -1.3873 1.1351 0.0983 1.677683 -0.666905 
6.626 2.54 -0.78 0.1679 -0.1030 -1.7473 -1.3529 1.1350 0.0997 1.607015 -0.667476 
6.666 2.49 -0.74 0.1610 -0.0807 -1.5591 -1.3220 1.1350 0.1015 1.536348 -0.667571 
6.706 2.29 -0.54 0.1518 -0.0718 -1.4423 -1.2953 1.1352 0.1036 1.473532 -0.666649 
6.746 2.13 -0.52 0.1387 -0.0471 -1.1987 -1.2624 1.1355 0.1060 1.415950 -0.665245 
6.786 1.85 -0.40 0.1362 -0.0316 -1.0831 -1.2210 1.1359 0.1082 1.366220 -0.664366 
6.826 1.65 -0.32 0.1272 -0.0127 -0.9024 -1.1674 1.1365 0.1107 1.326960 -0.663112 
6.866 1.44 -0.09 0.1188 -0.0056 -0.8030 -1.0959 1.1371 0.1129 1.298169 -0.661794 
6.906 1.35 0.20 0.1009 -0.0036 -0.6741 -0.9969 1.1377 0.1150 1.269378 -0.661236 
6.946 1.38 0.43 0.0722 0.0030 -0.4464 -0.8545 1.1382 0.1168 1.251057 -0.659706 
6.986 1.25 0.47 0.0578 0.0251 -0.2110 -0.6439 1.1388 0.1185 1.243204 -0.658214 
7.026 1.21 0.69 0.0353 0.0328 -0.0163 -0.3388 1.1393 0.1199 1.240587 -0.657058 
7.066 0.90 0.92 0.0354 0.0391 0.0239 0.0457 1.1398 0.1214 1.240587 -0.657399 
7.106 0.72 1.19 0.0242 0.0425 0.1181 0.4177 1.1402 0.1225 1.245822 -0.657729 
7.146 0.50 1.25 0.0164 0.0634 0.3028 0.6998 1.1407 0.1239 1.253674 -0.657683 
7.186 0.26 1.45 0.0105 0.0730 0.4029 0.8922 1.1411 0.1254 1.269378 -0.657998 
7.226 0.25 1.61 -0.0139 0.0850 0.6381 1.0228 1.1415 0.1268 1.292934 -0.658427 
7.266 -0.14 1.77 -0.0073 0.0974 0.6755 1.1143 1.1420 0.1286 1.316491 -0.659277 
7.306 -0.49 1.90 -0.0043 0.1124 0.7526 1.1811 1.1426 0.1307 1.345281 -0.659076 
7.346 -0.81 2.03 -0.0031 0.1279 0.8451 1.2314 1.1430 0.1329 1.379307 -0.659654 
7.386 -0.77 2.04 -0.0031 0.1529 1.0065 1.2117 1.1435 0.1359 1.418568 -0.660847 
7.426 -0.39 1.99 -0.0091 0.1587 1.0826 1.1535 1.1439 0.1389 1.463062 -0.662443 
7.466 -0.27 2.21 0.0064 0.1401 0.8624 1.0909 1.1442 0.1422 1.499705 -0.662630 
7.506 0.04 2.21 0.0064 0.1400 0.8620 1.0228 1.1444 0.1454 1.541583 -0.663672 
7.546 0.38 2.01 0.0043 0.1574 0.9880 0.9492 1.1444 0.1488 1.586078 -0.664451 
7.586 0.33 1.91 0.0342 0.1650 0.8439 0.8698 1.1443 0.1527 1.620104 -0.665461 
7.626 0.23 1.63 0.0683 0.1617 0.6029 0.7605 1.1440 0.1571 1.651512 -0.666854 
7.666 0.66 1.43 0.0582 0.1533 0.6130 0.6227 1.1436 0.1610 1.680303 -0.667937 
7.706 1.14 1.44 0.0444 0.1261 0.5270 0.4511 1.1431 0.1650 1.706477 -0.668330 
7.746 1.26 0.98 0.0600 0.1383 0.5051 0.2459 1.1425 0.1690 1.727416 -0.669067 
7.786 1.37 1.11 0.0768 0.1018 0.1617 0.0174 1.1419 0.1730 1.737885 -0.669823 
7.826 1.52 0.67 0.0899 0.1130 0.1489 -0.2128 1.1412 0.1768 1.745737 -0.670056 
7.866 1.64 0.58 0.1056 0.1065 0.0056 -0.3671 1.1405 0.1806 1.748355 -0.670166 
7.906 2.07 0.76 0.0959 0.0913 -0.0294 -0.4372 1.1398 0.1846 1.748355 -0.670843 
7.946 1.76 0.64 0.1471 0.1015 -0.2946 -0.4957 1.1391 0.1890 1.737885 -0.671858 
7.986 1.92 0.66 0.1600 0.0999 -0.3876 -0.5449 1.1383 0.1938 1.727416 -0.671667 
8.026 2.09 0.56 0.1714 0.1079 -0.4097 -0.5867 1.1375 0.1988 1.714329 -0.672636 
8.066 2.09 0.75 0.1975 0.0922 -0.6789 -0.6224 1.1368 0.2045 1.693390 -0.673513 
8.106 2.44 0.77 0.1937 0.0925 -0.6534 -0.6478 1.1361 0.2103 1.664599 -0.674167 
8.146 2.19 0.84 0.2237 0.1121 -0.7203 -0.5841 1.1356 0.2168 1.638425 -0.673921 
8.186 2.20 1.06 0.2225 0.1203 -0.6594 -0.5105 1.1352 0.2237 1.612252 -0.673514 
8.226 1.99 1.10 0.2393 0.1424 -0.6249 -0.4359 1.1350 0.2312 1.583461 -0.672288 
8.266 1.97 1.09 0.2213 0.1688 -0.3388 -0.3270 1.1350 0.2389 1.567757 -0.671889 
8.306 1.81 1.29 0.2188 0.1781 -0.2628 -0.2199 1.1351 0.2470 1.557287 -0.670976 
8.346 1.85 1.60 0.2053 0.1785 -0.1726 -0.1244 1.1352 0.2551 1.552053 -0.669340 
8.386 2.03 1.36 0.1907 0.2244 0.2175 -0.0558 1.1354 0.2636 1.552053 -0.669244 
8.426 1.91 1.48 0.2004 0.2404 0.2585 0.0083 1.1355 0.2721 1.562522 -0.669160 
8.466 2.18 1.51 0.2019 0.2552 0.3439 -0.0054 1.1355 0.2809 1.575609 -0.670334 
8.506 2.31 1.27 0.2163 0.2603 0.2835 -0.0943 1.1354 0.2904 1.588696 -0.671010 
8.546 2.62 1.30 0.2021 0.2461 0.2839 -0.1478 1.1352 0.2995 1.596548 -0.671234 
8.586 2.34 1.28 0.2318 0.2416 0.0629 -0.1745 1.1349 0.3092 1.601782 -0.670802 
8.626 1.99 1.28 0.2587 0.2441 -0.0943 -0.1639 1.1346 0.3188 1.599165 -0.672022 
8.666 1.93 1.27 0.2603 0.2483 -0.0773 -0.1484 1.1344 0.3283 1.596548 -0.673198 
8.706 2.10 1.54 0.2428 0.2291 -0.0879 -0.1335 1.1341 0.3382 1.593930 -0.673865 
8.746 1.75 1.24 0.2677 0.2580 -0.0626 -0.1157 1.1339 0.3482 1.591313 -0.674850 
8.786 1.83 1.20 0.2579 0.2645 0.0428 -0.1036 1.1337 0.3581 1.588696 -0.674908 
8.826 1.95 1.31 0.2480 0.2550 0.0455 -0.1036 1.1336 0.3683 1.588696 -0.675890 
8.866 1.95 1.13 0.2481 0.2705 0.1447 -0.1036 1.1334 0.3784 1.588696 -0.675951 
8.906 1.64 1.12 0.2742 0.2708 -0.0220 -0.1036 1.1332 0.3889 1.588696 -0.674907 
8.946 2.07 1.06 0.2378 0.2764 0.2490 -0.1036 1.1330 0.3995 1.588696 -0.674661 
8.986 2.15 1.18 0.2350 0.2629 0.1805 -0.1186 1.1328 0.4098 1.591313 -0.673212 
9.026 1.73 1.17 0.2701 0.2637 -0.0413 -0.1186 1.1326 0.4200 1.591313 -0.672724 
9.066 1.68 1.27 0.2736 0.2554 -0.1180 -0.1186 1.1324 0.4305 1.591313 -0.672949 
9.106 1.97 1.32 0.2516 0.2488 -0.0180 -0.1271 1.1322 0.4409 1.593930 -0.672348 
9.146 1.93 1.10 0.2602 0.2623 0.0136 -0.1484 1.1319 0.4512 1.596548 -0.670523 
9.186 1.99 1.12 0.2580 0.2577 -0.0017 -0.1633 1.1317 0.4611 1.599165 -0.670547 
9.226 2.31 1.23 0.2345 0.2455 0.0712 -0.1752 1.1313 0.4713 1.599165 -0.671681 
9.266 2.41 1.16 0.2265 0.2510 0.1583 -0.1780 1.1310 0.4812 1.601782 -0.671759 
9.306 2.12 1.24 0.2509 0.2445 -0.0409 -0.1780 1.1307 0.4913 1.601782 -0.671072 
9.346 1.89 1.11 0.2673 0.2572 -0.0653 -0.1661 1.1304 0.5015 1.601782 -0.671131 
9.386 2.13 1.16 0.2428 0.2575 0.0953 -0.1484 1.1302 0.5116 1.596548 -0.672241 
9.426 2.05 1.02 0.2497 0.2694 0.1273 -0.1484 1.1299 0.5214 1.596548 -0.671149 
9.466 1.69 1.51 0.2766 0.2315 -0.2908 -0.1335 1.1297 0.5317 1.593930 -0.670532 
9.506 2.01 1.48 0.2467 0.2379 -0.0567 -0.1186 1.1294 0.5416 1.591313 -0.671556 
9.546 2.01 1.38 0.2464 0.2456 -0.0048 -0.1186 1.1292 0.5514 1.591313 -0.672136 
9.586 1.65 1.22 0.2773 0.2590 -0.1181 -0.1214 1.1290 0.5617 1.593930 -0.671089 
9.626 1.95 1.10 0.2549 0.2661 0.0721 -0.1335 1.1288 0.5718 1.593930 -0.670549 
9.666 2.11 1.26 0.2418 0.2527 0.0700 -0.1335 1.1286 0.5824 1.593930 -0.670484 
9.706 1.91 1.21 0.2581 0.2567 -0.0090 -0.1335 1.1283 0.5925 1.593930 -0.669327 
9.746 2.14 1.26 0.2388 0.2529 0.0911 -0.1335 1.1281 0.6031 1.593930 -0.667827 
9.786 2.03 1.10 0.2480 0.2659 0.1156 -0.1335 1.1279 0.6132 1.593930 -0.667778 
9.826 1.87 1.09 0.2613 0.2669 0.0363 -0.1335 1.1276 0.6238 1.593930 -0.667228 
9.866 2.00 0.95 0.2544 0.2747 0.1311 -0.1513 1.1273 0.6339 1.599165 -0.665449 
9.906 2.38 1.20 0.2265 0.2504 0.1539 -0.1661 1.1271 0.6440 1.599165 -0.664611 
9.946 2.39 0.98 0.2286 0.2659 0.2404 -0.1780 1.1267 0.6540 1.601782 -0.665579 
9.986 2.22 1.10 0.2457 0.2522 0.0416 -0.1927 1.1264 0.6639 1.604400 -0.665650 
10.026 2.12 0.98 0.2541 0.2621 0.0516 -0.1927 1.1261 0.6740 1.604400 -0.665558 
10.066 2.06 1.25 0.2556 0.2433 -0.0797 -0.1780 1.1258 0.6840 1.601782 -0.665719 
10.106 2.18 1.32 0.2462 0.2366 -0.0618 -0.1808 1.1254 0.6941 1.601782 -0.666069 
10.146 1.84 1.02 0.2720 0.2643 -0.0497 -0.1696 1.1251 0.7044 1.599165 -0.665998 
10.186 2.04 1.22 0.2537 0.2490 -0.0301 -0.1633 1.1248 0.7142 1.599165 -0.665798 
10.227 2.25 1.27 0.2336 0.2477 0.0913 -0.1513 1.1246 0.7243 1.599165 -0.665947 
10.267 2.00 1.28 0.2541 0.2479 -0.0399 -0.1484 1.1243 0.7343 1.596548 -0.665937 
10.307 1.93 1.26 0.2591 0.2502 -0.0576 -0.1456 1.1240 0.7446 1.593930 -0.666047 
10.347 2.10 1.34 0.2444 0.2437 -0.0050 -0.1427 1.1238 0.7547 1.593930 -0.665776 
10.387 1.88 1.16 0.2637 0.2578 -0.0383 -0.1478 1.1235 0.7651 1.596548 -0.664924 
10.427 1.83 1.15 0.2680 0.2581 -0.0635 -0.1484 1.1233 0.7756 1.596548 -0.664049 
10.467 2.10 1.24 0.2460 0.2503 0.0281 -0.1513 1.1230 0.7856 1.599165 -0.657486 
10.507 1.95 1.22 0.2587 0.2529 -0.0371 -0.1484 1.1227 0.7959 1.596548 -0.650803 
10.547 2.02 1.09 0.2527 0.2633 0.0680 -0.1484 1.1225 0.8064 1.596548 -0.652104 
10.587 2.13 1.20 0.2433 0.2543 0.0710 -0.1484 1.1222 0.8166 1.596548 -0.651969 
10.627 2.24 1.26 0.2373 0.2459 0.0555 -0.1633 1.1219 0.8265 1.599165 -0.651620 
10.667 1.90 1.17 0.2687 0.2507 -0.1159 -0.1745 1.1216 0.8369 1.601782 -0.652147 
10.707 2.01 1.19 0.2597 0.2486 -0.0720 -0.1780 1.1213 0.8470 1.601782 -0.652290 
10.747 2.44 1.07 0.2275 0.2548 0.1761 -0.1927 1.1210 0.8569 1.604400 -0.652715 
10.787 2.17 1.03 0.2503 0.2581 0.0501 -0.1927 1.1206 0.8671 1.604400 -0.652170 
10.827 1.92 1.18 0.2711 0.2455 -0.1650 -0.1927 1.1203 0.8768 1.604400 -0.652658 
10.867 1.93 1.23 0.2642 0.2479 -0.1057 -0.1667 1.1200 0.8869 1.599165 -0.654969 
10.907 1.97 1.27 0.2565 0.2482 -0.0537 -0.1484 1.1197 0.8973 1.596548 -0.655674 
10.947 1.63 1.25 0.2779 0.2564 -0.1387 -0.1175 1.1195 0.9074 1.591313 -0.656169 
10.987 1.59 1.24 0.2549 0.2577 0.0178 -0.0620 1.1193 0.9178 1.588696 -0.656683 
11.027 1.70 1.15 0.2205 0.2654 0.2896 -0.0020 1.1191 0.9281 1.591313 -0.656857 
11.067 1.17 1.27 0.2389 0.2548 0.1025 0.0624 1.1189 0.9378 1.596548 -0.654970 
11.107 1.32 1.33 0.2003 0.2502 0.3220 0.1312 1.1186 0.9472 1.612252 -0.653851 
11.147 0.99 1.38 0.2017 0.2456 0.2833 0.2040 1.1181 0.9563 1.625339 -0.652497 
11.187 1.19 1.27 0.1590 0.2551 0.6200 0.2806 1.1176 0.9648 1.646278 -0.652109 
11.227 1.19 1.05 0.1334 0.2732 0.9016 0.3601 1.1169 0.9731 1.669834 -0.650913 
11.267 0.97 1.17 0.1258 0.2635 0.8884 0.4417 1.1160 0.9809 1.693390 -0.649389 
11.307 0.72 1.39 0.1213 0.2451 0.7988 0.5244 1.1150 0.9881 1.724798 -0.648487 
11.347 0.49 1.38 0.1146 0.2462 0.8489 0.6071 1.1137 0.9953 1.761441 -0.648877 
11.387 0.60 1.46 0.0793 0.2393 1.0323 0.6886 1.1123 1.0021 1.798084 -0.648315 
11.427 0.53 1.31 0.0591 0.2517 1.2424 0.7679 1.1108 1.0082 1.837345 -0.648300 
11.467 0.25 1.77 0.0565 0.2134 1.0124 0.8442 1.1091 1.0138 1.881840 -0.648650 
11.507 0.02 1.46 0.0500 0.2394 1.2218 0.9168 1.1072 1.0192 1.934187 -0.648460 
11.547 -0.23 1.65 0.0455 0.2234 1.1479 0.9852 1.1052 1.0241 1.981300 -0.649158 
11.587 -0.29 1.62 0.0241 0.2261 1.3030 1.0492 1.1031 1.0285 2.033647 -0.647287 
11.627 -0.39 1.97 0.0071 0.1967 1.2231 1.1088 1.1011 1.0322 2.088611 -0.648284 
11.667 -0.67 1.74 0.0042 0.2156 1.3643 1.1641 1.0989 1.0359 2.143576 -0.649340 
11.707 -0.88 2.01 -0.0036 0.1936 1.2725 1.2151 1.0968 1.0391 2.198540 -0.649804 
11.747 -1.13 2.03 -0.0088 0.1919 1.2946 1.2621 1.0944 1.0421 2.253505 -0.650635 
11.787 -1.39 2.00 -0.0132 0.1939 1.3362 1.3054 1.0920 1.0449 2.305852 -0.651840 
11.827 -1.60 1.80 -0.0216 0.2105 1.4975 1.3452 1.0896 1.0474 2.360816 -0.652230 
11.867 -1.57 2.04 -0.0498 0.1911 1.5542 1.3819 1.0873 1.0496 2.423633 -0.651203 
11.907 -1.68 1.89 -0.0666 0.2039 1.7454 1.4157 1.0851 1.0514 2.491684 -0.652100 
11.947 -1.61 2.10 -0.0981 0.1860 1.8326 1.4469 1.0828 1.0530 2.564970 -0.652903 
11.987 -1.85 1.68 -0.1041 0.2210 2.0976 1.4757 1.0805 1.0544 2.640874 -0.652777 
12.027 -1.82 1.74 -0.1320 0.2162 2.2462 1.5024 1.0785 1.0554 2.727247 -0.651603 
12.067 -1.81 1.45 -0.1592 0.2406 2.5791 1.5270 1.0770 1.0560 2.816237 -0.652856 
12.107 -2.04 1.70 -0.1414 0.2194 2.3275 1.5282 1.0754 1.0564 2.910462 -0.654527 
12.147 -1.85 1.60 -0.1310 0.2278 2.3151 1.5036 1.0740 1.0567 3.007304 -0.656097 
12.187 -1.32 1.80 -0.1489 0.2106 2.3197 1.4771 1.0726 1.0568 3.098912 -0.660124 
12.227 -1.42 1.61 -0.1150 0.2186 2.1522 1.4543 1.0706 1.0568 -3.095283 -0.661797 
12.267 -1.03 1.14 -0.1218 0.2325 2.2861 1.4432 1.0686 1.0566 -3.011528 -0.664598 
12.307 -1.12 1.60 -0.0887 0.1685 1.6593 1.4297 1.0664 1.0563 -2.935624 -0.665804 
12.347 -1.25 1.25 -0.0518 0.1718 1.4424 1.4131 1.0640 1.0557 -2.872808 -0.668983 
12.387 -1.14 1.21 -0.0354 0.1487 1.1876 1.3921 1.0619 1.0550 -2.823078 -0.670483 
12.427 -1.01 1.07 -0.0204 0.1349 1.0019 1.3647 1.0598 1.0543 -2.783818 -0.671438 
12.467 -0.79 1.10 -0.0131 0.1062 0.7693 1.3276 1.0581 1.0536 -2.755027 -0.671666 
12.507 -0.56 0.98 -0.0059 0.0908 0.6236 1.2748 1.0564 1.0529 -2.731470 -0.671295 
12.547 -0.28 1.02 -0.0037 0.0615 0.4210 1.1939 1.0551 1.0523 -2.713149 -0.670761 
12.587 0.02 1.07 -0.0027 0.0315 0.2207 1.0576 1.0545 1.0521 -2.705297 -0.670121 
12.627 0.27 0.97 0.0023 0.0140 0.0756 0.7963 1.0542 1.0519 -2.705297 -0.668877 
12.667 0.15 0.76 0.0382 0.0059 -0.2084 0.2636 1.0536 1.0517 -2.713149 -0.668598 
12.708 0.82 0.47 0.0082 0.0037 -0.0290 -0.4495 1.0536 1.0517 -2.713149 -0.668486 
12.748 1.17 0.18 0.0045 0.0027 -0.0117 -0.8900 1.0536 1.0517 -2.713149 -0.668391 
12.788 1.49 -0.13 0.0036 0.0021 -0.0093 -1.1045 1.0534 1.0516 -2.715766 -0.668088 
12.828 1.80 -0.39 0.0036 -0.0021 -0.0369 -1.2208 1.0536 1.0517 -2.718384 -0.667836 
12.868 2.10 -0.28 0.0048 -0.0369 -0.2688 -1.2919 1.0538 1.0517 -2.726236 -0.667965 
12.908 2.36 -0.86 0.0086 -0.0139 -0.1447 -1.3394 1.0540 1.0518 -2.734088 -0.667667 
12.948 2.27 -1.14 0.0420 -0.0168 -0.3795 -1.3733 1.0534 1.0516 -2.747175 -0.667446 
12.988 2.90 -1.42 0.0155 -0.0191 -0.2236 -1.3986 1.0534 1.0516 -2.757644 -0.667034 
13.028 2.44 -1.87 0.0801 -0.0075 -0.5647 -1.4182 1.0519 1.0510 -2.778583 -0.666802 
13.068 2.76 -1.87 0.0785 -0.0337 -0.7240 -1.4338 1.0508 1.0506 -2.809991 -0.665972 
13.108 2.23 -2.24 0.1489 -0.0283 -1.1436 -1.4465 1.0488 1.0500 -2.851869 -0.666115 
13.148 1.93 -2.69 0.2001 -0.0166 -1.3979 -1.4571 1.0459 1.0492 -2.896364 -0.666132 
13.188 2.23 -2.82 0.2001 -0.0063 -1.3314 -1.4392 1.0425 1.0484 -2.940859 -0.665235 
13.228 2.57 -2.60 0.1781 -0.0053 -1.1829 -1.4125 1.0390 1.0478 -2.993206 -0.664298 
13.268 2.48 -2.29 0.1853 -0.0053 -1.2293 -1.3812 1.0351 1.0473 -3.042936 -0.663924 
13.308 2.33 -1.99 0.1976 -0.0038 -1.2994 -1.3475 1.0313 1.0470 -3.092666 -0.663899 
13.348 2.39 -1.70 0.1914 -0.0027 -1.2525 -1.3122 1.0274 1.0469 3.140790 -0.664030 
13.388 2.28 -1.39 0.1743 -0.0022 -1.1385 -1.2859 1.0238 1.0470 3.093677 -0.663084 
13.428 2.11 -1.09 0.1628 -0.0018 -1.0616 -1.2539 1.0205 1.0472 3.051799 -0.662682 
13.468 2.29 -0.78 0.1215 -0.0015 -0.7937 -1.2141 1.0179 1.0475 3.017774 -0.662947 
13.508 1.95 -0.47 0.1240 -0.0013 -0.8086 -1.1635 1.0155 1.0479 2.986365 -0.663163 
13.548 2.21 -0.19 0.0773 0.0013 -0.4904 -1.0974 1.0133 1.0482 2.962809 -0.663554 
13.588 1.92 0.01 0.0750 0.0102 -0.4183 -1.0085 1.0119 1.0485 2.949722 -0.663507 
13.628 1.43 0.21 0.0903 0.0188 -0.4612 -0.8847 1.0101 1.0488 2.936635 -0.663843 
13.668 1.98 0.36 0.0187 0.0325 0.0891 -0.7079 1.0089 1.0491 2.936635 -0.663485 
13.708 1.81 0.92 0.0066 0.0116 0.0324 -0.4558 1.0087 1.0491 2.939253 -0.663579 
13.748 1.53 1.24 0.0040 0.0107 0.0434 -0.1241 1.0085 1.0492 2.941870 -0.663999 
13.788 1.23 1.49 0.0032 0.0158 0.0816 0.2363 1.0079 1.0493 2.944488 -0.664597 
13.828 0.84 1.56 0.0104 0.0357 0.1628 0.5450 1.0071 1.0495 2.949722 -0.665195 
13.868 0.78 1.83 0.0133 0.0396 0.1696 0.6317 1.0061 1.0496 2.957574 -0.664953 
13.908 0.71 1.88 0.0191 0.0611 0.2712 0.6868 1.0044 1.0500 2.970661 -0.666789 
13.948 0.56 1.98 0.0320 0.0786 0.3009 0.7295 1.0024 1.0503 2.981131 -0.666856 
13.988 0.54 2.34 0.0332 0.0740 0.2634 0.7634 1.0001 1.0506 2.994217 -0.667758 
14.028 0.54 2.05 0.0332 0.1244 0.5887 0.7910 0.9971 1.0511 3.012539 -0.668505 
14.068 0.55 2.19 0.0328 0.1382 0.6802 0.8138 0.9937 1.0515 3.041330 -0.668746 
14.108 0.71 2.30 0.0423 0.1407 0.6345 0.7475 0.9901 1.0518 3.067503 -0.670369 
14.148 0.95 2.03 0.0484 0.1636 0.7427 0.6606 0.9856 1.0520 3.098912 -0.671421 
14.188 0.96 1.86 0.0730 0.1777 0.6753 0.5715 0.9808 1.0522 3.125085 -0.672370 
14.228 1.09 2.01 0.0879 0.1654 0.4996 0.4816 0.9753 1.0522 -3.129309 -0.673898 
14.268 0.97 1.60 0.1236 0.1992 0.4875 0.3923 0.9696 1.0521 -3.103135 -0.674226 
14.308 1.55 1.52 0.1014 0.1868 0.5509 0.2582 0.9637 1.0518 -3.079579 -0.675674 
14.348 1.64 1.13 0.1203 0.1930 0.4692 0.0983 0.9575 1.0513 -3.061258 -0.676487 
14.388 1.71 0.59 0.1400 0.2142 0.4788 -0.0599 0.9510 1.0507 -3.045553 -0.677043 
14.428 1.75 0.55 0.1622 0.2071 0.2895 -0.1709 0.9445 1.0501 -3.035084 -0.678004 
14.468 1.97 0.94 0.1697 0.1674 -0.0154 -0.2589 0.9379 1.0493 -3.032467 -0.677707 
14.508 2.23 1.04 0.1744 0.1562 -0.1174 -0.3252 0.9314 1.0486 -3.032467 -0.677497 
14.548 2.00 1.12 0.2192 0.1495 -0.4496 -0.3761 0.9244 1.0479 -3.040319 -0.678518 
14.588 2.23 1.01 0.2257 0.1587 -0.4319 -0.4212 0.9169 1.0471 -3.048171 -0.679461 
14.628 2.50 1.07 0.2288 0.1544 -0.4804 -0.4597 0.9092 1.0465 -3.063875 -0.680921 
14.668 2.55 1.29 0.2398 0.1618 -0.5033 -0.4150 0.9009 1.0459 -3.082196 -0.681620 
14.708 2.46 1.16 0.2383 0.1986 -0.2557 -0.3354 0.8920 1.0454 -3.097901 -0.680627 
14.748 2.29 1.19 0.2397 0.2220 -0.1143 -0.2476 0.8831 1.0451 -3.108370 -0.680039 
14.788 2.16 1.26 0.2429 0.2424 -0.0035 -0.1699 0.8736 1.0448 -3.116222 -0.679898 
14.828 2.30 1.32 0.2295 0.2441 0.0945 -0.1491 0.8640 1.0446 -3.113605 -0.679146 
14.868 1.99 1.30 0.2548 0.2465 -0.0534 -0.1463 0.8541 1.0443 -3.116222 -0.678864 
14.908 1.97 1.33 0.2556 0.2447 -0.0703 -0.1434 0.8438 1.0441 -3.118840 -0.678612 
14.948 2.04 1.09 0.2492 0.2649 0.1014 -0.1406 0.8336 1.0438 -3.118840 -0.677994 
14.988 2.08 1.25 0.2431 0.2535 0.0673 -0.1314 0.8235 1.0436 -3.118840 -0.676860 
15.028 1.73 1.31 0.2725 0.2491 -0.1510 -0.1314 0.8133 1.0433 -3.118840 -0.676282 
15.068 1.81 1.34 0.2659 0.2463 -0.1265 -0.1314 0.8032 1.0431 -3.118840 -0.676435 
15.108 2.14 1.52 0.2387 0.2316 -0.0458 -0.1314 0.7935 1.0429 -3.118840 -0.676056 
15.148 1.97 1.18 0.2532 0.2590 0.0380 -0.1342 0.7835 1.0427 -3.116222 -0.675628 
15.189 2.08 1.15 0.2458 0.2602 0.0932 -0.1399 0.7734 1.0424 -3.116222 -0.674854 
15.229 1.89 0.84 0.2627 0.2847 0.1418 -0.1463 0.7632 1.0422 -3.116222 -0.676350 
15.269 2.13 1.30 0.2423 0.2463 0.0256 -0.1463 0.7531 1.0419 -3.116222 -0.675919 
15.309 1.79 1.25 0.2714 0.2503 -0.1358 -0.1463 0.7430 1.0416 -3.116222 -0.675742 
15.349 1.76 1.29 0.2701 0.2509 -0.1243 -0.1314 0.7322 1.0414 -3.118840 -0.676360 
15.389 1.80 1.36 0.2670 0.2447 -0.1445 -0.1314 0.7221 1.0411 -3.118840 -0.677002 
15.429 1.85 1.25 0.2625 0.2536 -0.0576 -0.1314 0.7115 1.0409 -3.118840 -0.675229 
15.469 2.17 0.97 0.2371 0.2765 0.2546 -0.1342 0.7016 1.0407 -3.116222 -0.671458 
15.509 2.65 1.08 0.2069 0.2575 0.3259 -0.1787 0.6917 1.0404 -3.108370 -0.669946 
15.549 2.47 1.07 0.2310 0.2482 0.1113 -0.2197 0.6819 1.0400 -3.103135 -0.666969 
15.589 2.39 1.09 0.2415 0.2431 0.0103 -0.2341 0.6724 1.0397 -3.100518 -0.665894 
15.629 2.49 1.13 0.2361 0.2371 0.0064 -0.2478 0.6629 1.0393 -3.097901 -0.664671 
15.669 2.35 1.16 0.2491 0.2338 -0.0988 -0.2512 0.6536 1.0389 -3.097901 -0.664511 
15.709 2.79 0.82 0.2152 0.2587 0.2804 -0.2654 0.6442 1.0384 -3.092666 -0.663679 
15.749 2.71 1.22 0.2215 0.2262 0.0305 -0.2633 0.6351 1.0380 -3.095283 -0.662872 
15.789 2.79 1.06 0.2148 0.2396 0.1600 -0.2627 0.6258 1.0376 -3.095283 -0.663438 
15.829 2.49 1.33 0.2365 0.2197 -0.1081 -0.2485 0.6167 1.0371 -3.097901 -0.663816 
15.869 2.38 1.11 0.2455 0.2382 -0.0473 -0.2485 0.6074 1.0367 -3.097901 -0.663698 
15.909 2.38 1.37 0.2450 0.2172 -0.1789 -0.2457 0.5982 1.0363 -3.100518 -0.663277 
15.949 2.57 1.12 0.2275 0.2397 0.0785 -0.2403 0.5891 1.0359 -3.097901 -0.663240 
15.989 2.77 1.06 0.2132 0.2423 0.1876 -0.2485 0.5798 1.0355 -3.097901 -0.663129 
16.029 2.52 1.18 0.2343 0.2331 -0.0080 -0.2485 0.5705 1.0351 -3.097901 -0.664082 
16.069 2.69 1.08 0.2196 0.2406 0.1357 -0.2485 0.5612 1.0347 -3.097901 -0.663394 
16.109 2.34 1.34 0.2458 0.2229 -0.1472 -0.2341 0.5516 1.0343 -3.100518 -0.664166 
16.149 2.58 1.23 0.2251 0.2318 0.0427 -0.2341 0.5419 1.0339 -3.100518 -0.664650 
16.189 2.69 1.08 0.2161 0.2447 0.1846 -0.2341 0.5326 1.0335 -3.100518 -0.665345 
16.229 2.59 1.24 0.2245 0.2310 0.0422 -0.2341 0.5229 1.0331 -3.100518 -0.664523 
16.269 2.27 1.38 0.2509 0.2193 -0.2043 -0.2341 0.5135 1.0328 -3.100518 -0.664260 
16.309 2.12 1.11 0.2602 0.2458 -0.0929 -0.2169 0.5040 1.0324 -3.103135 -0.665312 
16.349 2.35 1.44 0.2347 0.2243 -0.0676 -0.1906 0.4943 1.0321 -3.108370 -0.666010 
16.389 2.04 1.22 0.2572 0.2465 -0.0687 -0.1759 0.4843 1.0317 -3.110987 -0.665240 
16.429 1.87 0.99 0.2657 0.2707 0.0324 -0.1526 0.4740 1.0315 -3.113605 -0.664564 
16.469 2.01 1.16 0.2514 0.2595 0.0523 -0.1406 0.4639 1.0312 -3.118840 -0.664581 
16.509 1.91 1.38 0.2573 0.2435 -0.0892 -0.1314 0.4537 1.0310 -3.118840 -0.663223 
16.549 1.83 1.42 0.2644 0.2399 -0.1584 -0.1314 0.4436 1.0307 -3.118840 -0.662310 
16.589 2.06 1.38 0.2449 0.2429 -0.0132 -0.1314 0.4339 1.0305 -3.118840 -0.662708 
16.628 2.21 1.42 0.2289 0.2434 0.0936 -0.1164 0.4239 1.0303 -3.121457 -0.661763 
16.668 1.94 1.25 0.2544 0.2546 0.0009 -0.1285 0.4142 1.0301 -3.121457 -0.661520 
16.708 1.97 1.11 0.2563 0.2621 0.0372 -0.1463 0.4040 1.0299 -3.116222 -0.660927 
16.748 2.06 1.23 0.2521 0.2490 -0.0198 -0.1611 0.3941 1.0296 -3.113605 -0.661372 
16.788 2.29 1.17 0.2360 0.2505 0.0938 -0.1759 0.3842 1.0293 -3.110987 -0.661776 
16.828 2.19 1.22 0.2472 0.2433 -0.0250 -0.1871 0.3738 1.0290 -3.108370 -0.661746 
16.868 2.03 1.21 0.2581 0.2468 -0.0731 -0.1787 0.3637 1.0287 -3.108370 -0.662232 
16.908 2.13 0.98 0.2495 0.2664 0.1094 -0.1759 0.3534 1.0283 -3.110987 -0.663463 
16.948 1.78 1.20 0.2749 0.2513 -0.1525 -0.1611 0.3430 1.0280 -3.113605 -0.663844 
16.988 1.75 1.29 0.2781 0.2439 -0.2211 -0.1611 0.3329 1.0278 -3.113605 -0.663198 
17.028 2.18 1.20 0.2414 0.2522 0.0697 -0.1583 0.3225 1.0275 -3.116222 -0.663158 
17.068 2.12 1.20 0.2448 0.2536 0.0571 -0.1519 0.3122 1.0272 -3.113605 -0.663235 
17.108 2.02 1.07 0.2541 0.2627 0.0553 -0.1576 0.3017 1.0269 -3.113605 -0.661783 
17.148 2.02 1.01 0.2539 0.2685 0.0947 -0.1554 0.2913 1.0266 -3.116222 -0.660869 
17.188 1.90 0.99 0.2625 0.2715 0.0584 -0.1491 0.2810 1.0264 -3.113605 -0.660013 
17.228 1.76 1.14 0.2706 0.2620 -0.0558 -0.1349 0.2704 1.0261 -3.118840 -0.659338 
17.268 2.02 1.28 0.2481 0.2513 0.0207 -0.1314 0.2603 1.0259 -3.118840 -0.658213 
17.308 2.00 1.31 0.2497 0.2487 -0.0070 -0.1314 0.2501 1.0256 -3.118840 -0.658189 
17.348 1.61 1.10 0.2773 0.2662 -0.0716 -0.1207 0.2400 1.0254 -3.118840 -0.657633 
17.388 1.60 1.39 0.2525 0.2421 -0.0667 -0.0649 0.2297 1.0252 -3.116222 -0.657104 
17.428 1.80 1.31 0.2101 0.2491 0.2514 -0.0047 0.2201 1.0249 -3.108370 -0.656217 
17.468 1.66 1.05 0.1960 0.2701 0.4784 0.0600 0.2106 1.0246 -3.100518 -0.654523 
17.508 1.34 0.82 0.1967 0.2898 0.6009 0.1292 0.2015 1.0241 -3.082196 -0.653158 
17.548 1.41 1.37 0.1648 0.2438 0.5098 0.2026 0.1928 1.0235 -3.063875 -0.652930 
17.588 1.24 1.38 0.1533 0.2430 0.5786 0.2797 0.1845 1.0228 -3.040319 -0.652222 
17.628 1.03 1.36 0.1452 0.2448 0.6431 0.3599 0.1766 1.0219 -3.011528 -0.651953 
17.668 0.96 1.56 0.1247 0.2282 0.6679 0.4421 0.1692 1.0208 -2.982737 -0.651759 
17.708 0.87 1.47 0.1068 0.2353 0.8292 0.5255 0.1620 1.0195 -2.951329 -0.652008 
17.748 0.72 1.53 0.0934 0.2309 0.8867 0.6088 0.1553 1.0181 -2.914685 -0.652035 
17.788 0.65 1.42 0.0736 0.2401 1.0741 0.6909 0.1490 1.0165 -2.878042 -0.649754 
17.828 0.45 1.61 0.0643 0.2236 1.0281 0.7708 0.1431 1.0149 -2.836165 -0.648389 
17.868 0.09 1.64 0.0683 0.2212 0.9865 0.8476 0.1378 1.0130 -2.799522 -0.649111 
17.908 -0.02 1.58 0.0520 0.2267 1.1275 0.9205 0.1328 1.0111 -2.747175 -0.649049 
17.948 -0.14 1.77 0.0360 0.2107 1.1269 0.9893 0.1282 1.0091 -2.702679 -0.649515 
17.988 -0.26 1.66 0.0199 0.2197 1.2893 1.0535 0.1238 1.0069 -2.650332 -0.647787 
18.028 -0.41 1.92 0.0067 0.1984 1.2368 1.1133 0.1201 1.0048 -2.595368 -0.648273 
18.068 -0.69 2.09 0.0040 0.1840 1.1609 1.1686 0.1167 1.0026 -2.543020 -0.649246 
18.108 -0.98 1.50 0.0029 0.2334 1.4869 1.2196 0.1136 1.0004 -2.493291 -0.650607 
18.148 -1.23 2.12 -0.0023 0.1814 1.1852 1.2667 0.1107 0.9981 -2.440943 -0.648911 
18.188 -1.38 1.65 -0.0155 0.2206 1.5236 1.3099 0.1080 0.9957 -2.388596 -0.647255 
18.228 -1.72 1.95 -0.0131 0.1959 1.3481 1.3497 0.1053 0.9929 -2.333632 -0.648859 
18.268 -1.87 2.22 -0.0267 0.1728 1.2869 1.3864 0.1031 0.9905 -2.276050 -0.648897 
18.308 -1.92 1.44 -0.0480 0.2379 1.8444 1.4201 0.1013 0.9883 -2.213233 -0.648921 
18.348 -1.73 1.77 -0.0898 0.2106 1.9381 1.4512 0.0998 0.9861 -2.142565 -0.648627 
18.388 -2.17 1.80 -0.0792 0.2081 1.8536 1.4799 0.0987 0.9842 -2.066661 -0.648554 
18.428 -2.07 1.78 -0.1135 0.2093 2.0824 1.5064 0.0977 0.9822 -1.985523 -0.648690 
18.467 -1.99 1.38 -0.1456 0.2430 2.5070 1.5310 0.0971 0.9807 -1.896534 -0.649063 
18.507 -1.55 1.63 -0.1845 0.2220 2.6228 1.5330 0.0967 0.9792 -1.802311 -0.648781 
18.547 -2.16 1.76 -0.1083 0.2115 2.0636 1.5086 0.0964 0.9778 -1.715940 -0.650329 
18.587 -1.52 1.86 -0.1356 0.2034 2.1869 1.4823 0.0963 0.9761 -1.626951 -0.653089 
18.627 -1.85 2.02 -0.0823 0.1897 1.7547 1.4538 0.0962 0.9745 -1.548432 -0.655030 
18.667 -1.35 1.50 -0.0976 0.2075 1.9685 1.4428 0.0964 0.9723 -1.472529 -0.657574 
18.707 -1.25 1.41 -0.0802 0.1888 1.7350 1.4295 0.0967 0.9703 -1.404478 -0.659356 
18.747 -1.37 1.36 -0.0450 0.1675 1.3711 1.4131 0.0971 0.9679 -1.341662 -0.659589 
18.787 -1.17 1.43 -0.0354 0.1358 1.1043 1.3926 0.0977 0.9659 -1.294550 -0.659455 
18.827 -0.97 1.19 -0.0265 0.1300 1.0098 1.3659 0.0984 0.9636 -1.252672 -0.660328 
18.867 -0.88 1.29 -0.0082 0.0951 0.6666 1.3300 0.0991 0.9615 -1.223881 -0.661905 
18.907 -0.61 1.24 -0.0045 0.0735 0.5036 1.2793 0.0997 0.9600 -1.202943 -0.661506 
18.947 -0.32 1.02 -0.0031 0.0664 0.4488 1.2027 0.1002 0.9587 -1.184621 -0.661282 
18.987 -0.02 0.99 -0.0024 0.0432 0.2945 1.0761 0.1006 0.9577 -1.171534 -0.660864 
19.027 0.24 0.93 0.0020 0.0223 0.1312 0.8393 0.1008 0.9572 -1.168917 -0.660970 
19.067 0.47 0.76 0.0089 0.0107 0.0113 0.3585 0.1010 0.9568 -1.168917 -0.660325 
19.107 0.65 0.51 0.0197 0.0052 -0.0938 -0.3498 0.1011 0.9564 -1.174152 -0.660630 
19.147 1.05 0.23 0.0117 0.0034 -0.0534 -0.8349 0.1012 0.9562 -1.176769 -0.660905 
19.187 1.43 -0.07 0.0062 0.0026 -0.0231 -1.0738 0.1012 0.9562 -1.176769 -0.661157 
19.227 1.74 -0.38 0.0058 0.0020 -0.0243 -1.2014 0.1013 0.9560 -1.179386 -0.660984 
19.267 2.05 -0.51 0.0057 -0.0126 -0.1183 -1.2784 0.1012 0.9562 -1.187238 -0.661289 
19.307 2.36 -0.73 0.0057 -0.0200 -0.1655 -1.3294 0.1011 0.9566 -1.192473 -0.661151 
19.347 2.67 -1.17 0.0061 -0.0094 -0.1003 -1.3655 0.1011 0.9566 -1.197708 -0.661225 
19.387 2.96 -1.45 0.0081 -0.0115 -0.1261 -1.3922 0.1011 0.9566 -1.202943 -0.661271 
19.427 2.54 -1.77 0.0682 -0.0108 -0.5097 -1.4129 0.1013 0.9560 -1.216029 -0.661110 
19.467 2.22 -2.00 0.1214 -0.0174 -0.8956 -1.4293 0.1017 0.9549 -1.242203 -0.661900 
19.507 2.58 -2.34 0.1172 -0.0152 -0.8542 -1.4426 0.1023 0.9530 -1.273611 -0.662394 
19.547 2.32 -2.45 0.1646 -0.0317 -1.2661 -1.4537 0.1029 0.9508 -1.318106 -0.661705 
19.587 2.29 -1.66 0.1923 -0.1004 -1.8884 -1.4383 0.1033 0.9488 -1.380922 -0.662344 
19.627 2.63 -1.35 0.1636 -0.0999 -1.7002 -1.4083 0.1036 0.9474 -1.451590 -0.661866 
19.667 2.41 -1.11 0.1822 -0.0947 -1.7865 -1.3759 0.1038 0.9454 -1.524875 -0.663697 
19.707 2.20 -0.68 0.1908 -0.1046 -1.9052 -1.3462 0.1038 0.9434 -1.598160 -0.665284 
19.747 2.10 -0.79 0.1737 -0.0693 -1.5677 -1.3231 0.1037 0.9416 -1.663592 -0.666024 
19.787 2.11 -0.71 0.1465 -0.0500 -1.2678 -1.2949 0.1034 0.9394 -1.718556 -0.665989 
19.827 1.96 -0.60 0.1335 -0.0334 -1.0766 -1.2597 0.1031 0.9376 -1.763051 -0.665998 
19.867 1.83 -0.50 0.1183 -0.0158 -0.8648 -1.2145 0.1027 0.9358 -1.797076 -0.666005 
19.907 2.08 -0.28 0.0712 -0.0083 -0.5131 -1.1550 0.1022 0.9338 -1.823250 -0.666342 
19.947 1.67 -0.02 0.0801 -0.0046 -0.5460 -1.0735 0.1018 0.9322 -1.844189 -0.665197 
19.987 1.60 0.19 0.0596 0.0037 -0.3606 -0.9572 0.1013 0.9305 -1.862510 -0.664522 
20.027 1.39 0.16 0.0517 0.0318 -0.1281 -0.7841 0.1009 0.9291 -1.870362 -0.662919 
20.067 1.41 0.25 0.0239 0.0502 0.1696 -0.5218 0.1005 0.9280 -1.870362 -0.661095 
20.107 1.20 0.88 0.0156 0.0235 0.0512 -0.1514 0.1003 0.9272 -1.865128 -0.660480 
20.147 0.98 1.27 0.0084 0.0168 0.0540 0.2636 0.1001 0.9266 -1.862510 -0.660771 
20.187 0.67 1.52 0.0081 0.0225 0.0927 0.6055 0.0999 0.9260 -1.859893 -0.661161 
20.227 0.32 1.68 0.0115 0.0349 0.1512 0.8396 0.0997 0.9252 -1.854658 -0.662181 
20.266 0.03 1.71 0.0104 0.0583 0.3087 0.9940 0.0993 0.9239 -1.841571 -0.662843 
20.306 -0.26 1.86 0.0085 0.0710 0.4027 1.0989 0.0989 0.9225 -1.823250 -0.663431 
20.346 -0.53 2.01 0.0046 0.0850 0.5186 1.1733 0.0985 0.9207 -1.799694 -0.663938 
20.386 -0.82 1.88 0.0032 0.1213 0.7622 1.2283 0.0981 0.9187 -1.773520 -0.663628 
20.426 -0.82 2.11 -0.0030 0.1280 0.8450 1.2292 0.0976 0.9163 -1.736877 -0.665211 
20.466 -0.60 1.97 -0.0030 0.1539 1.0118 1.1810 0.0972 0.9133 -1.697617 -0.665771 
20.506 -0.29 1.85 -0.0030 0.1642 1.0783 1.1195 0.0968 0.9101 -1.655739 -0.667126 
20.546 -0.05 2.06 0.0029 0.1467 0.9277 1.0525 0.0966 0.9065 -1.613861 -0.668553 
20.586 0.01 2.11 0.0238 0.1423 0.7645 0.9797 0.0965 0.9028 -1.577218 -0.669450 
20.626 0.37 2.11 0.0197 0.1420 0.7887 0.9013 0.0966 0.8992 -1.540575 -0.669186 
20.666 0.29 1.95 0.0521 0.1507 0.6356 0.8140 0.0967 0.8953 -1.511784 -0.670191 
20.706 0.74 1.65 0.0402 0.1509 0.7144 0.6921 0.0970 0.8913 -1.485610 -0.670584 
20.746 0.79 1.61 0.0624 0.1283 0.4253 0.5392 0.0974 0.8874 -1.462054 -0.672370 
20.786 0.91 1.38 0.0782 0.1215 0.2794 0.3524 0.0979 0.8834 -1.446350 -0.672090 
20.826 1.15 1.19 0.0842 0.1121 0.1803 0.1389 0.0984 0.8796 -1.433263 -0.671599 
20.866 1.46 1.33 0.0843 0.0919 0.0490 -0.0136 0.0989 0.8760 -1.428029 -0.671564 
20.906 1.63 0.91 0.0958 0.1205 0.1595 -0.1421 0.0995 0.8720 -1.422794 -0.671939 
20.946 1.97 1.08 0.0935 0.1028 0.0601 -0.2440 0.1001 0.8679 -1.422794 -0.670938 
20.986 2.11 1.01 0.1072 0.1054 -0.0112 -0.3314 0.1007 0.8637 -1.420177 -0.671445 
21.026 1.73 0.98 0.1649 0.1075 -0.3701 -0.3952 0.1014 0.8591 -1.422794 -0.672896 
21.066 2.04 0.90 0.1652 0.1146 -0.3265 -0.4495 0.1022 0.8541 -1.430646 -0.673901 
21.106 2.20 0.84 0.1775 0.1191 -0.3762 -0.4963 0.1029 0.8483 -1.443733 -0.674585 
21.146 2.29 0.78 0.1956 0.1243 -0.4604 -0.5370 0.1037 0.8422 -1.459437 -0.675100 
21.186 2.32 0.88 0.2190 0.1162 -0.6629 -0.5726 0.1044 0.8356 -1.477758 -0.676323 
21.226 2.60 0.93 0.2069 0.1370 -0.4507 -0.5184 0.1049 0.8285 -1.501315 -0.677392 
21.266 2.09 1.11 0.2499 0.1476 -0.6599 -0.4480 0.1054 0.8208 -1.527488 -0.678033 
21.306 2.06 1.18 0.2478 0.1678 -0.5160 -0.3715 0.1057 0.8127 -1.548427 -0.677924 
21.346 1.98 1.32 0.2342 0.1819 -0.3369 -0.2625 0.1058 0.8044 -1.561514 -0.677319 
21.386 1.87 1.43 0.2306 0.1987 -0.2060 -0.1667 0.1058 0.7959 -1.571983 -0.676611 
21.426 2.00 1.25 0.2159 0.2397 0.1538 -0.0924 0.1058 0.7869 -1.571983 -0.677713 
21.466 1.87 1.51 0.2293 0.2437 0.0929 -0.0356 0.1058 0.7778 -1.569366 -0.676935 
21.506 1.85 1.38 0.2419 0.2639 0.1423 -0.0387 0.1058 0.7681 -1.564131 -0.677923 
21.546 2.00 1.21 0.2345 0.2731 0.2487 -0.0625 0.1059 0.7579 -1.558897 -0.678900 
21.586 2.03 1.11 0.2394 0.2735 0.2200 -0.0956 0.1061 0.7478 -1.553662 -0.679144 
21.626 1.81 1.19 0.2621 0.2630 0.0063 -0.1142 0.1063 0.7374 -1.551044 -0.678620 
21.666 2.00 1.36 0.2464 0.2489 0.0157 -0.1142 0.1065 0.7269 -1.551044 -0.675429 
21.706 2.06 1.34 0.2411 0.2506 0.0614 -0.1142 0.1067 0.7168 -1.551044 -0.674393 
21.746 2.28 1.17 0.2304 0.2575 0.1744 -0.1469 0.1069 0.7068 -1.543192 -0.671853 
21.786 2.12 1.21 0.2487 0.2480 -0.0043 -0.1702 0.1072 0.6973 -1.540575 -0.670036 
21.826 2.19 1.20 0.2447 0.2478 0.0197 -0.1765 0.1075 0.6874 -1.537958 -0.668399 
21.866 2.42 1.36 0.2279 0.2317 0.0246 -0.1884 0.1078 0.6776 -1.537958 -0.668060 
21.906 2.64 1.17 0.2142 0.2433 0.1878 -0.2058 0.1081 0.6683 -1.532723 -0.666597 
21.946 2.69 1.08 0.2139 0.2469 0.2130 -0.2231 0.1085 0.6588 -1.530106 -0.665277 
21.986 2.48 1.20 0.2359 0.2325 -0.0219 -0.2430 0.1089 0.6493 -1.527488 -0.664772 
22.026 2.17 1.12 0.2658 0.2348 -0.1996 -0.2600 0.1093 0.6397 -1.524871 -0.665216 
22.066 2.39 1.04 0.2476 0.2411 -0.0418 -0.2606 0.1097 0.6304 -1.524871 -0.665384 
22.105 2.54 1.16 0.2344 0.2321 -0.0145 -0.2579 0.1102 0.6209 -1.527488 -0.665097 
22.145 2.78 0.94 0.2160 0.2491 0.2137 -0.2633 0.1106 0.6116 -1.522254 -0.665371 
22.185 2.72 1.07 0.2233 0.2352 0.0768 -0.2747 0.1110 0.6022 -1.522254 -0.665357 
22.225 2.41 1.28 0.2478 0.2194 -0.1831 -0.2693 0.1115 0.5927 -1.524871 -0.666019 
22.265 2.49 1.14 0.2392 0.2335 -0.0364 -0.2606 0.1119 0.5834 -1.524871 -0.665736 
22.305 2.58 1.06 0.2315 0.2397 0.0535 -0.2606 0.1124 0.5737 -1.524871 -0.666654 
22.345 2.66 1.08 0.2215 0.2417 0.1304 -0.2464 0.1128 0.5642 -1.527488 -0.667033 
22.385 2.44 1.08 0.2404 0.2412 0.0056 -0.2491 0.1132 0.5546 -1.524871 -0.667566 
22.425 2.12 1.19 0.2665 0.2321 -0.2218 -0.2464 0.1136 0.5451 -1.527488 -0.667294 
22.465 2.56 1.16 0.2297 0.2355 0.0378 -0.2436 0.1141 0.5356 -1.530106 -0.667073 
22.505 2.54 1.14 0.2314 0.2364 0.0323 -0.2464 0.1145 0.5261 -1.527488 -0.667734 
22.545 2.43 1.26 0.2375 0.2299 -0.0490 -0.2320 0.1149 0.5165 -1.530106 -0.666600 
22.585 2.32 1.30 0.2464 0.2262 -0.1303 -0.2320 0.1152 0.5072 -1.530106 -0.665624 
22.625 2.04 1.26 0.2663 0.2335 -0.2121 -0.2176 0.1156 0.4977 -1.532723 -0.665211 
22.665 2.68 1.39 0.2099 0.2255 0.1005 -0.2030 0.1160 0.4882 -1.535340 -0.665075 
22.705 2.38 1.01 0.2358 0.2565 0.1335 -0.2058 0.1163 0.4786 -1.532723 -0.664697 
22.745 2.32 1.08 0.2440 0.2476 0.0234 -0.2203 0.1167 0.4691 -1.530106 -0.663751 
22.785 2.34 0.91 0.2447 0.2592 0.0934 -0.2320 0.1171 0.4594 -1.530106 -0.664227 
22.825 2.46 1.32 0.2364 0.2238 -0.0816 -0.2382 0.1175 0.4498 -1.527488 -0.664510 
22.865 2.68 1.03 0.2198 0.2456 0.1668 -0.2464 0.1179 0.4405 -1.527488 -0.664751 
22.905 2.76 1.06 0.2138 0.2426 0.1856 -0.2491 0.1183 0.4310 -1.524871 -0.664874 
22.945 2.47 1.24 0.2372 0.2280 -0.0598 -0.2464 0.1187 0.4215 -1.527488 -0.665114 
22.985 2.03 0.90 0.2727 0.2579 -0.0953 -0.2409 0.1191 0.4115 -1.530106 -0.665985 
23.025 2.61 1.16 0.2223 0.2384 0.1043 -0.2320 0.1195 0.4018 -1.530106 -0.666129 
23.065 2.34 0.95 0.2450 0.2556 0.0682 -0.2320 0.1199 0.3921 -1.530106 -0.666790 
23.105 2.08 1.15 0.2656 0.2398 -0.1662 -0.2293 0.1203 0.3822 -1.532723 -0.667338 
23.145 2.13 1.14 0.2591 0.2431 -0.1030 -0.2176 0.1207 0.3720 -1.532723 -0.668070 
23.185 2.40 1.09 0.2363 0.2471 0.0692 -0.2176 0.1211 0.3623 -1.532723 -0.667783 
23.225 2.35 1.05 0.2385 0.2527 0.0919 -0.2093 0.1214 0.3526 -1.532723 -0.667484 
23.265 1.99 1.19 0.2675 0.2422 -0.1632 -0.2030 0.1218 0.3426 -1.535340 -0.667992 
23.305 2.38 1.20 0.2320 0.2451 0.0845 -0.1891 0.1221 0.3327 -1.537958 -0.667016 
23.345 2.16 1.13 0.2500 0.2508 0.0051 -0.1884 0.1225 0.3230 -1.537958 -0.665921 
23.385 2.48 1.25 0.2237 0.2412 0.1135 -0.1884 0.1228 0.3132 -1.537958 -0.664871 
23.425 1.89 0.98 0.2716 0.2637 -0.0513 -0.1856 0.1231 0.3031 -1.537958 -0.664551 
23.465 2.18 1.32 0.2479 0.2352 -0.0818 -0.1884 0.1234 0.2934 -1.537958 -0.662368 
23.505 2.37 1.06 0.2320 0.2569 0.1604 -0.1856 0.1237 0.2836 -1.537958 -0.660482 
23.545 2.69 1.28 0.2060 0.2384 0.2092 -0.1884 0.1240 0.2743 -1.537958 -0.660049 
23.585 1.92 1.29 0.2696 0.2376 -0.2069 -0.1884 0.1243 0.2646 -1.537958 -0.659515 
23.625 2.17 1.03 0.2489 0.2595 0.0686 -0.1884 0.1246 0.2552 -1.537958 -0.658707 
23.665 2.47 1.33 0.2240 0.2340 0.0651 -0.1884 0.1249 0.2463 -1.537958 -0.658335 
23.705 2.44 1.36 0.2268 0.2313 0.0287 -0.1884 0.1252 0.2370 -1.537958 -0.657941 
23.745 2.65 1.59 0.2095 0.2129 0.0222 -0.1884 0.1255 0.2277 -1.537958 -0.658828 
23.785 2.16 1.36 0.2492 0.2324 -0.1086 -0.1856 0.1258 0.2186 -1.540575 -0.659675 
23.825 2.12 1.24 0.2497 0.2452 -0.0291 -0.1737 0.1261 0.2092 -1.540575 -0.659808 
23.865 2.15 1.36 0.2469 0.2354 -0.0745 -0.1709 0.1264 0.1997 -1.543192 -0.659484 
23.904 2.21 1.47 0.2379 0.2297 -0.0529 -0.1561 0.1267 0.1902 -1.545810 -0.660135 
23.944 2.16 1.51 0.2402 0.2292 -0.0713 -0.1447 0.1269 0.1804 -1.545810 -0.660182 
23.984 1.94 1.48 0.2578 0.2315 -0.1693 -0.1441 0.1272 0.1707 -1.545810 -0.660026 
24.024 1.75 1.41 0.2699 0.2415 -0.1833 -0.1263 0.1274 0.1610 -1.551044 -0.660431 
24.064 2.21 1.46 0.2316 0.2380 0.0415 -0.1263 0.1276 0.1512 -1.551044 -0.660553 
24.104 2.10 1.43 0.2399 0.2395 -0.0026 -0.1252 0.1279 0.1415 -1.545810 -0.659730 
24.144 1.56 1.36 0.2582 0.2455 -0.0819 -0.0699 0.1281 0.1318 -1.545810 -0.658211 
24.184 1.40 1.25 0.2461 0.2540 0.0505 -0.0101 0.1283 0.1222 -1.543192 -0.654033 
24.224 1.58 1.63 0.2048 0.2229 0.1167 0.0542 0.1286 0.1131 -1.535340 -0.650570 
24.264 1.24 1.47 0.2081 0.2359 0.1789 0.1229 0.1290 0.1042 -1.524871 -0.649650 
24.304 1.52 1.38 0.1585 0.2437 0.5502 0.1958 0.1294 0.0957 -1.509167 -0.646772 
24.344 1.38 1.37 0.1448 0.2441 0.6410 0.2725 0.1300 0.0876 -1.488228 -0.645756 
24.384 1.42 1.50 0.1151 0.2335 0.7643 0.3523 0.1307 0.0801 -1.464672 -0.645194 
24.424 1.05 1.63 0.1199 0.2228 0.6636 0.4343 0.1316 0.0729 -1.433263 -0.645008 
24.464 0.75 1.49 0.1192 0.2346 0.7445 0.5175 0.1326 0.0661 -1.401855 -0.645379 
24.504 0.79 1.51 0.0900 0.2324 0.9186 0.6007 0.1338 0.0597 -1.365212 -0.645547 
24.544 0.63 1.59 0.0780 0.2262 0.9562 0.6829 0.1352 0.0537 -1.328569 -0.645546 
24.584 0.47 1.77 0.0653 0.2108 0.9385 0.7629 0.1366 0.0483 -1.291926 -0.645216 
24.624 0.46 1.75 0.0405 0.2124 1.1090 0.8399 0.1383 0.0430 -1.247431 -0.645720 
24.664 0.30 1.82 0.0280 0.2066 1.1525 0.9132 0.1399 0.0386 -1.202936 -0.646318 
24.704 0.19 2.09 0.0112 0.1847 1.1195 0.9823 0.1416 0.0345 -1.155823 -0.645978 
24.744 -0.16 1.82 0.0143 0.2068 1.2423 1.0469 0.1434 0.0307 -1.111328 -0.645275 
24.784 -0.41 1.83 0.0093 0.2058 1.2680 1.1071 0.1453 0.0271 -1.058981 -0.645994 
24.824 -0.66 1.98 0.0049 0.1936 1.2178 1.1628 0.1474 0.0234 -1.004016 -0.647892 
24.864 -0.87 1.99 -0.0038 0.1931 1.2703 1.2142 0.1496 0.0202 -0.949054 -0.648978 
24.904 -1.10 1.77 -0.0103 0.2112 1.4288 1.2616 0.1520 0.0170 -0.891475 -0.649907 
24.944 -1.26 1.84 -0.0227 0.2052 1.4707 1.3052 0.1544 0.0142 -0.833895 -0.650712 
24.984 -1.69 2.27 -0.0129 0.1691 1.1740 1.3454 0.1569 0.0116 -0.781551 -0.651378 
25.024 -1.61 2.35 -0.0452 0.1626 1.3408 1.3823 0.1592 0.0095 -0.726588 -0.650477 
25.064 -2.02 1.62 -0.0372 0.2233 1.6808 1.4163 0.1613 0.0077 -0.663774 -0.651328 
25.104 -1.78 1.98 -0.0831 0.1932 1.7825 1.4476 0.1635 0.0061 -0.593108 -0.651364 
25.144 -2.20 1.88 -0.0742 0.2023 1.7837 1.4765 0.1652 0.0051 -0.519825 -0.651544 
25.184 -2.00 1.85 -0.1167 0.2040 2.0691 1.5033 0.1672 0.0040 -0.438689 -0.653273 
25.224 -1.49 1.73 -0.1845 0.2144 2.5732 1.5280 0.1687 0.0034 -0.349701 -0.654890 
25.264 -2.13 1.51 -0.1470 0.2328 2.4499 1.5420 0.1702 0.0029 -0.260713 -0.653157 
25.304 -1.89 1.64 -0.1412 0.2217 2.3415 1.5184 0.1716 0.0026 -0.169107 -0.653374 
25.344 -1.79 1.77 -0.1237 0.2113 2.1609 1.4928 0.1732 0.0024 -0.074884 -0.655847 
25.384 -1.38 1.99 -0.1320 0.1931 2.0973 1.4653 0.1748 0.0024 0.008869 -0.658406 
25.424 -1.53 1.57 -0.0932 0.2057 1.9287 1.4523 0.1769 0.0025 0.087388 -0.660467 
25.464 -1.37 1.46 -0.0813 0.1895 1.7468 1.4404 0.1791 0.0028 0.163290 -0.662346 
25.504 -1.19 1.14 -0.0703 0.1898 1.6776 1.4258 0.1811 0.0032 0.226105 -0.664199 
25.544 -1.24 0.96 -0.0403 0.1791 1.4153 1.4075 0.1830 0.0037 0.283685 -0.665696 
25.584 -0.98 1.41 -0.0361 0.1160 0.9813 1.3839 0.1848 0.0042 0.328179 -0.666816 
25.624 -0.93 1.12 -0.0140 0.1140 0.8262 1.3526 0.1869 0.0050 0.362204 -0.667913 
25.664 -0.67 1.13 -0.0100 0.0876 0.6296 1.3090 0.1886 0.0057 0.390995 -0.668361 
25.704 -0.41 1.03 -0.0059 0.0698 0.4888 1.2443 0.1901 0.0063 0.411933 -0.667639 
25.743 -0.22 0.91 0.0039 0.0537 0.3214 1.1399 0.1912 0.0068 0.422402 -0.667036 
25.783 0.01 0.91 0.0101 0.0282 0.1164 0.9494 0.1919 0.0071 0.427637 -0.666718 
25.823 0.28 0.75 0.0139 0.0160 0.0136 0.5536 0.1925 0.0074 0.430254 -0.665614 
25.863 0.63 0.54 0.0104 0.0077 -0.0172 -0.1590 0.1926 0.0075 0.427637 -0.665240 
25.903 0.90 0.27 0.0136 0.0044 -0.0597 -0.7539 0.1930 0.0076 0.422402 -0.665009 
25.943 1.28 -0.03 0.0081 0.0031 -0.0327 -1.0435 0.1930 0.0076 0.422402 -0.664864 
25.983 1.63 -0.33 0.0050 0.0023 -0.0174 -1.1897 0.1932 0.0077 0.419785 -0.664636 
26.023 1.71 -0.44 0.0239 -0.0141 -0.2451 -1.2744 0.1932 0.0077 0.409316 -0.665308 
26.063 2.01 -0.75 0.0248 -0.0140 -0.2502 -1.3289 0.1934 0.0078 0.401464 -0.666171 
26.103 2.13 -1.14 0.0409 -0.0076 -0.3133 -1.3667 0.1938 0.0079 0.390995 -0.665942 
26.143 2.36 -1.06 0.0471 -0.0398 -0.5607 -1.3944 0.1943 0.0082 0.367439 -0.666094 
26.183 2.03 -1.32 0.1005 -0.0445 -0.9356 -1.4155 0.1949 0.0084 0.338649 -0.666975 
26.223 2.54 -1.37 0.0841 -0.0658 -0.9671 -1.4322 0.1955 0.0086 0.294154 -0.667314 
26.263 2.02 -1.52 0.1527 -0.0792 -1.4962 -1.4456 0.1965 0.0088 0.244426 -0.666015 
26.303 2.59 -1.41 0.1290 -0.0912 -1.4205 -1.4303 0.1972 0.0090 0.186845 -0.665995 
26.343 2.54 -1.06 0.1329 -0.0938 -1.4627 -1.3961 0.1982 0.0092 0.121413 -0.666107 
26.383 2.25 -0.70 0.1576 -0.0983 -1.6511 -1.3589 0.1995 0.0093 0.058598 -0.665614 
26.423 2.11 -0.74 0.1691 -0.0690 -1.5360 -1.3183 0.2011 0.0093 0.001017 -0.664773 
26.463 1.93 -0.72 0.1726 -0.0453 -1.4060 -1.2805 0.2031 0.0092 -0.056563 -0.665620 
26.503 2.03 -0.54 0.1381 -0.0339 -1.1094 -1.2443 0.2053 0.0091 -0.106292 -0.665113 
26.543 1.85 -0.49 0.1269 -0.0123 -0.8983 -1.1982 0.2077 0.0088 -0.142934 -0.663011 
26.583 1.79 -0.26 0.1066 -0.0056 -0.7239 -1.1379 0.2099 0.0084 -0.171725 -0.662221 
26.623 1.76 0.02 0.0831 -0.0036 -0.5595 -1.0563 0.2119 0.0080 -0.197898 -0.661277 
26.663 1.85 0.26 0.0497 0.0027 -0.3037 -0.9417 0.2137 0.0076 -0.216219 -0.658526 
26.703 1.54 0.35 0.0494 0.0205 -0.1865 -0.7750 0.2151 0.0073 -0.224071 -0.657397 
26.743 1.46 0.41 0.0307 0.0417 0.0707 -0.5290 0.2165 0.0070 -0.221453 -0.656590 
26.783 1.25 0.86 0.0225 0.0302 0.0496 -0.1876 0.2175 0.0068 -0.218836 -0.656421 
26.823 0.98 1.14 0.0188 0.0324 0.0879 0.2021 0.2185 0.0066 -0.216219 -0.657281 
26.863 0.65 1.30 0.0205 0.0452 0.1592 0.5402 0.2197 0.0063 -0.210984 -0.657444 
26.903 0.44 1.53 0.0120 0.0517 0.2559 0.7826 0.2209 0.0061 -0.200515 -0.657504 
26.943 0.17 1.70 0.0107 0.0628 0.3366 0.9378 0.2223 0.0058 -0.187428 -0.658220 
26.983 0.24 1.70 0.0052 0.0894 0.5435 0.9509 0.2236 0.0055 -0.169107 -0.658920 
27.023 0.26 1.68 0.0034 0.1168 0.7315 0.9613 0.2255 0.0053 -0.145552 -0.659734 
27.063 0.11 1.92 0.0161 0.1220 0.6832 0.9697 0.2279 0.0049 -0.124613 -0.661034 
27.103 0.34 1.86 0.0111 0.1466 0.8742 0.9301 0.2309 0.0046 -0.090588 -0.661956 
27.143 0.21 1.62 0.0477 0.1666 0.7669 0.8437 0.2347 0.0043 -0.067033 -0.663543 
27.183 0.49 1.80 0.0498 0.1514 0.6554 0.7521 0.2382 0.0041 -0.033008 -0.664653 
27.223 0.86 1.89 0.0447 0.1441 0.6417 0.6563 0.2422 0.0041 -0.006835 -0.666150 
27.263 1.15 2.00 0.0468 0.1347 0.5667 0.5580 0.2463 0.0041 0.019338 -0.667164 
27.303 1.21 1.70 0.0673 0.1598 0.5970 0.4590 0.2507 0.0042 0.045511 -0.667911 
27.343 1.50 1.51 0.0694 0.1730 0.6682 0.3546 0.2554 0.0045 0.069067 -0.669461 
27.383 1.75 1.38 0.0746 0.1589 0.5441 0.1872 0.2605 0.0049 0.092622 -0.670439 
27.423 1.49 1.29 0.1216 0.1465 0.1604 0.0272 0.2657 0.0054 0.103092 -0.670873 
27.463 2.02 1.24 0.1034 0.1370 0.2165 -0.1070 0.2712 0.0060 0.116178 -0.671695 
27.503 1.84 0.98 0.1442 0.1509 0.0431 -0.2097 0.2766 0.0066 0.118795 -0.671257 
27.542 2.09 1.03 0.1491 0.1448 -0.0279 -0.2836 0.2822 0.0073 0.118795 -0.673181 
27.582 2.23 1.16 0.1631 0.1342 -0.1862 -0.3421 0.2883 0.0080 0.113561 -0.674319 
27.622 1.99 1.03 0.2096 0.1444 -0.4206 -0.3936 0.2949 0.0088 0.105709 -0.675222 
27.662 2.06 1.03 0.2288 0.1448 -0.5418 -0.4389 0.3020 0.0095 0.092622 -0.675887 
27.702 2.16 0.94 0.2468 0.1605 -0.5568 -0.4564 0.3097 0.0101 0.071684 -0.676611 
27.742 2.29 1.15 0.2427 0.1687 -0.4773 -0.3986 0.3176 0.0106 0.053363 -0.677312 
27.782 2.15 1.14 0.2524 0.1956 -0.3664 -0.3272 0.3261 0.0109 0.032425 -0.677447 
27.822 2.07 1.30 0.2423 0.2084 -0.2188 -0.2294 0.3350 0.0112 0.021955 -0.675702 
27.862 1.75 1.42 0.2597 0.2244 -0.2275 -0.1464 0.3443 0.0113 0.016721 -0.672722 
27.902 2.25 1.07 0.2247 0.2736 0.3155 -0.1118 0.3535 0.0115 0.019338 -0.672593 
27.942 2.50 1.25 0.2112 0.2513 0.2585 -0.1417 0.3628 0.0117 0.024573 -0.672051 
27.982 2.42 1.14 0.2241 0.2544 0.1952 -0.1714 0.3721 0.0120 0.029807 -0.671596 
28.022 2.43 1.20 0.2268 0.2456 0.1214 -0.1861 0.3816 0.0123 0.032425 -0.671784 
28.062 2.27 0.83 0.2435 0.2733 0.1918 -0.2007 0.3912 0.0126 0.035042 -0.672019 
28.102 2.19 1.16 0.2534 0.2422 -0.0721 -0.2153 0.4007 0.0129 0.037659 -0.671672 
28.142 2.36 1.24 0.2395 0.2352 -0.0282 -0.2153 0.4100 0.0133 0.037659 -0.671339 
28.182 2.55 1.15 0.2214 0.2455 0.1555 -0.2042 0.4195 0.0136 0.035042 -0.671009 
28.222 2.47 1.25 0.2306 0.2351 0.0292 -0.2153 0.4291 0.0140 0.037659 -0.671134 
28.262 2.23 1.35 0.2493 0.2272 -0.1428 -0.2125 0.4386 0.0143 0.035042 -0.671594 
28.302 2.10 1.17 0.2574 0.2448 -0.0811 -0.2007 0.4479 0.0147 0.035042 -0.671564 
28.342 2.47 1.59 0.2227 0.2140 -0.0563 -0.1833 0.4577 0.0150 0.029807 -0.671425 
28.382 2.18 1.14 0.2442 0.2537 0.0613 -0.1714 0.4670 0.0153 0.029807 -0.671550 
28.422 2.20 1.15 0.2426 0.2535 0.0704 -0.1714 0.4767 0.0156 0.029807 -0.671433 
28.462 1.99 1.59 0.2564 0.2198 -0.2365 -0.1566 0.4862 0.0158 0.027190 -0.670739 
28.502 2.00 1.28 0.2557 0.2466 -0.0584 -0.1538 0.4958 0.0161 0.024573 -0.671025 
28.542 2.33 1.24 0.2280 0.2493 0.1372 -0.1566 0.5053 0.0163 0.027190 -0.670422 
28.582 2.42 1.29 0.2226 0.2438 0.1366 -0.1622 0.5152 0.0166 0.029807 -0.669552 
28.622 1.97 0.97 0.2628 0.2669 0.0268 -0.1770 0.5252 0.0169 0.032425 -0.668184 
28.662 2.09 1.16 0.2550 0.2488 -0.0396 -0.1861 0.5353 0.0172 0.032425 -0.667504 
28.702 2.17 1.22 0.2489 0.2439 -0.0324 -0.1861 0.5450 0.0175 0.032425 -0.667376 
28.742 2.38 1.24 0.2314 0.2416 0.0660 -0.1889 0.5550 0.0179 0.035042 -0.665982 
28.782 2.01 1.20 0.2645 0.2433 -0.1364 -0.1973 0.5647 0.0182 0.035042 -0.665109 
28.822 2.31 1.32 0.2426 0.2306 -0.0772 -0.2091 0.5744 0.0185 0.035042 -0.663748 
28.862 2.66 1.09 0.2156 0.2462 0.1979 -0.2208 0.5842 0.0189 0.040277 -0.663710 
28.902 2.79 1.09 0.2104 0.2415 0.2007 -0.2441 0.5937 0.0193 0.042894 -0.662817 
28.942 2.21 1.16 0.2590 0.2355 -0.1520 -0.2441 0.6030 0.0197 0.042894 -0.663933 
28.982 2.31 1.31 0.2472 0.2260 -0.1366 -0.2297 0.6129 0.0201 0.040277 -0.663553 
29.022 2.26 1.33 0.2461 0.2293 -0.1086 -0.2097 0.6227 0.0205 0.035042 -0.664681 
29.062 2.25 1.25 0.2426 0.2402 -0.0155 -0.1896 0.6326 0.0208 0.032425 -0.665018 
29.102 1.79 1.36 0.2768 0.2354 -0.2670 -0.1714 0.6425 0.0212 0.029807 -0.665140 
29.142 1.91 1.28 0.2621 0.2467 -0.0994 -0.1509 0.6527 0.0214 0.024573 -0.665473 
29.182 2.08 1.43 0.2449 0.2376 -0.0471 -0.1389 0.6626 0.0217 0.021955 -0.665255 
29.222 1.80 1.46 0.2654 0.2373 -0.1819 -0.1268 0.6728 0.0219 0.021955 -0.664793 
29.262 1.72 1.31 0.2726 0.2501 -0.1454 -0.1268 0.6829 0.0221 0.021955 -0.663886 
29.302 2.11 1.26 0.2417 0.2521 0.0674 -0.1354 0.6930 0.0224 0.021955 -0.663924 
29.342 2.19 1.16 0.2364 0.2593 0.1477 -0.1417 0.7030 0.0226 0.024573 -0.663221 
29.381 1.89 1.11 0.2653 0.2598 -0.0355 -0.1559 0.7133 0.0229 0.027190 -0.661754 
29.421 2.04 1.24 0.2511 0.2503 -0.0055 -0.1509 0.7235 0.0232 0.027190 -0.661329 
29.461 2.27 1.29 0.2334 0.2446 0.0721 -0.1566 0.7336 0.0234 0.027190 -0.661523 
29.501 1.84 1.07 0.2694 0.2630 -0.0415 -0.1566 0.7437 0.0237 0.027190 -0.660438 
29.541 1.92 1.28 0.2629 0.2454 -0.1131 -0.1566 0.7539 0.0240 0.027190 -0.659339 
29.581 2.05 1.30 0.2520 0.2438 -0.0529 -0.1566 0.7640 0.0242 0.027190 -0.660011 
29.621 2.17 1.15 0.2414 0.2565 0.0974 -0.1566 0.7741 0.0245 0.027190 -0.661025 
29.661 1.81 1.07 0.2717 0.2632 -0.0548 -0.1566 0.7843 0.0248 0.027190 -0.660798 
29.701 2.10 1.06 0.2477 0.2641 0.1062 -0.1566 0.7948 0.0251 0.027190 -0.661370 
29.741 1.90 1.21 0.2640 0.2517 -0.0792 -0.1566 0.8050 0.0254 0.027190 -0.661558 
29.781 1.72 1.30 0.2759 0.2471 -0.1860 -0.1417 0.8153 0.0256 0.024573 -0.662148 
29.821 1.91 1.26 0.2586 0.2523 -0.0406 -0.1360 0.8257 0.0259 0.021955 -0.662070 
29.861 1.82 1.35 0.2643 0.2467 -0.1133 -0.1268 0.8362 0.0261 0.021955 -0.663665 
29.901 1.75 1.28 0.2652 0.2569 -0.0536 -0.1061 0.8465 0.0263 0.019338 -0.663956 
29.941 1.81 1.28 0.2584 0.2589 0.0029 -0.0968 0.8569 0.0265 0.016721 -0.663989 
