%% logfile from robot Freja (4)
% Freja (4)
%  1    time 0.024 sec
%  2  3  4  5   (mission 0), state 2, entered (thread 1, line 0), events 0x0 (bit-flags)
%  6  7 Motor voltage [V] left, right: 2.00 2.00
%  8  9 Motor current left, right [A]: -0.093 0.020
% 10 11 Wheel velocity [m/s] left, right: 0.2330 0.0363
% 12 13 14 15 Pose x,y,h,tilt [m,m,rad,rad]: 0.00202835 -9.55589e-06 -0.0157038 -0.682168
% 16    Battery voltage [V]: 12.56
0.024 2 1 0 0 2.00 2.00 0.239 0.127 0.2330 0.0363 0.0020 -0.0000 -0.015704 -0.682168 12.56 
0.124 2 1 0 0 2.00 2.00 0.538 0.339 0.1404 0.1516 0.0146 -0.0006 -0.057580 -0.690749 12.56 
0.224 2 1 0 0 2.00 2.00 0.530 0.285 0.1801 0.2569 0.0326 -0.0014 -0.023556 -0.696304 12.56 
0.324 2 1 0 0 2.00 2.00 0.497 0.209 0.2365 0.2940 0.0568 -0.0013 0.026173 -0.700185 12.55 
0.424 2 1 0 0 2.00 2.00 0.467 0.167 0.2543 0.3406 0.0853 0.0003 0.086371 -0.700312 12.56 
0.524 2 1 0 0 2.00 2.00 0.452 0.142 0.3087 0.3366 0.1167 0.0039 0.138717 -0.697932 12.56 
0.624 2 1 0 0 2.00 2.00 0.413 0.118 0.2935 0.3979 0.1502 0.0095 0.193680 -0.697200 12.56 
0.724 2 1 0 0 2.00 2.00 0.366 0.102 0.3450 0.4132 0.1853 0.0175 0.251261 -0.697764 12.56 
0.824 2 1 0 0 2.00 2.00 0.412 0.096 0.3168 0.4328 0.2202 0.0277 0.321928 -0.695887 12.56 
0.924 2 1 0 0 2.00 2.00 0.396 0.092 0.2871 0.4447 0.2546 0.0405 0.392595 -0.696006 12.56 
1.024 2 1 1 0 2.00 0.98 0.397 0.017 0.2913 0.3332 0.2868 0.0553 0.463262 -0.695258 12.56 
1.124 2 1 1 0 2.00 0.96 0.401 -0.092 0.2986 0.2891 0.3160 0.0705 0.484200 -0.692806 12.56 
1.224 2 1 1 0 2.00 0.87 0.395 -0.070 0.3237 0.2322 0.3418 0.0837 0.450175 -0.690159 12.57 
1.324 2 1 1 0 2.00 0.86 0.392 -0.044 0.3275 0.2064 0.3668 0.0949 0.384743 -0.686110 12.56 
1.424 2 1 1 0 2.00 0.88 0.383 -0.026 0.3216 0.2073 0.3918 0.1039 0.303607 -0.681839 12.56 
1.524 2 1 1 0 2.00 0.93 0.407 -0.009 0.3075 0.1758 0.4162 0.1105 0.222470 -0.678724 12.57 
1.624 2 1 1 0 2.00 1.01 0.406 0.004 0.2836 0.1839 0.4404 0.1150 0.146569 -0.677212 12.56 
1.724 2 1 1 0 2.00 0.96 0.424 0.015 0.2962 0.1580 0.4642 0.1175 0.062815 -0.676105 12.57 
1.824 2 1 1 0 2.00 0.93 0.411 0.020 0.3052 0.1661 0.4879 0.1180 -0.023556 -0.674682 12.56 
1.924 2 1 1 0 2.00 0.92 0.400 0.012 0.3096 0.1786 0.5118 0.1163 -0.112544 -0.671800 12.56 
2.024 2 1 1 0 2.00 0.87 0.403 0.008 0.3233 0.1899 0.5360 0.1125 -0.198915 -0.669447 12.57 
2.124 2 1 1 0 2.00 0.94 0.404 0.005 0.3048 0.1784 0.5598 0.1067 -0.280051 -0.668795 12.56 
2.224 2 1 1 0 2.00 0.89 0.413 0.008 0.3165 0.1705 0.5828 0.0991 -0.355953 -0.669205 12.57 
2.324 2 1 1 0 2.00 0.93 0.426 0.007 0.3059 0.1874 0.6056 0.0897 -0.429237 -0.671362 12.56 
2.424 2 1 1 0 2.00 0.82 0.395 -0.005 0.3378 0.1829 0.6280 0.0782 -0.518225 -0.672319 12.56 
2.524 2 1 1 0 2.00 0.75 0.396 -0.009 0.3574 0.1810 0.6494 0.0647 -0.615063 -0.669441 12.56 
2.624 2 1 1 0 2.00 0.86 0.383 -0.010 0.3267 0.1826 0.6696 0.0490 -0.714518 -0.667293 12.56 
2.724 2 1 1 0 2.00 0.93 0.391 0.005 0.3054 0.1676 0.6873 0.0318 -0.824442 -0.665960 12.56 
2.824 2 1 1 0 2.00 0.98 0.407 0.023 0.2910 0.1708 0.7024 0.0137 -0.923897 -0.664848 12.56 
2.924 2 1 1 0 2.00 0.96 0.415 0.021 0.2976 0.1577 0.7156 -0.0055 -1.010266 -0.664512 12.56 
3.024 2 1 1 0 2.00 0.96 0.412 0.007 0.2962 0.1786 0.7275 -0.0265 -1.101874 -0.664276 12.57 
3.124 2 1 1 0 2.00 0.86 0.399 -0.004 0.3264 0.1732 0.7378 -0.0492 -1.188247 -0.661916 12.56 
3.224 2 1 1 0 2.00 0.89 0.402 -0.009 0.3187 0.1753 0.7461 -0.0732 -1.279854 -0.659844 12.56 
3.324 2 1 1 0 2.00 0.94 0.395 -0.007 0.3046 0.1826 0.7523 -0.0975 -1.368845 -0.659664 12.56 
3.424 2 1 1 0 2.00 0.95 0.402 0.002 0.2990 0.1881 0.7562 -0.1220 -1.452600 -0.659791 12.56 
3.524 2 1 1 0 2.00 0.90 0.405 -0.009 0.3148 0.1938 0.7581 -0.1468 -1.533738 -0.661086 12.57 
3.624 2 1 2 0 2.00 2.00 0.379 0.168 0.3220 0.2452 0.7579 -0.1742 -1.609642 -0.662645 12.56 
3.724 2 1 2 0 2.00 2.00 0.394 0.183 0.3598 0.3261 0.7564 -0.2058 -1.625346 -0.663998 12.56 
3.824 2 1 2 0 2.00 2.00 0.348 0.149 0.3196 0.3898 0.7545 -0.2413 -1.617494 -0.665171 12.56 
3.924 2 1 2 0 2.00 2.00 0.369 0.111 0.3293 0.4170 0.7535 -0.2788 -1.572999 -0.667770 12.56 
4.024 2 1 2 0 2.00 2.00 0.367 0.084 0.3571 0.4429 0.7547 -0.3175 -1.507565 -0.669716 12.56 
4.124 2 1 2 0 2.00 2.00 0.365 0.071 0.3239 0.4350 0.7586 -0.3566 -1.434279 -0.672848 12.56 
4.224 2 1 2 0 2.00 2.00 0.361 0.070 0.3462 0.4681 0.7656 -0.3962 -1.360994 -0.674806 12.56 
4.324 2 1 2 0 2.00 2.00 0.337 0.066 0.3323 0.4704 0.7755 -0.4359 -1.287709 -0.672593 12.56 
4.424 2 1 2 0 2.00 2.00 0.384 0.063 0.2996 0.4632 0.7884 -0.4737 -1.196102 -0.672480 12.56 
4.524 2 1 2 0 2.00 2.00 0.413 0.072 0.2902 0.4432 0.8039 -0.5081 -1.096643 -0.672472 12.56 
4.624 2 1 3 0 2.00 0.84 0.412 -0.065 0.3307 0.3478 0.8212 -0.5386 -1.025975 -0.674502 12.56 
4.724 2 1 3 0 2.00 0.82 0.402 -0.084 0.3364 0.2664 0.8373 -0.5649 -1.025975 -0.672906 12.56 
4.824 2 1 3 0 2.00 0.93 0.413 -0.054 0.3072 0.2295 0.8514 -0.5891 -1.062618 -0.669231 12.56 
4.924 2 1 3 0 2.00 1.01 0.421 -0.008 0.2822 0.2064 0.8634 -0.6119 -1.112348 -0.664909 12.56 
5.024 2 1 3 0 2.00 1.06 0.446 0.028 0.2683 0.2158 0.8736 -0.6338 -1.156843 -0.662521 12.56 
5.124 2 1 3 0 2.00 1.24 0.450 0.056 0.2176 0.2051 0.8824 -0.6547 -1.188251 -0.663053 12.55 
5.224 2 1 3 0 2.00 1.23 0.467 0.073 0.2195 0.2029 0.8906 -0.6753 -1.196104 -0.663520 12.56 
5.324 2 1 3 0 2.00 1.22 0.485 0.078 0.2246 0.2111 0.8984 -0.6957 -1.206573 -0.664608 12.55 
5.424 2 1 3 0 2.00 1.14 0.450 0.070 0.2461 0.2068 0.9060 -0.7165 -1.235364 -0.666664 12.56 
5.524 2 1 3 0 2.00 1.20 0.452 0.061 0.2276 0.2075 0.9130 -0.7377 -1.272007 -0.666343 12.56 
5.624 2 1 3 0 2.00 1.06 0.459 0.058 0.2675 0.2055 0.9194 -0.7597 -1.306033 -0.664835 12.55 
5.724 2 1 3 0 2.00 1.05 0.449 0.055 0.2715 0.1966 0.9250 -0.7819 -1.340058 -0.662646 12.55 
5.824 2 1 3 0 2.00 1.15 0.458 0.062 0.2424 0.2225 0.9297 -0.8039 -1.368849 -0.662390 12.56 
5.924 2 1 3 0 2.00 1.20 0.472 0.071 0.2282 0.2060 0.9340 -0.8258 -1.384553 -0.663858 12.55 
6.024 2 1 3 0 2.00 1.17 0.470 0.073 0.2369 0.2245 0.9379 -0.8476 -1.397640 -0.664728 12.56 
6.124 2 1 3 0 2.00 1.13 0.481 0.068 0.2489 0.2206 0.9416 -0.8698 -1.410727 -0.666284 12.56 
6.224 2 1 3 0 2.00 1.12 0.452 0.064 0.2513 0.2345 0.9451 -0.8924 -1.429049 -0.667366 12.55 
6.324 2 1 3 0 2.00 1.14 0.457 0.062 0.2475 0.1959 0.9479 -0.9146 -1.460457 -0.665892 12.55 
6.424 2 1 3 0 2.00 1.20 0.472 0.070 0.2288 0.1908 0.9500 -0.9366 -1.494483 -0.663349 12.56 
6.524 2 1 3 0 2.00 1.24 0.457 0.075 0.2172 0.1866 0.9513 -0.9587 -1.528508 -0.662830 12.55 
6.624 2 1 3 0 2.00 1.22 0.475 0.074 0.2234 0.1891 0.9519 -0.9806 -1.554682 -0.663032 12.55 
6.724 2 1 3 0 2.00 1.27 0.480 0.076 0.2093 0.2050 0.9521 -1.0025 -1.565151 -0.664782 12.55 
6.824 2 1 3 0 2.00 1.27 0.475 0.073 0.2089 0.2178 0.9522 -1.0244 -1.570386 -0.666059 12.55 
6.924 2 1 3 0 2.00 1.22 0.467 0.069 0.2245 0.2213 0.9521 -1.0469 -1.578238 -0.668068 12.55 
7.024 2 1 3 0 2.00 1.24 0.456 0.049 0.2181 0.2081 0.9517 -1.0702 -1.596560 -0.670288 12.55 
7.124 2 1 3 0 2.00 1.03 0.449 0.037 0.2775 0.1874 0.9508 -1.0939 -1.625350 -0.669365 12.56 
7.224 2 1 3 0 2.00 1.06 0.441 0.037 0.2691 0.1870 0.9490 -1.1174 -1.672463 -0.666822 12.56 
7.324 2 1 3 0 2.00 0.97 0.427 0.039 0.2956 0.1634 0.9459 -1.1405 -1.732662 -0.665254 12.56 
7.424 2 1 3 0 2.00 1.18 0.449 0.048 0.2346 0.1843 0.9416 -1.1628 -1.790244 -0.664583 12.56 
7.524 2 1 3 0 2.00 1.15 0.450 0.056 0.2427 0.2076 0.9364 -1.1845 -1.821652 -0.665397 12.55 
7.624 2 1 3 0 2.00 1.04 0.453 0.048 0.2738 0.2060 0.9302 -1.2070 -1.855678 -0.666260 12.56 
7.724 2 1 3 0 2.00 1.04 0.444 0.033 0.2743 0.2076 0.9231 -1.2296 -1.894938 -0.667511 12.56 
7.824 2 1 3 0 2.00 1.07 0.440 0.034 0.2666 0.2235 0.9151 -1.2520 -1.934199 -0.665978 12.56 
7.924 2 1 3 0 2.00 0.93 0.440 0.023 0.3059 0.2130 0.9060 -1.2745 -1.976077 -0.664288 12.56 
8.024 2 1 3 0 2.00 1.09 0.421 0.026 0.2603 0.2001 0.8959 -1.2965 -2.025806 -0.663914 12.55 
8.124 2 1 3 0 2.00 1.01 0.443 0.035 0.2832 0.1850 0.8852 -1.3172 -2.075536 -0.663036 12.56 
8.224 2 1 3 0 2.00 1.12 0.442 0.059 0.2526 0.1986 0.8741 -1.3363 -2.120031 -0.662825 12.55 
8.324 2 1 3 0 2.00 1.20 0.455 0.072 0.2292 0.1877 0.8622 -1.3547 -2.161909 -0.663023 12.55 
8.424 2 1 3 0 2.00 1.06 0.465 0.059 0.2700 0.1969 0.8495 -1.3730 -2.193317 -0.663935 12.55 
8.524 2 1 3 0 2.00 1.00 0.444 0.039 0.2847 0.2103 0.8357 -1.3914 -2.232578 -0.663348 12.56 
8.624 2 1 3 0 2.00 1.11 0.454 0.031 0.2555 0.2071 0.8207 -1.4098 -2.277073 -0.661852 12.56 
8.724 2 1 3 0 2.00 0.96 0.442 0.034 0.2970 0.1941 0.8050 -1.4273 -2.324185 -0.660530 12.56 
8.824 2 1 3 0 2.00 1.06 0.443 0.046 0.2674 0.2215 0.7890 -1.4437 -2.363446 -0.659888 12.56 
8.924 2 1 3 0 2.00 1.16 0.471 0.058 0.2393 0.2092 0.7729 -1.4591 -2.389619 -0.660745 12.55 
9.024 2 1 3 0 2.00 1.17 0.458 0.052 0.2387 0.1918 0.7561 -1.4744 -2.415793 -0.662908 12.55 
9.124 2 1 3 0 2.00 1.10 0.453 0.058 0.2565 0.1967 0.7393 -1.4888 -2.455053 -0.663767 12.55 
9.224 2 1 3 0 2.00 0.95 0.448 0.051 0.3015 0.1915 0.7214 -1.5028 -2.502166 -0.665035 12.56 
9.324 2 1 3 0 2.00 1.11 0.423 0.037 0.2543 0.1986 0.7027 -1.5159 -2.557130 -0.665053 12.55 
9.424 2 1 3 0 2.00 0.94 0.436 0.025 0.3048 0.1980 0.6822 -1.5287 -2.612095 -0.663534 12.56 
9.524 2 1 3 0 2.00 1.12 0.438 0.031 0.2522 0.1951 0.6615 -1.5400 -2.664442 -0.661253 12.55 
9.624 2 1 3 0 2.00 1.02 0.446 0.042 0.2803 0.1968 0.6406 -1.5502 -2.708937 -0.662029 12.55 
9.724 2 1 3 0 2.00 1.14 0.454 0.047 0.2465 0.2153 0.6197 -1.5593 -2.745580 -0.662378 12.55 
9.824 2 1 3 0 2.00 1.16 0.439 0.042 0.2394 0.2027 0.5983 -1.5679 -2.776989 -0.663695 12.55 
9.924 2 1 3 0 2.00 1.01 0.450 0.033 0.2844 0.2099 0.5760 -1.5760 -2.811014 -0.664089 12.56 
10.024 2 1 3 0 2.00 1.10 0.436 0.027 0.2587 0.1799 0.5536 -1.5832 -2.858127 -0.663113 12.56 
10.124 2 1 3 0 2.00 0.95 0.435 0.038 0.3016 0.1828 0.5310 -1.5891 -2.913091 -0.660944 12.56 
10.225 2 1 3 0 2.00 1.07 0.451 0.047 0.2664 0.1749 0.5087 -1.5936 -2.970673 -0.659663 12.55 
10.325 2 1 3 0 2.00 1.13 0.449 0.051 0.2481 0.2057 0.4867 -1.5968 -3.017786 -0.660150 12.55 
10.425 2 1 3 0 2.00 1.06 0.475 0.057 0.2687 0.1913 0.4643 -1.5993 -3.046576 -0.660490 12.55 
10.525 2 1 3 0 2.00 1.06 0.451 0.051 0.2695 0.2066 0.4414 -1.6010 -3.080602 -0.661062 12.55 
10.625 2 1 3 0 2.00 1.07 0.448 0.036 0.2665 0.1945 0.4181 -1.6021 -3.114628 -0.662581 12.55 
10.725 2 1 4 0 2.00 2.00 0.429 0.146 0.2744 0.2551 0.3938 -1.6022 3.131914 -0.661793 12.56 
10.825 2 1 4 0 2.00 2.00 0.437 0.201 0.2625 0.3303 0.3658 -1.6021 -3.135567 -0.663238 12.55 
10.925 2 1 4 0 2.00 2.00 0.427 0.178 0.2655 0.3458 0.3350 -1.6028 -3.093689 -0.665223 12.55 
11.025 2 1 4 0 2.00 2.00 0.421 0.161 0.2772 0.3827 0.3034 -1.6052 -3.041342 -0.668352 12.55 
11.125 2 1 4 0 2.00 2.00 0.432 0.141 0.2622 0.3866 0.2711 -1.6097 -2.965438 -0.672315 12.56 
11.225 2 1 4 0 2.00 2.00 0.411 0.134 0.2801 0.3992 0.2376 -1.6169 -2.894770 -0.675692 12.55 
11.325 2 1 4 0 2.00 2.00 0.409 0.117 0.3226 0.4248 0.2033 -1.6269 -2.821484 -0.677776 12.55 
11.425 2 1 4 0 2.00 2.00 0.392 0.113 0.3160 0.3947 0.1701 -1.6392 -2.750815 -0.676512 12.55 
11.525 2 1 4 0 2.00 2.00 0.374 0.110 0.3348 0.4232 0.1366 -1.6543 -2.690616 -0.673272 12.55 
11.625 2 1 4 0 2.00 2.00 0.364 0.104 0.3272 0.4532 0.1027 -1.6722 -2.619947 -0.674892 12.56 
11.725 2 1 5 0 2.00 0.86 0.376 -0.031 0.3253 0.4088 0.0702 -1.6926 -2.554513 -0.677086 12.56 
11.825 2 1 5 0 2.00 0.63 0.335 -0.114 0.3910 0.2752 0.0415 -1.7116 -2.570217 -0.676125 12.56 
11.925 2 1 5 0 2.00 0.71 0.330 -0.081 0.3697 0.1988 0.0155 -1.7271 -2.651355 -0.672056 12.56 
12.025 2 1 5 0 2.00 0.79 0.317 -0.044 0.3459 0.1625 -0.0101 -1.7389 -2.774371 -0.663764 12.55 
12.125 2 1 5 0 2.00 0.64 0.333 -0.009 0.3898 0.1657 -0.0352 -1.7467 -2.905239 -0.659477 12.55 
12.225 2 1 5 0 2.00 0.92 0.364 0.017 0.3085 0.1451 -0.0598 -1.7510 -3.028255 -0.657965 12.56 
12.325 2 1 5 0 2.00 0.78 0.358 0.022 0.3480 0.1569 -0.0843 -1.7523 3.131914 -0.658884 12.55 
12.425 2 1 5 0 2.00 0.76 0.342 0.028 0.3552 0.1419 -0.1087 -1.7505 3.003664 -0.656971 12.56 
12.525 2 1 5 0 2.00 0.74 0.343 0.033 0.3593 0.1503 -0.1326 -1.7456 2.872796 -0.653706 12.56 
12.625 2 1 5 0 2.00 0.75 0.324 0.033 0.3569 0.1494 -0.1557 -1.7375 2.734076 -0.649597 12.55 
12.726 2 1 5 0 2.00 0.92 0.360 0.047 0.3085 0.1318 -0.1769 -1.7268 2.616295 -0.650844 12.56 
12.826 2 1 5 0 2.00 0.88 0.362 0.043 0.3219 0.1443 -0.1969 -1.7137 2.501131 -0.651708 12.56 
12.926 2 1 5 0 2.00 0.91 0.352 0.042 0.3134 0.1611 -0.2152 -1.6984 2.391202 -0.653001 12.56 
13.026 2 1 5 0 2.00 0.73 0.353 0.044 0.3646 0.1354 -0.2317 -1.6810 2.265568 -0.649902 12.55 
13.126 2 1 5 0 2.00 0.81 0.330 0.048 0.3401 0.1164 -0.2455 -1.6617 2.121614 -0.645916 12.55 
13.226 2 1 5 0 2.00 0.79 0.347 0.057 0.3451 0.1296 -0.2563 -1.6410 1.977659 -0.644681 12.56 
13.326 2 1 5 0 2.00 0.73 0.358 0.066 0.3635 0.1273 -0.2637 -1.6198 1.844174 -0.643817 12.56 
13.426 2 1 5 0 2.00 0.89 0.366 0.063 0.3171 0.1558 -0.2684 -1.5976 1.723775 -0.643979 12.55 
13.526 2 1 5 0 2.00 0.79 0.352 0.046 0.3461 0.1210 -0.2707 -1.5742 1.608611 -0.645642 12.56 
13.626 2 1 6 0 2.00 2.00 0.356 0.242 0.2989 0.2468 -0.2702 -1.5478 1.514386 -0.646034 12.55 
13.726 2 1 6 0 2.00 2.00 0.337 0.228 0.3248 0.3161 -0.2679 -1.5167 1.488213 -0.646236 12.55 
13.826 2 1 6 0 2.00 2.00 0.347 0.180 0.3593 0.4177 -0.2652 -1.4819 1.503917 -0.648599 12.55 
13.926 2 1 6 0 2.00 2.00 0.344 0.153 0.3425 0.4060 -0.2634 -1.4456 1.543177 -0.650736 12.55 
14.026 2 1 6 0 2.00 2.00 0.333 0.132 0.3325 0.4078 -0.2631 -1.4077 1.582438 -0.654990 12.56 
14.126 2 1 6 0 2.00 2.00 0.330 0.115 0.3683 0.4121 -0.2642 -1.3684 1.619081 -0.655532 12.55 
14.226 2 1 6 0 2.00 2.00 0.322 0.104 0.4044 0.4389 -0.2670 -1.3277 1.663576 -0.654000 12.55 
14.326 2 1 6 0 2.00 2.00 0.306 0.093 0.3859 0.4888 -0.2718 -1.2864 1.708071 -0.656555 12.56 
14.426 2 1 6 0 2.00 2.00 0.330 0.086 0.3460 0.4496 -0.2785 -1.2454 1.757801 -0.657859 12.56 
14.526 2 1 6 0 2.00 2.00 0.329 0.085 0.3666 0.4464 -0.2873 -1.2049 1.810147 -0.658473 12.56 
14.626 2 1 7 0 2.00 0.56 0.312 -0.123 0.4114 0.3670 -0.2973 -1.1669 1.825851 -0.658070 12.55 
14.726 2 1 7 0 2.00 0.62 0.299 -0.120 0.3950 0.2334 -0.3046 -1.1342 1.739478 -0.651612 12.55 
14.826 2 1 7 0 2.00 0.70 0.304 -0.063 0.3706 0.1685 -0.3077 -1.1052 1.608610 -0.646901 12.55 
14.926 2 1 7 0 2.00 0.69 0.342 -0.013 0.3760 0.1727 -0.3071 -1.0789 1.482977 -0.644565 12.55 
15.026 2 1 7 0 2.00 0.82 0.362 0.018 0.3376 0.1456 -0.3034 -1.0546 1.359961 -0.643327 12.55 
15.126 2 1 7 0 2.00 0.93 0.375 0.033 0.3073 0.1264 -0.2970 -1.0320 1.229093 -0.642092 12.56 
15.227 2 1 7 0 2.00 0.75 0.364 0.036 0.3571 0.1276 -0.2875 -1.0100 1.098225 -0.638198 12.55 
15.327 2 1 7 0 2.00 0.89 0.366 0.030 0.3174 0.1321 -0.2752 -0.9895 0.962124 -0.636216 12.55 
15.427 2 1 7 0 2.00 0.93 0.379 0.033 0.3077 0.1621 -0.2605 -0.9709 0.849583 -0.638608 12.56 
15.527 2 1 7 0 2.00 0.91 0.386 0.023 0.3110 0.1717 -0.2435 -0.9535 0.744893 -0.641074 12.56 
15.627 2 1 7 0 2.00 0.76 0.376 0.020 0.3557 0.1736 -0.2248 -0.9380 0.634969 -0.643458 12.55 
15.727 2 1 7 0 2.00 0.75 0.371 0.010 0.3578 0.1527 -0.2040 -0.9245 0.519811 -0.642567 12.55 
15.827 2 1 7 0 2.00 0.85 0.372 0.012 0.3299 0.1512 -0.1817 -0.9135 0.396798 -0.641793 12.55 
15.927 2 1 7 0 2.00 0.73 0.359 0.021 0.3647 0.1596 -0.1585 -0.9055 0.273785 -0.642647 12.55 
16.027 2 1 7 0 2.00 0.81 0.378 0.024 0.3406 0.1699 -0.1347 -0.9003 0.158624 -0.640552 12.55 
16.127 2 1 7 0 2.00 0.79 0.383 0.026 0.3453 0.1565 -0.1109 -0.8978 0.048697 -0.641861 12.55 
