%% logfile from robot Freja (4)
% Freja (4)
%  1    time 0.000 sec
%  2  3 Motor voltage [V] left, right: 6.60 6.60
%  4  5 Wheel velocity [m/s] left, right: 0.0000 -0.0000
%  6  7  8  9 Pose x,y,h,tilt [m,m,rad,rad]: 0 0 0 3.07764
0.000 6.60 6.60 0.0000 -0.0000 0.0000 0.0000 0.000000 3.077644 
0.001 6.60 6.60 0.0000 -0.0000 0.0000 0.0000 0.000000 3.077643 
0.002 6.60 6.60 0.0000 -0.0000 0.0000 0.0000 0.000000 3.077648 
0.003 6.60 6.60 0.0000 -0.0000 0.0000 0.0000 0.000000 3.077651 
0.004 6.60 6.60 0.0000 -0.0000 0.0000 0.0000 0.000000 3.077649 
0.005 6.60 6.60 0.0000 0.0000 0.0004 0.0000 0.000000 3.077645 
0.006 6.60 6.60 0.0000 0.0000 0.0004 0.0000 0.000000 3.077639 
0.007 3.50 4.19 0.2579 0.2006 0.0008 0.0000 0.000000 3.077628 
0.008 2.98 3.21 0.3012 0.2821 0.0012 0.0000 0.000000 3.077621 
0.009 2.98 2.39 0.3012 0.3511 0.0014 0.0000 0.002617 3.077640 
0.010 2.46 2.21 0.3453 0.3654 0.0018 0.0000 0.002617 3.077670 
0.011 2.10 2.03 0.3752 0.3806 0.0022 0.0000 0.002617 3.077698 
0.012 2.12 2.03 0.3729 0.3806 0.0024 0.0000 0.000000 3.077730 
0.013 2.09 1.53 0.3755 0.4223 0.0030 0.0000 0.002617 3.077715 
0.014 1.78 1.76 0.4017 0.4030 0.0032 0.0000 0.000000 3.077644 
0.015 1.41 1.85 0.4328 0.3959 0.0037 0.0000 0.000000 3.077594 
0.016 1.59 1.77 0.4170 0.4028 0.0041 0.0000 0.000000 3.077578 
0.017 1.50 1.84 0.4251 0.3964 0.0045 0.0000 0.000000 3.077610 
0.018 1.47 1.70 0.4278 0.4080 0.0049 0.0000 0.000000 3.077697 
0.019 1.62 1.29 0.4149 0.4425 0.0055 0.0000 0.002617 3.077767 
0.020 1.22 1.79 0.4481 0.4007 0.0061 0.0000 0.000000 3.077756 
0.021 1.48 1.88 0.4268 0.3937 0.0065 0.0000 0.000000 3.077679 
0.022 1.55 1.91 0.4203 0.3909 0.0067 0.0000 -0.002617 3.077609 
0.023 1.49 1.52 0.4259 0.4231 0.0073 0.0000 0.000000 3.077604 
0.024 1.38 1.78 0.4352 0.4019 0.0075 0.0000 -0.002617 3.077643 
0.025 1.43 1.88 0.4307 0.3936 0.0079 0.0000 -0.002617 3.077691 
0.026 1.51 1.97 0.4238 0.3857 0.0083 0.0000 -0.002617 3.077725 
0.027 1.51 1.80 0.4245 0.4003 0.0087 0.0000 -0.002617 3.077732 
0.028 1.57 1.67 0.4191 0.4107 0.0091 -0.0000 -0.002617 3.077715 
0.029 1.52 1.78 0.4237 0.4013 0.0097 -0.0000 0.000000 3.077689 
0.030 1.70 1.70 0.4087 0.4086 0.0101 -0.0000 0.000000 3.077673 
0.031 1.52 1.43 0.4230 0.4309 0.0105 -0.0000 0.000000 3.077668 
0.032 1.35 1.75 0.4374 0.4041 0.0110 -0.0000 0.000000 3.077677 
0.033 1.45 1.70 0.4290 0.4087 0.0114 -0.0000 0.000000 3.077696 
0.034 1.52 1.68 0.4236 0.4099 0.0118 -0.0000 0.000000 3.077714 
0.035 1.52 1.69 0.4235 0.4088 0.0122 -0.0000 0.000000 3.077719 
0.036 1.33 1.71 0.4394 0.4078 0.0126 -0.0000 0.000000 3.077707 
0.037 1.51 1.36 0.4240 0.4362 0.0130 -0.0000 0.000000 3.077685 
0.038 1.59 1.67 0.4177 0.4112 0.0134 -0.0000 0.000000 3.077673 
0.039 1.54 1.82 0.4219 0.3986 0.0138 -0.0000 0.000000 3.077677 
0.040 1.50 1.72 0.4247 0.4063 0.0144 -0.0000 -0.002617 3.077693 
0.041 1.74 1.60 0.4054 0.4167 0.0148 -0.0000 -0.002617 3.077709 
0.042 1.55 1.70 0.4210 0.4087 0.0152 -0.0000 -0.002617 3.077717 
0.043 1.26 1.64 0.4453 0.4135 0.0156 -0.0000 -0.002617 3.077715 
0.044 1.51 1.76 0.4238 0.4035 0.0160 -0.0000 -0.002617 3.077706 
0.045 1.72 1.46 0.4064 0.4281 0.0164 -0.0000 -0.002617 3.077695 
0.046 1.56 1.76 0.4198 0.4032 0.0168 -0.0000 -0.002617 3.077688 
0.047 1.60 1.76 0.4165 0.4035 0.0172 -0.0000 -0.002617 3.077686 
0.048 1.47 1.81 0.4274 0.3990 0.0176 -0.0000 -0.002617 3.077693 
0.049 1.23 1.45 0.4473 0.4288 0.0181 -0.0000 -0.002617 3.077702 
0.050 1.50 1.76 0.4254 0.4034 0.0185 -0.0000 -0.002617 3.077694 
0.051 1.15 1.84 0.4545 0.3968 0.0189 -0.0000 -0.002617 3.077673 
0.052 1.52 1.78 0.4236 0.4013 0.0193 -0.0000 -0.002617 3.077662 
0.053 1.50 1.59 0.4251 0.4178 0.0197 -0.0000 -0.002617 3.077668 
0.054 1.60 1.71 0.4169 0.4073 0.0201 -0.0000 -0.002617 3.077677 
0.055 1.99 1.68 0.3846 0.4100 0.0205 -0.0000 -0.002617 3.077681 
0.056 1.54 1.73 0.4214 0.4057 0.0209 -0.0000 -0.002617 3.077680 
0.057 1.23 1.52 0.4475 0.4232 0.0213 -0.0000 -0.002617 3.077679 
0.058 1.55 1.73 0.4206 0.4057 0.0217 -0.0000 -0.002617 3.077680 
0.059 1.72 1.66 0.4067 0.4121 0.0221 -0.0000 -0.002617 3.077681 
0.060 1.54 1.76 0.4215 0.4031 0.0225 -0.0000 -0.002617 3.077684 
0.061 1.27 1.36 0.4437 0.4366 0.0229 -0.0000 -0.002617 3.077687 
0.062 1.56 1.74 0.4202 0.4049 0.0233 -0.0000 -0.002617 3.077687 
0.063 1.49 1.70 0.4257 0.4085 0.0239 -0.0000 -0.005235 3.077682 
0.064 1.65 1.80 0.4127 0.3995 0.0243 -0.0000 -0.005235 3.077675 
0.065 1.54 1.70 0.4217 0.4086 0.0247 -0.0000 -0.005235 3.077667 
0.066 1.26 1.73 0.4449 0.4057 0.0252 -0.0000 -0.005235 3.077661 
0.067 1.51 1.29 0.4240 0.4423 0.0256 -0.0000 -0.005235 3.077659 
0.068 1.60 1.80 0.4167 0.3997 0.0260 -0.0000 -0.005235 3.077660 
0.069 1.55 1.91 0.4206 0.3908 0.0264 -0.0000 -0.005235 3.077665 
0.070 1.43 1.81 0.4308 0.3989 0.0268 -0.0000 -0.005235 3.077671 
0.071 1.49 1.52 0.4261 0.4231 0.0272 -0.0000 -0.005235 3.077674 
0.072 1.57 1.88 0.4192 0.3935 0.0276 -0.0000 -0.005235 3.077673 
0.073 1.55 1.97 0.4211 0.3861 0.0280 -0.0000 -0.005235 3.077671 
0.074 1.60 1.80 0.4164 0.3998 0.0284 -0.0001 -0.005235 3.077667 
0.075 1.53 1.66 0.4222 0.4114 0.0288 -0.0001 -0.005235 3.077663 
0.076 1.72 1.79 0.4066 0.4008 0.0292 -0.0001 -0.005235 3.077663 
0.077 1.55 1.36 0.4210 0.4366 0.0296 -0.0001 -0.005235 3.077666 
0.078 1.36 1.71 0.4364 0.4071 0.0300 -0.0001 -0.005235 3.077669 
0.079 1.46 1.45 0.4284 0.4293 0.0304 -0.0001 -0.005235 3.077671 
0.080 1.53 1.78 0.4224 0.4013 0.0308 -0.0001 -0.005235 3.077671 
0.081 1.52 1.72 0.4233 0.4069 0.0312 -0.0001 -0.005235 3.077669 
0.082 1.33 1.71 0.4390 0.4076 0.0316 -0.0001 -0.005235 3.077663 
0.083 1.52 1.72 0.4232 0.4070 0.0320 -0.0001 -0.005235 3.077656 
0.084 1.60 1.73 0.4167 0.4060 0.0325 -0.0001 -0.005235 3.077651 
0.085 1.55 1.39 0.4205 0.4341 0.0329 -0.0001 -0.005235 3.077646 
0.086 1.55 1.69 0.4204 0.4095 0.0335 -0.0001 -0.007852 3.077643 
0.087 1.74 1.82 0.4047 0.3983 0.0339 -0.0001 -0.007852 3.077653 
0.088 1.58 1.74 0.4184 0.4051 0.0343 -0.0001 -0.007852 3.077673 
0.089 1.31 1.58 0.4406 0.4181 0.0347 -0.0001 -0.007852 3.077687 
0.090 1.55 1.67 0.4211 0.4111 0.0351 -0.0001 -0.007852 3.077692 
0.091 1.75 1.64 0.4040 0.4130 0.0355 -0.0001 -0.007852 3.077679 
0.092 1.58 1.78 0.4179 0.4013 0.0359 -0.0001 -0.007852 3.077655 
0.093 1.62 1.48 0.4151 0.4264 0.0363 -0.0001 -0.007852 3.077640 
0.094 1.49 1.78 0.4261 0.4014 0.0367 -0.0001 -0.007852 3.077632 
0.095 1.23 1.75 0.4477 0.4043 0.0371 -0.0001 -0.007852 3.077626 
0.096 1.52 1.84 0.4233 0.3967 0.0375 -0.0001 -0.007852 3.077625 
0.097 1.16 1.46 0.4535 0.4283 0.0379 -0.0001 -0.007852 3.077626 
0.098 1.53 1.76 0.4227 0.4035 0.0383 -0.0001 -0.007852 3.077631 
0.099 1.50 1.83 0.4249 0.3976 0.0387 -0.0001 -0.007852 3.077639 
0.100 1.61 1.78 0.4161 0.4014 0.0391 -0.0001 -0.007852 3.077646 
0.101 1.99 1.58 0.3845 0.4180 0.0396 -0.0001 -0.007852 3.077651 
0.102 1.55 1.72 0.4212 0.4070 0.0400 -0.0001 -0.007852 3.077662 
0.103 1.23 1.66 0.4479 0.4118 0.0404 -0.0001 -0.007852 3.077677 
0.104 1.55 1.72 0.4211 0.4064 0.0408 -0.0001 -0.007852 3.077687 
0.105 1.71 1.46 0.4078 0.4280 0.0412 -0.0001 -0.007852 3.077693 
0.106 1.53 1.66 0.4224 0.4117 0.0416 -0.0001 -0.007852 3.077691 
0.107 1.26 1.61 0.4449 0.4157 0.0420 -0.0001 -0.007852 3.077685 
0.108 1.56 1.70 0.4201 0.4080 0.0424 -0.0001 -0.007852 3.077680 
0.109 1.47 1.29 0.4271 0.4421 0.0428 -0.0002 -0.007852 3.077677 
0.110 1.54 1.69 0.4215 0.4095 0.0434 -0.0002 -0.010469 3.077679 
0.111 1.53 1.65 0.4226 0.4126 0.0438 -0.0002 -0.010469 3.077680 
0.112 1.26 1.75 0.4453 0.4040 0.0442 -0.0002 -0.010469 3.077680 
0.113 1.52 1.65 0.4230 0.4125 0.0446 -0.0002 -0.010469 3.077677 
0.114 1.59 1.70 0.4171 0.4084 0.0450 -0.0002 -0.010469 3.077666 
0.115 1.56 1.62 0.4200 0.4148 0.0454 -0.0002 -0.010469 3.077652 
0.116 1.45 1.77 0.4293 0.4024 0.0458 -0.0002 -0.010469 3.077642 
0.117 1.48 1.88 0.4268 0.3931 0.0462 -0.0002 -0.010469 3.077637 
0.118 1.57 1.79 0.4188 0.4006 0.0467 -0.0002 -0.010469 3.077637 
0.119 1.55 1.58 0.4208 0.4182 0.0471 -0.0002 -0.010469 3.077640 
0.120 1.60 1.85 0.4170 0.3954 0.0475 -0.0002 -0.010469 3.077643 
0.121 1.54 1.94 0.4219 0.3882 0.0479 -0.0002 -0.010469 3.077642 
0.122 1.72 1.77 0.4068 0.4024 0.0483 -0.0002 -0.010469 3.077640 
0.123 1.54 1.64 0.4213 0.4130 0.0487 -0.0002 -0.010469 3.077638 
0.124 1.36 1.76 0.4370 0.4029 0.0491 -0.0002 -0.010469 3.077640 
0.125 1.46 1.63 0.4283 0.4141 0.0497 -0.0002 -0.007852 3.077644 
0.126 1.53 1.43 0.4227 0.4312 0.0501 -0.0002 -0.007852 3.077648 
0.127 1.52 1.75 0.4230 0.4042 0.0505 -0.0002 -0.007852 3.077650 
0.128 1.32 1.72 0.4401 0.4063 0.0509 -0.0002 -0.007852 3.077649 
0.129 1.52 1.73 0.4235 0.4062 0.0513 -0.0002 -0.007852 3.077646 
0.130 1.59 1.73 0.4174 0.4057 0.0517 -0.0002 -0.007852 3.077643 
0.131 1.54 1.73 0.4214 0.4057 0.0521 -0.0002 -0.007852 3.077641 
0.132 1.46 1.39 0.4281 0.4341 0.0527 -0.0002 -0.010469 3.077636 
0.133 1.63 1.68 0.4140 0.4098 0.0529 -0.0002 -0.007852 3.077630 
0.134 1.54 1.84 0.4214 0.3964 0.0535 -0.0003 -0.010469 3.077629 
0.135 1.29 1.75 0.4427 0.4037 0.0540 -0.0003 -0.010469 3.077630 
0.136 1.51 1.60 0.4242 0.4165 0.0544 -0.0003 -0.010469 3.077632 
0.137 1.74 1.67 0.4052 0.4109 0.0548 -0.0003 -0.010469 3.077636 
0.138 1.57 1.62 0.4187 0.4150 0.0552 -0.0003 -0.010469 3.077641 
0.139 1.61 1.74 0.4156 0.4052 0.0556 -0.0003 -0.010469 3.077646 
0.140 1.48 1.45 0.4263 0.4296 0.0560 -0.0003 -0.010469 3.077653 
0.141 1.23 1.74 0.4473 0.4050 0.0564 -0.0003 -0.010469 3.077656 
0.142 1.53 1.73 0.4227 0.4060 0.0568 -0.0003 -0.010469 3.077655 
0.143 1.16 1.81 0.4534 0.3991 0.0572 -0.0003 -0.010469 3.077657 
0.144 1.53 1.44 0.4225 0.4303 0.0576 -0.0003 -0.010469 3.077660 
0.145 1.50 1.73 0.4248 0.4056 0.0580 -0.0003 -0.010469 3.077658 
0.146 1.61 1.81 0.4161 0.3989 0.0584 -0.0003 -0.010469 3.077656 
0.147 1.99 1.77 0.3841 0.4026 0.0588 -0.0003 -0.010469 3.077656 
0.148 1.55 1.58 0.4208 0.4181 0.0592 -0.0003 -0.010469 3.077653 
0.149 1.23 1.73 0.4476 0.4060 0.0596 -0.0003 -0.010469 3.077645 
0.150 1.55 1.67 0.4205 0.4110 0.0600 -0.0003 -0.010469 3.077637 
0.151 6.11 6.16 0.4072 0.4030 0.0604 -0.0003 -0.010469 3.077636 
0.152 5.94 5.93 0.4214 0.4225 0.0609 -0.0003 -0.010469 3.077637 
0.153 5.64 6.01 0.4467 0.4161 0.0613 -0.0003 -0.010469 3.077638 
0.154 5.30 5.75 0.4749 0.4379 0.0619 -0.0003 -0.013086 3.077638 
0.155 4.97 5.52 0.5022 0.4566 0.0623 -0.0003 -0.013086 3.077637 
0.156 4.93 4.66 0.5060 0.5286 0.0627 -0.0004 -0.013086 3.077632 
0.157 3.85 4.43 0.5954 0.5470 0.0635 -0.0004 -0.013086 3.077622 
0.158 3.84 4.33 0.5963 0.5559 0.0639 -0.0004 -0.013086 3.077618 
0.159 3.89 3.90 0.5922 0.5919 0.0647 -0.0004 -0.013086 3.077620 
0.160 3.50 3.13 0.6248 0.6559 0.0651 -0.0004 -0.013086 3.077627 
0.161 3.51 3.67 0.6238 0.6109 0.0659 -0.0004 -0.013086 3.077654 
0.162 3.28 3.42 0.6430 0.6317 0.0663 -0.0004 -0.013086 3.077685 
0.163 3.03 3.33 0.6641 0.6387 0.0671 -0.0004 -0.013086 3.077660 
0.164 3.27 3.15 0.6443 0.6538 0.0677 -0.0004 -0.010469 3.077606 
0.165 2.56 3.02 0.7034 0.6653 0.0684 -0.0004 -0.013086 3.077579 
0.166 2.79 2.38 0.6838 0.7185 0.0692 -0.0004 -0.013086 3.077576 
0.167 2.24 2.57 0.7297 0.7023 0.0700 -0.0004 -0.013086 3.077604 
0.168 2.59 3.02 0.7011 0.6646 0.0704 -0.0005 -0.013086 3.077638 
0.169 2.57 2.91 0.7023 0.6744 0.0712 -0.0005 -0.013086 3.077647 
0.170 2.50 2.92 0.7084 0.6732 0.0720 -0.0005 -0.013086 3.077626 
0.171 2.53 2.29 0.7059 0.7261 0.0726 -0.0005 -0.015704 3.077599 
0.172 1.99 3.03 0.7510 0.6638 0.0732 -0.0005 -0.013086 3.077585 
0.173 2.91 2.54 0.6742 0.7052 0.0740 -0.0005 -0.013086 3.077577 
0.174 2.66 2.74 0.6951 0.6882 0.0746 -0.0005 -0.015704 3.077581 
0.175 2.12 2.80 0.7401 0.6831 0.0755 -0.0005 -0.015704 3.077587 
0.176 2.52 2.73 0.7062 0.6894 0.0761 -0.0005 -0.013086 3.077594 
0.177 2.51 2.71 0.7077 0.6907 0.0769 -0.0005 -0.013086 3.077600 
0.178 2.54 2.10 0.7048 0.7420 0.0775 -0.0006 -0.015704 3.077591 
0.179 3.18 2.90 0.6518 0.6746 0.0783 -0.0006 -0.015704 3.077576 
0.180 1.99 2.41 0.7510 0.7159 0.0789 -0.0006 -0.013086 3.077575 
0.181 2.67 2.66 0.6945 0.6948 0.0795 -0.0006 -0.015704 3.077590 
0.182 2.00 2.74 0.7501 0.6886 0.0803 -0.0006 -0.015704 3.077613 
0.183 2.35 2.66 0.7212 0.6950 0.0811 -0.0006 -0.015704 3.077627 
0.184 2.40 2.71 0.7167 0.6911 0.0817 -0.0006 -0.013086 3.077626 
0.185 2.46 1.98 0.7116 0.7517 0.0823 -0.0006 -0.015704 3.077610 
0.186 2.42 2.65 0.7149 0.6958 0.0832 -0.0006 -0.015704 3.077589 
0.187 2.47 2.56 0.7106 0.7032 0.0840 -0.0006 -0.015704 3.077581 
0.188 2.27 1.98 0.7270 0.7514 0.0846 -0.0007 -0.013086 3.077585 
0.189 2.58 2.79 0.7018 0.6838 0.0852 -0.0007 -0.015704 3.077592 
0.190 2.50 2.75 0.7083 0.6871 0.0860 -0.0007 -0.015704 3.077595 
0.191 2.83 2.87 0.6810 0.6774 0.0868 -0.0007 -0.015704 3.077589 
0.192 2.43 2.99 0.7139 0.6671 0.0872 -0.0007 -0.015704 3.077578 
0.193 2.38 2.58 0.7185 0.7017 0.0880 -0.0007 -0.015704 3.077571 
0.194 2.46 1.98 0.7118 0.7513 0.0888 -0.0007 -0.015704 3.077571 
0.195 2.42 2.25 0.7153 0.7291 0.0897 -0.0007 -0.015704 3.077574 
0.196 2.59 2.78 0.7011 0.6846 0.0903 -0.0007 -0.018321 3.077577 
0.197 2.28 2.71 0.7264 0.6909 0.0909 -0.0008 -0.015704 3.077586 
0.198 2.85 2.77 0.6789 0.6862 0.0917 -0.0008 -0.015704 3.077605 
0.199 1.93 2.09 0.7560 0.7424 0.0923 -0.0008 -0.018321 3.077617 
0.200 2.73 2.89 0.6890 0.6757 0.0931 -0.0008 -0.018321 3.077604 
0.201 2.49 2.43 0.7095 0.7145 0.0937 -0.0008 -0.015704 3.077589 
0.202 2.40 2.58 0.7169 0.7019 0.0945 -0.0008 -0.015704 3.077585 
0.203 2.46 2.71 0.7117 0.6904 0.0951 -0.0008 -0.018321 3.077591 
0.204 2.40 2.72 0.7171 0.6900 0.0959 -0.0008 -0.018321 3.077599 
0.205 2.37 2.75 0.7193 0.6877 0.0965 -0.0009 -0.015704 3.077602 
0.206 3.10 2.65 0.6583 0.6961 0.0974 -0.0009 -0.015704 3.077602 
0.207 1.91 2.85 0.7571 0.6789 0.0980 -0.0009 -0.018321 3.077599 
0.208 2.65 2.35 0.6961 0.7211 0.0988 -0.0009 -0.018321 3.077596 
0.209 2.37 2.58 0.7189 0.7018 0.0994 -0.0009 -0.015704 3.077595 
0.210 2.42 2.64 0.7153 0.6966 0.1000 -0.0009 -0.018321 3.077598 
0.211 2.37 2.59 0.7194 0.7011 0.1008 -0.0009 -0.018321 3.077604 
0.212 2.40 2.61 0.7166 0.6993 0.1016 -0.0009 -0.018321 3.077609 
0.213 2.36 2.58 0.7198 0.7016 0.1024 -0.0010 -0.018321 3.077615 
0.214 2.53 2.53 0.7058 0.7054 0.1028 -0.0010 -0.018321 3.077618 
0.215 2.21 2.43 0.7326 0.7139 0.1036 -0.0010 -0.018321 3.077617 
0.216 2.52 1.88 0.7068 0.7604 0.1045 -0.0010 -0.018321 3.077618 
0.217 2.45 2.77 0.7127 0.6855 0.1053 -0.0010 -0.018321 3.077628 
0.218 2.38 2.64 0.7179 0.6964 0.1059 -0.0010 -0.015704 3.077643 
0.219 2.43 2.76 0.7145 0.6863 0.1065 -0.0010 -0.018321 3.077644 
0.220 2.35 2.66 0.7205 0.6947 0.1073 -0.0010 -0.018321 3.077632 
0.221 2.42 2.72 0.7152 0.6897 0.1081 -0.0011 -0.018321 3.077621 
0.222 2.29 1.88 0.7262 0.7604 0.1087 -0.0011 -0.020938 3.077615 
0.223 2.57 2.17 0.7024 0.7360 0.1093 -0.0011 -0.018321 3.077609 
0.224 2.25 2.56 0.7287 0.7035 0.1101 -0.0011 -0.018321 3.077602 
0.225 2.81 2.71 0.6828 0.6908 0.1109 -0.0011 -0.018321 3.077593 
0.226 1.89 2.70 0.7589 0.6913 0.1116 -0.0011 -0.020938 3.077582 
0.227 2.39 2.62 0.7175 0.6981 0.1122 -0.0011 -0.018321 3.077569 
0.228 2.45 2.69 0.7121 0.6926 0.1130 -0.0012 -0.018321 3.077562 
0.229 2.39 2.58 0.7178 0.7020 0.1138 -0.0012 -0.018321 3.077558 
0.230 2.44 2.52 0.7129 0.7062 0.1144 -0.0012 -0.020938 3.077551 
0.231 1.88 2.05 0.7600 0.7459 0.1150 -0.0012 -0.018321 3.077543 
0.232 2.37 2.60 0.7192 0.7002 0.1158 -0.0012 -0.018321 3.077541 
0.233 3.13 2.04 0.6559 0.7470 0.1166 -0.0012 -0.018321 3.077540 
0.234 1.96 2.66 0.7537 0.6951 0.1172 -0.0012 -0.020938 3.077543 
0.235 2.46 2.73 0.7120 0.6890 0.1178 -0.0012 -0.018321 3.077550 
0.236 2.39 2.66 0.7178 0.6950 0.1187 -0.0013 -0.018321 3.077555 
0.237 2.46 2.65 0.7114 0.6956 0.1193 -0.0013 -0.020938 3.077554 
0.238 2.42 2.29 0.7154 0.7258 0.1201 -0.0013 -0.020938 3.077553 
0.239 2.70 2.61 0.6916 0.6990 0.1209 -0.0013 -0.020938 3.077554 
0.240 1.94 1.93 0.7549 0.7558 0.1215 -0.0013 -0.018321 3.077556 
0.241 2.51 2.65 0.7076 0.6957 0.1221 -0.0013 -0.020938 3.077558 
0.242 2.25 2.76 0.7288 0.6866 0.1229 -0.0013 -0.020938 3.077562 
0.243 2.55 2.67 0.7039 0.6943 0.1237 -0.0014 -0.020938 3.077565 
0.244 2.46 2.77 0.7116 0.6858 0.1243 -0.0014 -0.018321 3.077567 
0.245 2.42 2.85 0.7146 0.6788 0.1249 -0.0014 -0.020938 3.077574 
0.246 2.46 2.24 0.7116 0.7300 0.1258 -0.0014 -0.020938 3.077585 
0.247 2.40 2.99 0.7166 0.6673 0.1266 -0.0014 -0.020938 3.077589 
0.248 2.53 2.71 0.7060 0.6905 0.1270 -0.0014 -0.020938 3.077589 
0.249 2.03 2.78 0.7473 0.6847 0.1278 -0.0014 -0.020938 3.077589 
0.250 2.57 2.69 0.7028 0.6921 0.1286 -0.0015 -0.020938 3.077589 
0.251 2.29 2.75 0.7257 0.6875 0.1294 -0.0015 -0.020938 3.077587 
0.252 2.41 2.59 0.7156 0.7006 0.1298 -0.0015 -0.020938 3.077589 
0.253 2.40 2.68 0.7168 0.6935 0.1306 -0.0015 -0.020938 3.077589 
0.254 2.44 2.00 0.7135 0.7497 0.1314 -0.0015 -0.020938 3.077580 
0.255 2.49 2.83 0.7090 0.6809 0.1322 -0.0015 -0.020938 3.077567 
0.256 2.56 2.65 0.7032 0.6962 0.1326 -0.0015 -0.020938 3.077559 
0.257 2.06 2.52 0.7453 0.7063 0.1335 -0.0016 -0.020938 3.077553 
0.258 1.87 2.63 0.7608 0.6973 0.1343 -0.0016 -0.020938 3.077544 
0.259 2.48 2.56 0.7096 0.7031 0.1351 -0.0016 -0.020938 3.077534 
0.260 2.62 2.57 0.6985 0.7023 0.1355 -0.0016 -0.020938 3.077529 
0.261 2.59 2.03 0.7009 0.7475 0.1363 -0.0016 -0.020938 3.077536 
0.262 2.64 2.78 0.6966 0.6852 0.1371 -0.0016 -0.020938 3.077539 
0.263 2.60 2.31 0.7004 0.7245 0.1379 -0.0017 -0.020938 3.077532 
0.264 2.17 2.59 0.7355 0.7008 0.1383 -0.0017 -0.020938 3.077528 
0.265 2.46 2.68 0.7120 0.6929 0.1391 -0.0017 -0.020938 3.077523 
0.266 2.80 2.65 0.6832 0.6961 0.1399 -0.0017 -0.020938 3.077525 
0.267 2.06 2.61 0.7446 0.6993 0.1406 -0.0017 -0.023556 3.077532 
0.268 2.50 1.95 0.7085 0.7539 0.1412 -0.0017 -0.020938 3.077538 
0.269 2.54 2.59 0.7050 0.7009 0.1420 -0.0017 -0.020938 3.077546 
0.270 2.47 2.48 0.7106 0.7099 0.1428 -0.0018 -0.020938 3.077550 
0.271 2.52 1.92 0.7066 0.7563 0.1436 -0.0018 -0.020938 3.077548 
0.272 2.55 2.73 0.7042 0.6891 0.1440 -0.0018 -0.020938 3.077539 
0.273 2.83 2.70 0.6805 0.6918 0.1448 -0.0018 -0.020938 3.077537 
0.274 2.18 2.81 0.7352 0.6828 0.1456 -0.0018 -0.020938 3.077540 
0.275 2.54 2.93 0.7045 0.6723 0.1462 -0.0018 -0.023556 3.077545 
0.276 2.47 2.53 0.7106 0.7061 0.1468 -0.0018 -0.020938 3.077548 
0.277 2.42 1.91 0.7154 0.7574 0.1477 -0.0019 -0.020938 3.077550 
0.278 2.45 2.20 0.7128 0.7333 0.1485 -0.0019 -0.020938 3.077552 
0.279 2.40 2.73 0.7163 0.6895 0.1491 -0.0019 -0.023556 3.077553 
0.280 2.84 2.66 0.6800 0.6949 0.1497 -0.0019 -0.020938 3.077554 
0.281 1.90 2.71 0.7582 0.6904 0.1505 -0.0019 -0.020938 3.077559 
0.282 2.77 2.62 0.6861 0.6983 0.1513 -0.0019 -0.020938 3.077566 
0.283 2.50 2.88 0.7083 0.6764 0.1519 -0.0020 -0.023556 3.077570 
0.284 2.38 2.34 0.7187 0.7213 0.1525 -0.0020 -0.020938 3.077570 
0.285 2.43 2.51 0.7145 0.7076 0.1533 -0.0020 -0.020938 3.077569 
0.286 2.37 2.65 0.7193 0.6959 0.1541 -0.0020 -0.020938 3.077572 
0.287 2.45 2.59 0.7125 0.7009 0.1548 -0.0020 -0.023556 3.077573 
0.288 3.09 2.65 0.6594 0.6956 0.1556 -0.0020 -0.023556 3.077566 
0.289 1.94 2.60 0.7551 0.7004 0.1562 -0.0021 -0.020938 3.077562 
0.290 2.67 2.78 0.6940 0.6846 0.1568 -0.0021 -0.023556 3.077560 
0.291 1.93 2.26 0.7559 0.7280 0.1576 -0.0021 -0.023556 3.077559 
0.292 2.29 2.53 0.7262 0.7056 0.1584 -0.0021 -0.023556 3.077556 
0.293 2.34 2.13 0.7217 0.7392 0.1590 -0.0021 -0.020938 3.077554 
0.294 2.40 2.54 0.7169 0.7046 0.1596 -0.0021 -0.023556 3.077554 
0.295 2.37 2.56 0.7196 0.7036 0.1604 -0.0021 -0.023556 3.077553 
0.296 2.45 2.58 0.7126 0.7015 0.1612 -0.0022 -0.023556 3.077553 
0.297 2.38 2.71 0.7185 0.6912 0.1621 -0.0022 -0.023556 3.077556 
0.298 2.55 2.39 0.7045 0.7172 0.1625 -0.0022 -0.023556 3.077562 
0.299 2.47 1.85 0.7111 0.7625 0.1633 -0.0022 -0.023556 3.077569 
0.300 2.76 2.75 0.6864 0.6873 0.1641 -0.0022 -0.023556 3.077573 
0.301 2.10 2.11 0.7416 0.7407 0.1649 -0.0023 -0.023556 3.077574 
0.302 2.39 2.73 0.7171 0.6891 0.1653 -0.0023 -0.023556 3.077582 
0.303 2.42 2.65 0.7148 0.6955 0.1661 -0.0023 -0.023556 3.077592 
0.304 2.38 2.68 0.7179 0.6929 0.1669 -0.0023 -0.023556 3.077593 
0.305 2.45 2.62 0.7124 0.6986 0.1677 -0.0023 -0.023556 3.077588 
0.306 2.25 2.17 0.7290 0.7354 0.1681 -0.0023 -0.023556 3.077583 
0.307 2.78 2.54 0.6851 0.7050 0.1689 -0.0024 -0.023556 3.077585 
0.308 1.90 2.63 0.7582 0.6975 0.1698 -0.0024 -0.023556 3.077586 
0.309 2.78 2.01 0.6849 0.7492 0.1706 -0.0024 -0.023556 3.077586 
0.310 2.47 2.57 0.7107 0.7024 0.1710 -0.0024 -0.023556 3.077588 
0.311 2.43 2.65 0.7144 0.6960 0.1718 -0.0024 -0.023556 3.077593 
0.312 2.44 2.58 0.7131 0.7016 0.1726 -0.0024 -0.023556 3.077591 
0.313 2.38 2.71 0.7185 0.6911 0.1734 -0.0025 -0.023556 3.077584 
0.314 2.44 2.02 0.7130 0.7482 0.1740 -0.0025 -0.026173 3.077577 
0.315 3.09 2.58 0.6588 0.7018 0.1746 -0.0025 -0.023556 3.077575 
0.316 1.86 2.02 0.7614 0.7483 0.1754 -0.0025 -0.023556 3.077578 
0.317 2.63 2.84 0.6973 0.6801 0.1762 -0.0025 -0.023556 3.077580 
0.318 1.94 2.71 0.7550 0.6905 0.1769 -0.0025 -0.026173 3.077579 
0.319 2.40 2.65 0.7164 0.6959 0.1775 -0.0026 -0.023556 3.077576 
0.320 2.37 2.69 0.7196 0.6928 0.1783 -0.0026 -0.023556 3.077573 
0.321 2.43 2.26 0.7143 0.7282 0.1789 -0.0026 -0.026173 3.077570 
0.322 2.38 2.57 0.7183 0.7028 0.1797 -0.0026 -0.026173 3.077570 
0.323 2.57 1.88 0.7023 0.7596 0.1805 -0.0026 -0.026173 3.077570 
0.324 2.26 2.57 0.7285 0.7027 0.1811 -0.0026 -0.023556 3.077574 
0.325 2.53 2.71 0.7058 0.6908 0.1817 -0.0027 -0.026173 3.077577 
0.326 2.46 2.64 0.7113 0.6965 0.1825 -0.0027 -0.026173 3.077573 
0.327 2.75 2.76 0.6872 0.6863 0.1833 -0.0027 -0.026173 3.077573 
0.328 2.43 2.69 0.7139 0.6927 0.1840 -0.0027 -0.023556 3.077578 
0.329 2.35 2.21 0.7206 0.7326 0.1846 -0.0027 -0.026173 3.077581 
0.330 2.40 2.94 0.7168 0.6716 0.1854 -0.0028 -0.026173 3.077580 
0.331 2.35 2.57 0.7207 0.7028 0.1862 -0.0028 -0.026173 3.077581 
0.332 2.52 1.97 0.7068 0.7527 0.1868 -0.0028 -0.023556 3.077586 
0.333 2.23 2.67 0.7308 0.6937 0.1874 -0.0028 -0.026173 3.077591 
0.334 2.79 2.79 0.6838 0.6845 0.1882 -0.0028 -0.026173 3.077592 
0.335 1.87 2.69 0.7606 0.6922 0.1890 -0.0028 -0.026173 3.077594 
0.336 2.49 2.76 0.7093 0.6864 0.1896 -0.0029 -0.028790 3.077594 
0.337 2.45 2.10 0.7123 0.7417 0.1902 -0.0029 -0.026173 3.077591 
0.338 2.38 2.91 0.7183 0.6741 0.1910 -0.0029 -0.026173 3.077591 
0.339 2.43 2.42 0.7140 0.7151 0.1919 -0.0029 -0.026173 3.077590 
0.340 2.42 2.58 0.7151 0.7016 0.1925 -0.0029 -0.028790 3.077590 
0.341 2.34 2.70 0.7215 0.6914 0.1931 -0.0030 -0.026173 3.077591 
0.342 3.10 2.64 0.6582 0.6965 0.1939 -0.0030 -0.026173 3.077587 
0.343 1.91 2.74 0.7576 0.6881 0.1947 -0.0030 -0.026173 3.077585 
0.344 2.68 2.08 0.6932 0.7436 0.1953 -0.0030 -0.028790 3.077583 
0.345 2.34 2.87 0.7217 0.6778 0.1959 -0.0030 -0.026173 3.077579 
0.346 2.41 2.36 0.7156 0.7198 0.1967 -0.0031 -0.026173 3.077580 
0.347 2.33 2.65 0.7224 0.6956 0.1973 -0.0031 -0.028790 3.077589 
0.348 2.44 2.73 0.7132 0.6890 0.1981 -0.0031 -0.028790 3.077595 
0.349 2.42 2.64 0.7152 0.6968 0.1990 -0.0031 -0.028790 3.077592 
0.350 2.59 2.71 0.7008 0.6911 0.1996 -0.0031 -0.026173 3.077588 
0.351 2.25 2.00 0.7293 0.7499 0.2002 -0.0032 -0.028790 3.077587 
0.352 2.54 2.56 0.7052 0.7036 0.2010 -0.0032 -0.028790 3.077585 
0.353 2.48 2.44 0.7102 0.7131 0.2018 -0.0032 -0.028790 3.077582 
0.354 2.42 1.89 0.7151 0.7590 0.2024 -0.0032 -0.026173 3.077579 
0.355 2.45 2.72 0.7121 0.6896 0.2030 -0.0032 -0.028790 3.077582 
0.356 2.38 2.68 0.7181 0.6933 0.2038 -0.0033 -0.028790 3.077590 
0.357 2.44 2.79 0.7133 0.6838 0.2046 -0.0033 -0.028790 3.077596 
0.358 2.07 2.70 0.7441 0.6917 0.2052 -0.0033 -0.026173 3.077596 
0.359 2.56 2.52 0.7035 0.7062 0.2058 -0.0033 -0.028790 3.077598 
0.360 2.28 1.87 0.7263 0.7608 0.2067 -0.0033 -0.028790 3.077602 
0.361 2.84 2.21 0.6801 0.7326 0.2075 -0.0034 -0.028790 3.077605 
0.362 2.47 2.62 0.7110 0.6986 0.2081 -0.0034 -0.026173 3.077608 
0.363 2.43 2.68 0.7139 0.6935 0.2087 -0.0034 -0.028790 3.077609 
0.364 2.48 2.74 0.7099 0.6885 0.2095 -0.0034 -0.028790 3.077606 
0.365 2.37 2.65 0.7194 0.6962 0.2103 -0.0034 -0.028790 3.077604 
0.366 2.28 2.91 0.7263 0.6739 0.2109 -0.0035 -0.031408 3.077601 
0.367 1.65 2.40 0.7792 0.7170 0.2115 -0.0035 -0.028790 3.077600 
0.368 2.35 2.53 0.7212 0.7059 0.2123 -0.0035 -0.028790 3.077602 
0.369 3.13 2.05 0.6561 0.7459 0.2131 -0.0035 -0.028790 3.077606 
0.370 1.95 2.60 0.7538 0.6995 0.2138 -0.0035 -0.031408 3.077612 
0.371 2.46 2.70 0.7115 0.6919 0.2144 -0.0036 -0.028790 3.077617 
0.372 2.43 2.63 0.7140 0.6976 0.2152 -0.0036 -0.028790 3.077621 
0.373 2.47 2.67 0.7108 0.6937 0.2160 -0.0036 -0.028790 3.077621 
0.374 2.42 2.30 0.7147 0.7247 0.2166 -0.0036 -0.031408 3.077622 
0.375 2.69 2.56 0.6920 0.7034 0.2172 -0.0036 -0.028790 3.077629 
0.376 1.94 2.18 0.7550 0.7350 0.2180 -0.0037 -0.028790 3.077636 
0.377 2.56 2.53 0.7034 0.7055 0.2188 -0.0037 -0.028790 3.077641 
0.378 2.25 2.65 0.7295 0.6957 0.2194 -0.0037 -0.031408 3.077643 
0.379 2.38 2.59 0.7182 0.7010 0.2200 -0.0037 -0.028790 3.077644 
0.380 2.45 2.68 0.7121 0.6934 0.2209 -0.0037 -0.028790 3.077646 
0.381 2.42 2.56 0.7151 0.7036 0.2217 -0.0038 -0.028790 3.077646 
0.382 2.46 1.86 0.7115 0.7619 0.2223 -0.0038 -0.031408 3.077643 
0.383 2.25 2.79 0.7292 0.6838 0.2231 -0.0038 -0.031408 3.077647 
0.384 2.49 2.14 0.7094 0.7385 0.2237 -0.0038 -0.028790 3.077652 
0.385 1.99 2.86 0.7505 0.6779 0.2245 -0.0039 -0.028790 3.077649 
0.386 2.56 2.66 0.7034 0.6947 0.2251 -0.0039 -0.031408 3.077644 
0.387 2.28 2.70 0.7264 0.6917 0.2259 -0.0039 -0.031408 3.077648 
0.388 2.40 2.60 0.7164 0.6998 0.2265 -0.0039 -0.028790 3.077656 
0.389 2.45 2.69 0.7123 0.6929 0.2273 -0.0039 -0.028790 3.077657 
0.390 2.44 2.53 0.7134 0.7061 0.2280 -0.0040 -0.031408 3.077652 
0.391 2.50 2.61 0.7083 0.6994 0.2288 -0.0040 -0.031408 3.077648 
0.392 2.56 1.95 0.7036 0.7540 0.2294 -0.0040 -0.028790 3.077651 
0.393 2.03 2.61 0.7475 0.6990 0.2302 -0.0040 -0.028790 3.077660 
0.394 1.78 2.61 0.7685 0.6990 0.2308 -0.0040 -0.031408 3.077668 
0.395 2.41 2.52 0.7161 0.7064 0.2316 -0.0041 -0.031408 3.077668 
0.396 2.52 2.64 0.7062 0.6967 0.2322 -0.0041 -0.028790 3.077663 
0.397 2.48 2.48 0.7096 0.7097 0.2330 -0.0041 -0.028790 3.077662 
0.398 2.53 2.62 0.7058 0.6980 0.2336 -0.0041 -0.031408 3.077662 
0.399 2.50 2.03 0.7083 0.7475 0.2344 -0.0042 -0.031408 3.077660 
0.400 2.08 2.84 0.7437 0.6798 0.2350 -0.0042 -0.028790 3.077662 
0.401 2.41 2.69 0.7159 0.6925 0.2357 -0.0042 -0.031408 3.077669 
0.402 -8.25 -8.39 0.6873 0.6989 0.2365 -0.0042 -0.031408 3.077672 
0.403 -8.91 -8.30 0.7428 0.6914 0.2373 -0.0042 -0.031408 3.077664 
0.404 -8.14 -7.75 0.6784 0.6458 0.2379 -0.0043 -0.028790 3.077654 
0.405 -6.86 -7.44 0.5720 0.6204 0.2385 -0.0043 -0.031408 3.077650 
0.406 -6.27 -6.88 0.5224 0.5731 0.2389 -0.0043 -0.031408 3.077651 
0.407 -5.49 -5.59 0.4579 0.4661 0.2395 -0.0043 -0.028790 3.077665 
0.408 -4.88 -4.89 0.4065 0.4076 0.2399 -0.0043 -0.028790 3.077689 
0.409 -4.10 -4.55 0.3415 0.3792 0.2401 -0.0043 -0.031408 3.077662 
0.410 -3.78 -3.91 0.3149 0.3258 0.2403 -0.0043 -0.028790 3.077613 
0.411 -3.12 -3.03 0.2604 0.2527 0.2407 -0.0043 -0.028790 3.077647 
0.412 -2.81 -3.03 0.2345 0.2527 0.2407 -0.0043 -0.028790 3.077703 
0.413 -1.78 -2.19 0.1484 0.1826 0.2407 -0.0043 -0.028790 3.077708 
0.414 -1.70 -2.04 0.1418 0.1704 0.2411 -0.0044 -0.028790 3.077671 
0.415 -1.70 -2.04 0.1418 0.1704 0.2411 -0.0044 -0.028790 3.077611 
0.416 -1.69 -1.71 0.1412 0.1428 0.2411 -0.0044 -0.028790 3.077619 
0.417 -1.26 -1.27 0.1048 0.1057 0.2411 -0.0044 -0.028790 3.077783 
0.418 -1.00 -1.00 0.0833 0.0838 0.2411 -0.0044 -0.028790 3.077994 
0.419 0.85 -0.83 -0.0706 0.0695 0.2409 -0.0044 -0.026173 3.078078 
0.420 0.85 -0.71 -0.0706 0.0593 0.2409 -0.0044 -0.026173 3.078051 
0.421 0.85 -0.62 -0.0706 0.0517 0.2409 -0.0044 -0.026173 3.077986 
0.422 0.85 -0.55 -0.0706 0.0459 0.2409 -0.0044 -0.026173 3.077919 
0.423 0.85 -0.49 -0.0706 0.0412 0.2409 -0.0044 -0.026173 3.077863 
0.424 0.85 -0.45 -0.0706 0.0374 0.2409 -0.0044 -0.026173 3.077835 
0.425 0.79 -0.41 -0.0662 0.0343 0.2409 -0.0044 -0.026173 3.077871 
0.426 0.68 -0.38 -0.0569 0.0316 0.2409 -0.0044 -0.026173 3.077935 
0.427 0.60 -0.35 -0.0499 0.0293 0.2409 -0.0044 -0.026173 3.077963 
0.428 0.53 -0.33 -0.0444 0.0273 0.2409 -0.0044 -0.026173 3.077951 
0.429 0.48 -0.31 -0.0401 0.0256 0.2409 -0.0044 -0.026173 3.077930 
0.430 0.44 -0.29 -0.0365 0.0241 0.2409 -0.0044 -0.026173 3.077915 
0.431 0.40 0.28 -0.0335 -0.0235 0.2407 -0.0044 -0.028790 3.077898 
0.432 0.37 0.28 -0.0309 -0.0235 0.2407 -0.0044 -0.028790 3.077891 
0.433 0.34 0.28 -0.0287 -0.0235 0.2407 -0.0044 -0.028790 3.077911 
0.434 0.32 0.28 -0.0268 -0.0235 0.2407 -0.0044 -0.028790 3.077928 
0.435 0.30 0.28 -0.0252 -0.0235 0.2407 -0.0044 -0.028790 3.077916 
0.436 0.28 0.28 -0.0237 -0.0235 0.2407 -0.0044 -0.028790 3.077890 
0.437 0.27 0.28 -0.0224 -0.0235 0.2407 -0.0044 -0.028790 3.077875 
0.438 0.25 0.28 -0.0212 -0.0235 0.2407 -0.0044 -0.028790 3.077874 
0.439 0.24 0.28 -0.0202 -0.0235 0.2407 -0.0044 -0.028790 3.077866 
0.440 0.23 0.28 -0.0192 -0.0235 0.2407 -0.0044 -0.028790 3.077859 
0.441 0.22 0.28 -0.0183 -0.0235 0.2407 -0.0044 -0.028790 3.077857 
0.442 -0.21 0.28 0.0178 -0.0235 0.2409 -0.0044 -0.031408 3.077859 
0.443 -0.21 0.28 0.0178 -0.0235 0.2409 -0.0044 -0.031408 3.077875 
0.444 -0.21 0.28 0.0178 -0.0235 0.2409 -0.0044 -0.031408 3.077895 
0.445 -0.21 0.28 0.0178 -0.0235 0.2409 -0.0044 -0.031408 3.077927 
0.446 -0.21 0.28 0.0178 -0.0235 0.2409 -0.0044 -0.031408 3.077934 
0.447 -0.21 0.28 0.0178 -0.0235 0.2409 -0.0044 -0.031408 3.077902 
0.448 -0.21 0.28 0.0178 -0.0231 0.2409 -0.0044 -0.031408 3.077865 
0.449 -0.21 0.26 0.0178 -0.0219 0.2409 -0.0044 -0.031408 3.077849 
0.450 -0.21 0.25 0.0178 -0.0207 0.2409 -0.0044 -0.031408 3.077866 
0.451 -0.21 0.24 0.0178 -0.0197 0.2409 -0.0044 -0.031408 3.077891 
0.452 -0.21 0.23 0.0178 -0.0188 0.2409 -0.0044 -0.031408 3.077907 
0.453 -0.21 0.21 0.0178 -0.0180 0.2409 -0.0044 -0.031408 3.077911 
0.454 -0.21 0.21 0.0178 -0.0172 0.2409 -0.0044 -0.031408 3.077909 
0.455 -0.21 0.20 0.0178 -0.0165 0.2409 -0.0044 -0.031408 3.077896 
0.456 -0.21 0.19 0.0178 -0.0159 0.2409 -0.0044 -0.031408 3.077882 
0.457 -0.21 0.18 0.0178 -0.0153 0.2409 -0.0044 -0.031408 3.077886 
0.458 -0.21 0.18 0.0178 -0.0147 0.2409 -0.0044 -0.031408 3.077905 
0.459 -0.21 0.17 0.0178 -0.0142 0.2409 -0.0044 -0.031408 3.077929 
0.460 -0.21 0.16 0.0178 -0.0137 0.2409 -0.0044 -0.031408 3.077940 
0.461 -0.21 0.16 0.0178 -0.0133 0.2409 -0.0044 -0.031408 3.077927 
0.462 -0.21 0.15 0.0178 -0.0129 0.2409 -0.0044 -0.031408 3.077909 
0.463 -0.21 0.15 0.0178 -0.0125 0.2409 -0.0044 -0.031408 3.077898 
0.464 -0.21 0.14 0.0178 -0.0121 0.2409 -0.0044 -0.031408 3.077891 
0.465 -0.21 0.14 0.0174 -0.0117 0.2409 -0.0044 -0.031408 3.077886 
0.466 -0.20 0.14 0.0167 -0.0114 0.2409 -0.0044 -0.031408 3.077879 
0.467 -0.19 0.13 0.0160 -0.0111 0.2409 -0.0044 -0.031408 3.077879 
0.468 -0.18 0.13 0.0154 -0.0108 0.2409 -0.0044 -0.031408 3.077891 
0.469 -0.18 0.13 0.0149 -0.0105 0.2409 -0.0044 -0.031408 3.077904 
0.470 -0.17 0.12 0.0143 -0.0103 0.2409 -0.0044 -0.031408 3.077909 
0.471 -0.17 0.12 0.0138 -0.0100 0.2409 -0.0044 -0.031408 3.077900 
0.472 -0.16 0.12 0.0134 -0.0098 0.2409 -0.0044 -0.031408 3.077890 
0.473 -0.15 0.11 0.0130 -0.0095 0.2409 -0.0044 -0.031408 3.077894 
0.474 -0.15 0.11 0.0126 -0.0093 0.2409 -0.0044 -0.031408 3.077905 
0.475 -0.15 0.11 0.0122 -0.0091 0.2409 -0.0044 -0.031408 3.077916 
0.476 -0.14 0.11 0.0118 -0.0089 0.2409 -0.0044 -0.031408 3.077919 
0.477 -0.14 0.10 0.0115 -0.0087 0.2409 -0.0044 -0.031408 3.077921 
0.478 -0.13 0.10 0.0112 -0.0085 0.2409 -0.0044 -0.031408 3.077928 
0.479 -0.13 0.10 0.0109 -0.0084 0.2409 -0.0044 -0.031408 3.077923 
0.480 -0.13 0.10 0.0106 -0.0082 0.2409 -0.0044 -0.031408 3.077919 
0.481 -0.12 0.10 0.0103 -0.0080 0.2409 -0.0044 -0.031408 3.077919 
0.482 -0.12 0.09 0.0101 -0.0079 0.2409 -0.0044 -0.031408 3.077910 
0.483 -0.12 0.09 0.0098 -0.0077 0.2409 -0.0044 -0.031408 3.077908 
0.484 -0.12 0.09 0.0096 -0.0076 0.2409 -0.0044 -0.031408 3.077914 
0.485 -0.11 0.09 0.0094 -0.0074 0.2409 -0.0044 -0.031408 3.077920 
0.486 -0.11 0.09 0.0092 -0.0073 0.2409 -0.0044 -0.031408 3.077917 
0.487 -0.11 0.09 0.0090 -0.0072 0.2409 -0.0044 -0.031408 3.077907 
0.488 -0.10 0.08 0.0088 -0.0070 0.2409 -0.0044 -0.031408 3.077905 
0.489 -0.10 0.08 0.0086 -0.0069 0.2409 -0.0044 -0.031408 3.077911 
0.490 -0.10 0.08 0.0084 -0.0068 0.2409 -0.0044 -0.031408 3.077917 
0.491 -0.10 0.08 0.0082 -0.0067 0.2409 -0.0044 -0.031408 3.077918 
0.492 -0.10 0.08 0.0081 -0.0066 0.2409 -0.0044 -0.031408 3.077919 
0.493 -0.09 0.08 0.0079 -0.0065 0.2409 -0.0044 -0.031408 3.077923 
0.494 -0.09 0.08 0.0078 -0.0064 0.2409 -0.0044 -0.031408 3.077927 
0.495 -0.09 0.07 0.0076 -0.0063 0.2409 -0.0044 -0.031408 3.077928 
0.496 -0.09 0.07 0.0075 -0.0062 0.2409 -0.0044 -0.031408 3.077924 
0.497 -0.09 0.07 0.0073 -0.0061 0.2409 -0.0044 -0.031408 3.077921 
0.498 -0.09 0.07 0.0072 -0.0060 0.2409 -0.0044 -0.031408 3.077924 
0.499 -0.08 0.07 0.0071 -0.0059 0.2409 -0.0044 -0.031408 3.077927 
0.500 -0.08 0.07 0.0070 -0.0058 0.2409 -0.0044 -0.031408 3.077925 
0.501 -0.08 0.07 0.0068 -0.0057 0.2409 -0.0044 -0.031408 3.077917 
0.502 -0.08 0.07 0.0067 -0.0057 0.2409 -0.0044 -0.031408 3.077907 
0.503 -0.08 0.07 0.0066 -0.0056 0.2409 -0.0044 -0.031408 3.077902 
0.504 -0.08 0.07 0.0065 -0.0055 0.2409 -0.0044 -0.031408 3.077900 
0.505 -0.08 0.07 0.0064 -0.0054 0.2409 -0.0044 -0.031408 3.077905 
0.506 -0.07 0.06 0.0063 -0.0054 0.2409 -0.0044 -0.031408 3.077910 
0.507 -0.07 0.06 0.0062 -0.0053 0.2409 -0.0044 -0.031408 3.077912 
0.508 -0.07 0.06 0.0061 -0.0052 0.2409 -0.0044 -0.031408 3.077915 
0.509 -0.07 0.06 0.0060 -0.0052 0.2409 -0.0044 -0.031408 3.077919 
0.510 -0.07 0.06 0.0059 -0.0051 0.2409 -0.0044 -0.031408 3.077921 
0.511 -0.07 0.06 0.0059 -0.0050 0.2409 -0.0044 -0.031408 3.077919 
0.512 -0.07 0.06 0.0058 -0.0050 0.2409 -0.0044 -0.031408 3.077913 
0.513 -0.07 0.06 0.0057 -0.0049 0.2409 -0.0044 -0.031408 3.077911 
0.514 -0.07 0.06 0.0056 -0.0049 0.2409 -0.0044 -0.031408 3.077912 
0.515 -0.07 0.06 0.0055 -0.0048 0.2409 -0.0044 -0.031408 3.077912 
0.516 -0.07 0.06 0.0055 -0.0047 0.2409 -0.0044 -0.031408 3.077914 
0.517 -0.06 0.06 0.0054 -0.0047 0.2409 -0.0044 -0.031408 3.077917 
0.518 -0.06 0.06 0.0053 -0.0046 0.2409 -0.0044 -0.031408 3.077917 
0.519 -0.06 0.05 0.0052 -0.0046 0.2409 -0.0044 -0.031408 3.077916 
0.520 -0.06 0.05 0.0052 -0.0045 0.2409 -0.0044 -0.031408 3.077918 
0.521 -0.06 0.05 0.0051 -0.0045 0.2409 -0.0044 -0.031408 3.077919 
0.522 -0.06 0.05 0.0051 -0.0044 0.2409 -0.0044 -0.031408 3.077918 
0.523 -0.06 0.05 0.0050 -0.0044 0.2409 -0.0044 -0.031408 3.077916 
0.524 -0.06 0.05 0.0049 -0.0043 0.2409 -0.0044 -0.031408 3.077914 
0.525 -0.06 0.05 0.0049 -0.0043 0.2409 -0.0044 -0.031408 3.077911 
0.526 -0.06 0.05 0.0048 -0.0042 0.2409 -0.0044 -0.031408 3.077909 
0.527 -0.06 0.05 0.0048 -0.0042 0.2409 -0.0044 -0.031408 3.077911 
0.528 -0.06 0.05 0.0047 -0.0042 0.2409 -0.0044 -0.031408 3.077913 
0.529 -0.06 0.05 0.0046 -0.0041 0.2409 -0.0044 -0.031408 3.077910 
0.530 -0.06 0.05 0.0046 -0.0041 0.2409 -0.0044 -0.031408 3.077907 
0.531 -0.05 0.05 0.0045 -0.0040 0.2409 -0.0044 -0.031408 3.077906 
0.532 -0.05 0.05 0.0045 -0.0040 0.2409 -0.0044 -0.031408 3.077908 
0.533 -0.05 0.05 0.0044 -0.0040 0.2409 -0.0044 -0.031408 3.077908 
0.534 -0.05 0.05 0.0044 -0.0039 0.2409 -0.0044 -0.031408 3.077905 
0.535 -0.05 0.05 0.0043 -0.0039 0.2409 -0.0044 -0.031408 3.077900 
0.536 -0.05 0.05 0.0043 -0.0038 0.2409 -0.0044 -0.031408 3.077890 
0.537 -0.05 0.04 0.0043 -0.0038 0.2409 -0.0044 -0.031408 3.077879 
0.538 -0.05 0.04 0.0042 -0.0038 0.2409 -0.0044 -0.031408 3.077871 
0.539 -0.05 0.04 0.0042 -0.0037 0.2409 -0.0044 -0.031408 3.077870 
0.540 -0.05 0.04 0.0041 -0.0037 0.2409 -0.0044 -0.031408 3.077874 
0.541 -0.05 0.04 0.0041 -0.0037 0.2409 -0.0044 -0.031408 3.077876 
0.542 -0.05 0.04 0.0040 -0.0036 0.2409 -0.0044 -0.031408 3.077874 
0.543 -0.05 0.04 0.0040 -0.0036 0.2409 -0.0044 -0.031408 3.077876 
0.544 -0.05 0.04 0.0040 -0.0036 0.2409 -0.0044 -0.031408 3.077879 
0.545 -0.05 0.04 0.0039 -0.0035 0.2409 -0.0044 -0.031408 3.077878 
0.546 -0.05 0.04 0.0039 -0.0035 0.2409 -0.0044 -0.031408 3.077875 
0.547 -0.05 0.04 0.0039 -0.0035 0.2409 -0.0044 -0.031408 3.077873 
0.548 -0.04 0.04 0.0038 -0.0035 0.2409 -0.0044 -0.031408 3.077873 
0.549 -0.04 0.04 0.0038 -0.0034 0.2409 -0.0044 -0.031408 3.077873 
0.550 -0.04 0.04 0.0037 -0.0034 0.2409 -0.0044 -0.031408 3.077876 
0.551 -0.04 0.04 0.0037 -0.0034 0.2409 -0.0044 -0.031408 3.077879 
0.552 -0.04 0.04 0.0037 -0.0033 0.2409 -0.0044 -0.031408 3.077881 
0.553 -0.04 0.04 0.0036 -0.0033 0.2409 -0.0044 -0.031408 3.077882 
0.554 -0.04 0.04 0.0036 -0.0033 0.2409 -0.0044 -0.031408 3.077885 
0.555 -0.04 0.04 0.0036 -0.0033 0.2409 -0.0044 -0.031408 3.077888 
0.556 -0.04 0.04 0.0035 -0.0032 0.2409 -0.0044 -0.031408 3.077888 
0.557 -0.04 0.04 0.0035 -0.0032 0.2409 -0.0044 -0.031408 3.077888 
0.558 -0.04 0.04 0.0035 -0.0032 0.2409 -0.0044 -0.031408 3.077887 
0.559 -0.04 0.04 0.0035 -0.0032 0.2409 -0.0044 -0.031408 3.077885 
0.560 -0.04 0.04 0.0034 -0.0031 0.2409 -0.0044 -0.031408 3.077882 
0.561 -0.04 0.04 0.0034 -0.0031 0.2409 -0.0044 -0.031408 3.077879 
0.562 -0.04 0.04 0.0034 -0.0031 0.2409 -0.0044 -0.031408 3.077879 
0.563 -0.04 0.04 0.0033 -0.0031 0.2409 -0.0044 -0.031408 3.077882 
0.564 -0.04 0.04 0.0033 -0.0030 0.2409 -0.0044 -0.031408 3.077885 
0.565 -0.04 0.04 0.0033 -0.0030 0.2409 -0.0044 -0.031408 3.077886 
0.566 -0.04 0.04 0.0033 -0.0030 0.2409 -0.0044 -0.031408 3.077888 
0.567 -0.04 0.04 0.0032 -0.0030 0.2409 -0.0044 -0.031408 3.077891 
0.568 -0.04 0.04 0.0032 -0.0029 0.2409 -0.0044 -0.031408 3.077891 
0.569 -0.04 0.04 0.0032 -0.0029 0.2409 -0.0044 -0.031408 3.077888 
0.570 -0.04 0.03 0.0032 -0.0029 0.2409 -0.0044 -0.031408 3.077883 
0.571 -0.04 0.03 0.0031 -0.0029 0.2409 -0.0044 -0.031408 3.077880 
0.572 -0.04 0.03 0.0031 -0.0029 0.2409 -0.0044 -0.031408 3.077879 
0.573 -0.04 0.03 0.0031 -0.0028 0.2409 -0.0044 -0.031408 3.077878 
0.574 -0.04 0.03 0.0031 -0.0028 0.2409 -0.0044 -0.031408 3.077876 
0.575 -0.04 0.03 0.0030 -0.0028 0.2409 -0.0044 -0.031408 3.077875 
0.576 -0.04 0.03 0.0030 -0.0028 0.2409 -0.0044 -0.031408 3.077873 
0.577 -0.04 0.03 0.0030 -0.0028 0.2409 -0.0044 -0.031408 3.077873 
0.578 -0.04 0.03 0.0030 -0.0027 0.2409 -0.0044 -0.031408 3.077873 
0.579 -0.04 0.03 0.0030 -0.0027 0.2409 -0.0044 -0.031408 3.077877 
0.580 -0.04 0.03 0.0029 -0.0027 0.2409 -0.0044 -0.031408 3.077884 
0.581 -0.03 0.03 0.0029 -0.0027 0.2409 -0.0044 -0.031408 3.077887 
0.582 -0.03 0.03 0.0029 -0.0027 0.2409 -0.0044 -0.031408 3.077886 
0.583 -0.03 0.03 0.0029 -0.0027 0.2409 -0.0044 -0.031408 3.077883 
0.584 -0.03 0.03 0.0029 -0.0026 0.2409 -0.0044 -0.031408 3.077882 
0.585 -0.03 0.03 0.0028 -0.0026 0.2409 -0.0044 -0.031408 3.077881 
0.586 -0.03 0.03 0.0028 -0.0026 0.2409 -0.0044 -0.031408 3.077883 
0.587 -0.03 0.03 0.0028 -0.0026 0.2409 -0.0044 -0.031408 3.077885 
0.588 -0.03 0.03 0.0028 -0.0026 0.2409 -0.0044 -0.031408 3.077884 
0.589 -0.03 0.03 0.0028 -0.0026 0.2409 -0.0044 -0.031408 3.077883 
0.590 -0.03 0.03 0.0027 -0.0025 0.2409 -0.0044 -0.031408 3.077881 
0.591 -0.03 0.03 0.0027 -0.0025 0.2409 -0.0044 -0.031408 3.077877 
0.592 -0.03 0.03 0.0027 -0.0025 0.2409 -0.0044 -0.031408 3.077872 
0.593 -0.03 0.03 0.0027 -0.0025 0.2409 -0.0044 -0.031408 3.077863 
0.594 -0.03 0.03 0.0027 -0.0025 0.2409 -0.0044 -0.031408 3.077856 
0.595 -0.03 0.03 0.0026 -0.0025 0.2409 -0.0044 -0.031408 3.077852 
0.596 -0.03 0.03 0.0026 -0.0025 0.2409 -0.0044 -0.031408 3.077852 
0.597 -0.03 0.03 0.0026 -0.0024 0.2409 -0.0044 -0.031408 3.077855 
0.598 -0.03 0.03 0.0026 -0.0024 0.2409 -0.0044 -0.031408 3.077859 
0.599 -0.03 0.03 0.0026 -0.0024 0.2409 -0.0044 -0.031408 3.077862 
0.600 -0.03 0.03 0.0026 -0.0024 0.2409 -0.0044 -0.031408 3.077862 
0.601 -0.03 0.03 0.0025 -0.0024 0.2409 -0.0044 -0.031408 3.077862 
0.602 -0.03 0.03 0.0025 -0.0024 0.2409 -0.0044 -0.031408 3.077859 
0.603 -0.03 0.03 0.0025 -0.0024 0.2409 -0.0044 -0.031408 3.077857 
0.604 -0.03 0.03 0.0025 -0.0023 0.2409 -0.0044 -0.031408 3.077855 
0.605 -0.03 0.03 0.0025 -0.0023 0.2409 -0.0044 -0.031408 3.077850 
0.606 -0.03 0.03 0.0025 -0.0023 0.2409 -0.0044 -0.031408 3.077847 
0.607 -0.03 0.03 0.0025 -0.0023 0.2409 -0.0044 -0.031408 3.077845 
0.608 -0.03 0.03 0.0024 -0.0023 0.2409 -0.0044 -0.031408 3.077842 
0.609 -0.03 0.03 0.0024 -0.0023 0.2409 -0.0044 -0.031408 3.077839 
0.610 -0.03 0.03 0.0024 -0.0023 0.2409 -0.0044 -0.031408 3.077843 
0.611 -0.03 0.03 0.0024 -0.0022 0.2409 -0.0044 -0.031408 3.077847 
0.612 -0.03 0.03 0.0024 -0.0022 0.2409 -0.0044 -0.031408 3.077846 
0.613 -0.03 0.03 0.0024 -0.0022 0.2409 -0.0044 -0.031408 3.077845 
0.614 -0.03 0.03 0.0024 -0.0022 0.2409 -0.0044 -0.031408 3.077846 
0.615 -0.03 0.03 0.0023 -0.0022 0.2409 -0.0044 -0.031408 3.077848 
0.616 -0.03 0.03 0.0023 -0.0022 0.2409 -0.0044 -0.031408 3.077847 
0.617 -0.03 0.03 0.0023 -0.0022 0.2409 -0.0044 -0.031408 3.077844 
0.618 -0.03 0.03 0.0023 -0.0022 0.2409 -0.0044 -0.031408 3.077840 
0.619 -0.03 0.03 0.0023 -0.0022 0.2409 -0.0044 -0.031408 3.077835 
0.620 -0.03 0.03 0.0023 -0.0021 0.2409 -0.0044 -0.031408 3.077831 
0.621 -0.03 0.03 0.0023 -0.0021 0.2409 -0.0044 -0.031408 3.077830 
0.622 -0.03 0.03 0.0022 -0.0021 0.2409 -0.0044 -0.031408 3.077828 
0.623 -0.03 0.03 0.0022 -0.0021 0.2409 -0.0044 -0.031408 3.077828 
0.624 -0.03 0.03 0.0022 -0.0021 0.2409 -0.0044 -0.031408 3.077830 
0.625 -0.03 0.03 0.0022 -0.0021 0.2409 -0.0044 -0.031408 3.077830 
0.626 -0.03 0.02 0.0022 -0.0021 0.2409 -0.0044 -0.031408 3.077828 
0.627 -0.03 0.02 0.0022 -0.0021 0.2409 -0.0044 -0.031408 3.077829 
0.628 -0.03 0.02 0.0022 -0.0021 0.2409 -0.0044 -0.031408 3.077829 
0.629 -0.03 0.02 0.0022 -0.0020 0.2409 -0.0044 -0.031408 3.077826 
0.630 -0.03 0.02 0.0022 -0.0020 0.2409 -0.0044 -0.031408 3.077822 
0.631 -0.03 0.02 0.0021 -0.0020 0.2409 -0.0044 -0.031408 3.077820 
0.632 -0.03 0.02 0.0021 -0.0020 0.2409 -0.0044 -0.031408 3.077821 
0.633 -0.03 0.02 0.0021 -0.0020 0.2409 -0.0044 -0.031408 3.077824 
0.634 -0.03 0.02 0.0021 -0.0020 0.2409 -0.0044 -0.031408 3.077827 
0.635 -0.03 0.02 0.0021 -0.0020 0.2409 -0.0044 -0.031408 3.077828 
0.636 -0.03 0.02 0.0021 -0.0020 0.2409 -0.0044 -0.031408 3.077831 
0.637 -0.02 0.02 0.0021 -0.0020 0.2409 -0.0044 -0.031408 3.077834 
0.638 -0.02 0.02 0.0021 -0.0020 0.2409 -0.0044 -0.031408 3.077836 
0.639 -0.02 0.02 0.0021 -0.0019 0.2409 -0.0044 -0.031408 3.077836 
0.640 -0.02 0.02 0.0020 -0.0019 0.2409 -0.0044 -0.031408 3.077837 
0.641 -0.02 0.02 0.0020 -0.0019 0.2409 -0.0044 -0.031408 3.077840 
0.642 -0.02 0.02 0.0020 -0.0019 0.2409 -0.0044 -0.031408 3.077844 
0.643 -0.02 0.02 0.0020 -0.0019 0.2409 -0.0044 -0.031408 3.077846 
0.644 -0.02 0.02 0.0020 -0.0019 0.2409 -0.0044 -0.031408 3.077847 
0.645 -0.02 0.02 0.0020 -0.0019 0.2409 -0.0044 -0.031408 3.077848 
0.646 -0.02 0.02 0.0020 -0.0019 0.2409 -0.0044 -0.031408 3.077846 
0.647 -0.02 0.02 0.0020 -0.0019 0.2409 -0.0044 -0.031408 3.077845 
0.648 -0.02 0.02 0.0020 -0.0019 0.2409 -0.0044 -0.031408 3.077844 
0.649 -0.02 0.02 0.0020 -0.0019 0.2409 -0.0044 -0.031408 3.077842 
0.650 -0.02 0.02 0.0019 -0.0018 0.2409 -0.0044 -0.031408 3.077838 
0.651 -0.02 0.02 0.0019 -0.0018 0.2409 -0.0044 -0.031408 3.077835 
0.652 -0.02 0.02 0.0019 -0.0018 0.2409 -0.0044 -0.031408 3.077832 
0.653 -0.02 0.02 0.0019 -0.0018 0.2409 -0.0044 -0.031408 3.077831 
0.654 -0.02 0.02 0.0019 -0.0018 0.2409 -0.0044 -0.031408 3.077829 
0.655 -0.02 0.02 0.0019 -0.0018 0.2409 -0.0044 -0.031408 3.077828 
0.656 -0.02 0.02 0.0019 -0.0018 0.2409 -0.0044 -0.031408 3.077828 
0.657 -0.02 0.02 0.0019 -0.0018 0.2409 -0.0044 -0.031408 3.077829 
0.658 -0.02 0.02 0.0019 -0.0018 0.2409 -0.0044 -0.031408 3.077831 
0.659 -0.02 0.02 0.0019 -0.0018 0.2409 -0.0044 -0.031408 3.077831 
0.660 -0.02 0.02 0.0019 -0.0018 0.2409 -0.0044 -0.031408 3.077832 
0.661 -0.02 0.02 0.0018 -0.0018 0.2409 -0.0044 -0.031408 3.077831 
0.662 -0.02 0.02 0.0018 -0.0018 0.2409 -0.0044 -0.031408 3.077828 
0.663 -0.02 0.02 0.0018 -0.0017 0.2409 -0.0044 -0.031408 3.077830 
0.664 -0.02 0.02 0.0018 -0.0017 0.2409 -0.0044 -0.031408 3.077834 
0.665 -0.02 0.02 0.0018 -0.0017 0.2409 -0.0044 -0.031408 3.077833 
0.666 -0.02 0.02 0.0018 -0.0017 0.2409 -0.0044 -0.031408 3.077827 
0.667 -0.02 0.02 0.0018 -0.0017 0.2409 -0.0044 -0.031408 3.077822 
0.668 -0.02 0.02 0.0018 -0.0017 0.2409 -0.0044 -0.031408 3.077821 
0.669 -0.02 0.02 0.0018 -0.0017 0.2409 -0.0044 -0.031408 3.077822 
0.670 -0.02 0.02 0.0018 -0.0017 0.2409 -0.0044 -0.031408 3.077821 
0.671 -0.02 0.02 0.0018 -0.0017 0.2409 -0.0044 -0.031408 3.077816 
0.672 -0.02 0.02 0.0018 -0.0017 0.2409 -0.0044 -0.031408 3.077813 
0.673 -0.02 0.02 0.0018 -0.0017 0.2409 -0.0044 -0.031408 3.077810 
0.674 -0.02 0.02 0.0017 -0.0017 0.2409 -0.0044 -0.031408 3.077808 
0.675 -0.02 0.02 0.0017 -0.0017 0.2409 -0.0044 -0.031408 3.077807 
0.676 -0.02 0.02 0.0017 -0.0017 0.2409 -0.0044 -0.031408 3.077807 
0.677 -0.02 0.02 0.0017 -0.0016 0.2409 -0.0044 -0.031408 3.077807 
0.678 -0.02 0.02 0.0017 -0.0016 0.2409 -0.0044 -0.031408 3.077806 
0.679 -0.02 0.02 0.0017 -0.0016 0.2409 -0.0044 -0.031408 3.077807 
0.680 -0.02 0.02 0.0017 -0.0016 0.2409 -0.0044 -0.031408 3.077809 
0.681 -0.02 0.02 0.0017 -0.0016 0.2409 -0.0044 -0.031408 3.077810 
0.682 -0.02 0.02 0.0017 -0.0016 0.2409 -0.0044 -0.031408 3.077811 
0.683 -0.02 0.02 0.0017 -0.0016 0.2409 -0.0044 -0.031408 3.077812 
0.684 -0.02 0.02 0.0017 -0.0016 0.2409 -0.0044 -0.031408 3.077810 
0.685 -0.02 0.02 0.0017 -0.0016 0.2409 -0.0044 -0.031408 3.077807 
0.686 -0.02 0.02 0.0017 -0.0016 0.2409 -0.0044 -0.031408 3.077804 
0.687 -0.02 0.02 0.0017 -0.0016 0.2409 -0.0044 -0.031408 3.077804 
0.688 -0.02 0.02 0.0016 -0.0016 0.2409 -0.0044 -0.031408 3.077803 
0.689 -0.02 0.02 0.0016 -0.0016 0.2409 -0.0044 -0.031408 3.077802 
0.690 -0.02 0.02 0.0016 -0.0016 0.2409 -0.0044 -0.031408 3.077808 
0.691 -0.02 0.02 0.0016 -0.0016 0.2409 -0.0044 -0.031408 3.077813 
0.692 -0.02 0.02 0.0016 -0.0016 0.2409 -0.0044 -0.031408 3.077811 
0.693 -0.02 0.02 0.0016 -0.0015 0.2409 -0.0044 -0.031408 3.077805 
0.694 -0.02 0.02 0.0016 -0.0015 0.2409 -0.0044 -0.031408 3.077800 
0.695 -0.02 0.02 0.0016 -0.0015 0.2409 -0.0044 -0.031408 3.077796 
0.696 -0.02 0.02 0.0016 -0.0015 0.2409 -0.0044 -0.031408 3.077793 
0.697 -0.02 0.02 0.0016 -0.0015 0.2409 -0.0044 -0.031408 3.077790 
0.698 -0.02 0.02 0.0016 -0.0015 0.2409 -0.0044 -0.031408 3.077787 
0.699 -0.02 0.02 0.0016 -0.0015 0.2409 -0.0044 -0.031408 3.077784 
0.700 -0.02 0.02 0.0016 -0.0015 0.2409 -0.0044 -0.031408 3.077777 
0.701 -0.02 0.02 0.0016 -0.0015 0.2409 -0.0044 -0.031408 3.077770 
0.702 -0.02 0.02 0.0016 -0.0015 0.2409 -0.0044 -0.031408 3.077768 
0.703 -0.02 0.02 0.0016 -0.0015 0.2409 -0.0044 -0.031408 3.077769 
0.704 -0.02 0.02 0.0015 -0.0015 0.2409 -0.0044 -0.031408 3.077771 
0.705 -0.02 0.02 0.0015 -0.0015 0.2409 -0.0044 -0.031408 3.077772 
0.706 -0.02 0.02 0.0015 -0.0015 0.2409 -0.0044 -0.031408 3.077771 
0.707 -0.02 0.02 0.0015 -0.0015 0.2409 -0.0044 -0.031408 3.077771 
0.708 -0.02 0.02 0.0015 -0.0015 0.2409 -0.0044 -0.031408 3.077769 
0.709 -0.02 0.02 0.0015 -0.0015 0.2409 -0.0044 -0.031408 3.077766 
0.710 -0.02 0.02 0.0015 -0.0015 0.2409 -0.0044 -0.031408 3.077764 
0.711 -0.02 0.02 0.0015 -0.0014 0.2409 -0.0044 -0.031408 3.077764 
0.712 -0.02 0.02 0.0015 -0.0014 0.2409 -0.0044 -0.031408 3.077762 
0.713 -0.02 0.02 0.0015 -0.0014 0.2409 -0.0044 -0.031408 3.077759 
0.714 -0.02 0.02 0.0015 -0.0014 0.2409 -0.0044 -0.031408 3.077758 
0.715 -0.02 0.02 0.0015 -0.0014 0.2409 -0.0044 -0.031408 3.077760 
0.716 -0.02 0.02 0.0015 -0.0014 0.2409 -0.0044 -0.031408 3.077763 
0.717 -0.02 0.02 0.0015 -0.0014 0.2409 -0.0044 -0.031408 3.077766 
0.718 -0.02 0.02 0.0015 -0.0014 0.2409 -0.0044 -0.031408 3.077768 
0.719 -0.02 0.02 0.0015 -0.0014 0.2409 -0.0044 -0.031408 3.077768 
0.720 -0.02 0.02 0.0015 -0.0014 0.2409 -0.0044 -0.031408 3.077765 
0.721 -0.02 0.02 0.0015 -0.0014 0.2409 -0.0044 -0.031408 3.077763 
0.722 -0.02 0.02 0.0014 -0.0014 0.2409 -0.0044 -0.031408 3.077763 
0.723 -0.02 0.02 0.0014 -0.0014 0.2409 -0.0044 -0.031408 3.077765 
0.724 -0.02 0.02 0.0014 -0.0014 0.2409 -0.0044 -0.031408 3.077768 
0.725 -0.02 0.02 0.0014 -0.0014 0.2409 -0.0044 -0.031408 3.077768 
0.726 -0.02 0.02 0.0014 -0.0014 0.2409 -0.0044 -0.031408 3.077766 
0.727 -0.02 0.02 0.0014 -0.0014 0.2409 -0.0044 -0.031408 3.077764 
0.728 -0.02 0.02 0.0014 -0.0014 0.2409 -0.0044 -0.031408 3.077763 
0.729 -0.02 0.02 0.0014 -0.0014 0.2409 -0.0044 -0.031408 3.077759 
0.730 -0.02 0.02 0.0014 -0.0014 0.2409 -0.0044 -0.031408 3.077754 
0.731 -0.02 0.02 0.0014 -0.0013 0.2409 -0.0044 -0.031408 3.077751 
0.732 -0.02 0.02 0.0014 -0.0013 0.2409 -0.0044 -0.031408 3.077754 
0.733 -0.02 0.02 0.0014 -0.0013 0.2409 -0.0044 -0.031408 3.077757 
0.734 -0.02 0.02 0.0014 -0.0013 0.2409 -0.0044 -0.031408 3.077756 
0.735 -0.02 0.01 0.0014 -0.0013 0.2409 -0.0044 -0.031408 3.077754 
0.736 -0.02 0.01 0.0014 -0.0013 0.2409 -0.0044 -0.031408 3.077754 
0.737 -0.02 0.01 0.0014 -0.0013 0.2409 -0.0044 -0.031408 3.077754 
0.738 -0.02 0.01 0.0014 -0.0013 0.2409 -0.0044 -0.031408 3.077756 
0.739 -0.02 0.01 0.0014 -0.0013 0.2409 -0.0044 -0.031408 3.077760 
0.740 -0.02 0.01 0.0014 -0.0013 0.2409 -0.0044 -0.031408 3.077764 
0.741 -0.02 0.01 0.0014 -0.0013 0.2409 -0.0044 -0.031408 3.077765 
0.742 -0.02 0.01 0.0014 -0.0013 0.2409 -0.0044 -0.031408 3.077760 
0.743 -0.02 0.01 0.0013 -0.0013 0.2409 -0.0044 -0.031408 3.077757 
0.744 -0.02 0.01 0.0013 -0.0013 0.2409 -0.0044 -0.031408 3.077757 
0.745 -0.02 0.01 0.0013 -0.0013 0.2409 -0.0044 -0.031408 3.077755 
0.746 -0.01 0.01 0.0013 -0.0013 0.2409 -0.0044 -0.031408 3.077752 
0.747 -0.01 0.01 0.0013 -0.0013 0.2409 -0.0044 -0.031408 3.077749 
0.748 -0.01 0.01 0.0013 -0.0013 0.2409 -0.0044 -0.031408 3.077745 
0.749 -0.01 0.01 0.0013 -0.0013 0.2409 -0.0044 -0.031408 3.077741 
0.750 -0.01 0.01 0.0013 -0.0013 0.2409 -0.0044 -0.031408 3.077738 
0.751 -0.01 0.01 0.0013 -0.0013 0.2409 -0.0044 -0.031408 3.077735 
0.752 -0.01 0.01 0.0013 -0.0013 0.2409 -0.0044 -0.031408 3.077732 
0.753 -0.01 0.01 0.0013 -0.0013 0.2409 -0.0044 -0.031408 3.077730 
0.754 -0.01 0.01 0.0013 -0.0013 0.2409 -0.0044 -0.031408 3.077728 
0.755 -0.01 0.01 0.0013 -0.0012 0.2409 -0.0044 -0.031408 3.077726 
0.756 -0.01 0.01 0.0013 -0.0012 0.2409 -0.0044 -0.031408 3.077726 
0.757 -0.01 0.01 0.0013 -0.0012 0.2409 -0.0044 -0.031408 3.077726 
0.758 -0.01 0.01 0.0013 -0.0012 0.2409 -0.0044 -0.031408 3.077723 
0.759 -0.01 0.01 0.0013 -0.0012 0.2409 -0.0044 -0.031408 3.077721 
0.760 -0.01 0.01 0.0013 -0.0012 0.2409 -0.0044 -0.031408 3.077728 
0.761 -0.01 0.01 0.0013 -0.0012 0.2409 -0.0044 -0.031408 3.077739 
0.762 -0.01 0.01 0.0013 -0.0012 0.2409 -0.0044 -0.031408 3.077744 
0.763 -0.01 0.01 0.0013 -0.0012 0.2409 -0.0044 -0.031408 3.077744 
0.764 -0.01 0.01 0.0013 -0.0012 0.2409 -0.0044 -0.031408 3.077743 
0.765 -0.01 0.01 0.0013 -0.0012 0.2409 -0.0044 -0.031408 3.077742 
0.766 -0.01 0.01 0.0013 -0.0012 0.2409 -0.0044 -0.031408 3.077741 
0.767 -0.01 0.01 0.0012 -0.0012 0.2409 -0.0044 -0.031408 3.077740 
0.768 -0.01 0.01 0.0012 -0.0012 0.2409 -0.0044 -0.031408 3.077739 
0.769 -0.01 0.01 0.0012 -0.0012 0.2409 -0.0044 -0.031408 3.077735 
0.770 -0.01 0.01 0.0012 -0.0012 0.2409 -0.0044 -0.031408 3.077731 
0.771 -0.01 0.01 0.0012 -0.0012 0.2409 -0.0044 -0.031408 3.077726 
0.772 -0.01 0.01 0.0012 -0.0012 0.2409 -0.0044 -0.031408 3.077723 
0.773 -0.01 0.01 0.0012 -0.0012 0.2409 -0.0044 -0.031408 3.077723 
0.774 -0.01 0.01 0.0012 -0.0012 0.2409 -0.0044 -0.031408 3.077724 
0.775 -0.01 0.01 0.0012 -0.0012 0.2409 -0.0044 -0.031408 3.077724 
0.776 -0.01 0.01 0.0012 -0.0012 0.2409 -0.0044 -0.031408 3.077724 
0.777 -0.01 0.01 0.0012 -0.0012 0.2409 -0.0044 -0.031408 3.077723 
0.778 -0.01 0.01 0.0012 -0.0012 0.2409 -0.0044 -0.031408 3.077723 
0.779 -0.01 0.01 0.0012 -0.0012 0.2409 -0.0044 -0.031408 3.077723 
0.780 -0.01 0.01 0.0012 -0.0012 0.2409 -0.0044 -0.031408 3.077726 
0.781 -0.01 0.01 0.0012 -0.0012 0.2409 -0.0044 -0.031408 3.077730 
0.782 -0.01 0.01 0.0012 -0.0012 0.2409 -0.0044 -0.031408 3.077729 
0.783 -0.01 0.01 0.0012 -0.0012 0.2409 -0.0044 -0.031408 3.077726 
0.784 -0.01 0.01 0.0012 -0.0011 0.2409 -0.0044 -0.031408 3.077726 
0.785 -0.01 0.01 0.0012 -0.0011 0.2409 -0.0044 -0.031408 3.077728 
0.786 -0.01 0.01 0.0012 -0.0011 0.2409 -0.0044 -0.031408 3.077730 
0.787 -0.01 0.01 0.0012 -0.0011 0.2409 -0.0044 -0.031408 3.077731 
0.788 -0.01 0.01 0.0012 -0.0011 0.2409 -0.0044 -0.031408 3.077729 
0.789 -0.01 0.01 0.0012 -0.0011 0.2409 -0.0044 -0.031408 3.077724 
0.790 -0.01 0.01 0.0012 -0.0011 0.2409 -0.0044 -0.031408 3.077717 
0.791 -0.01 0.01 0.0012 -0.0011 0.2409 -0.0044 -0.031408 3.077713 
0.792 -0.01 0.01 0.0012 -0.0011 0.2409 -0.0044 -0.031408 3.077711 
0.793 -0.01 0.01 0.0012 -0.0011 0.2409 -0.0044 -0.031408 3.077710 
0.794 -0.01 0.01 0.0012 -0.0011 0.2409 -0.0044 -0.031408 3.077712 
0.795 -0.01 0.01 0.0011 -0.0011 0.2409 -0.0044 -0.031408 3.077712 
0.796 -0.01 0.01 0.0011 -0.0011 0.2409 -0.0044 -0.031408 3.077709 
0.797 -0.01 0.01 0.0011 -0.0011 0.2409 -0.0044 -0.031408 3.077705 
0.798 -0.01 0.01 0.0011 -0.0011 0.2409 -0.0044 -0.031408 3.077706 
0.799 -0.01 0.01 0.0011 -0.0011 0.2409 -0.0044 -0.031408 3.077708 
0.800 -0.01 0.01 0.0011 -0.0011 0.2409 -0.0044 -0.031408 3.077706 
0.801 -0.01 0.01 0.0011 -0.0011 0.2409 -0.0044 -0.031408 3.077698 
0.802 -0.01 0.01 0.0011 -0.0011 0.2409 -0.0044 -0.031408 3.077690 
0.803 -0.01 0.01 0.0011 -0.0011 0.2409 -0.0044 -0.031408 3.077686 
0.804 -0.01 0.01 0.0011 -0.0011 0.2409 -0.0044 -0.031408 3.077684 
0.805 -0.01 0.01 0.0011 -0.0011 0.2409 -0.0044 -0.031408 3.077684 
0.806 -0.01 0.01 0.0011 -0.0011 0.2409 -0.0044 -0.031408 3.077684 
0.807 -0.01 0.01 0.0011 -0.0011 0.2409 -0.0044 -0.031408 3.077686 
0.808 -0.01 0.01 0.0011 -0.0011 0.2409 -0.0044 -0.031408 3.077686 
0.809 -0.01 0.01 0.0011 -0.0011 0.2409 -0.0044 -0.031408 3.077684 
0.810 -0.01 0.01 0.0011 -0.0011 0.2409 -0.0044 -0.031408 3.077681 
0.811 -0.01 0.01 0.0011 -0.0011 0.2409 -0.0044 -0.031408 3.077680 
0.812 -0.01 0.01 0.0011 -0.0011 0.2409 -0.0044 -0.031408 3.077679 
0.813 -0.01 0.01 0.0011 -0.0011 0.2409 -0.0044 -0.031408 3.077673 
0.814 -0.01 0.01 0.0011 -0.0011 0.2409 -0.0044 -0.031408 3.077669 
0.815 -0.01 0.01 0.0011 -0.0011 0.2409 -0.0044 -0.031408 3.077670 
0.816 -0.01 0.01 0.0011 -0.0011 0.2409 -0.0044 -0.031408 3.077671 
0.817 -0.01 0.01 0.0011 -0.0010 0.2409 -0.0044 -0.031408 3.077671 
0.818 -0.01 0.01 0.0011 -0.0010 0.2409 -0.0044 -0.031408 3.077671 
0.819 -0.01 0.01 0.0011 -0.0010 0.2409 -0.0044 -0.031408 3.077671 
0.820 -0.01 0.01 0.0011 -0.0010 0.2409 -0.0044 -0.031408 3.077671 
0.821 -0.01 0.01 0.0011 -0.0010 0.2409 -0.0044 -0.031408 3.077673 
0.822 -0.01 0.01 0.0011 -0.0010 0.2409 -0.0044 -0.031408 3.077673 
0.823 -0.01 0.01 0.0011 -0.0010 0.2409 -0.0044 -0.031408 3.077671 
0.824 -0.01 0.01 0.0011 -0.0010 0.2409 -0.0044 -0.031408 3.077669 
0.825 -0.01 0.01 0.0011 -0.0010 0.2409 -0.0044 -0.031408 3.077669 
0.826 -0.01 0.01 0.0011 -0.0010 0.2409 -0.0044 -0.031408 3.077668 
0.827 -0.01 0.01 0.0011 -0.0010 0.2409 -0.0044 -0.031408 3.077671 
0.828 -0.01 0.01 0.0011 -0.0010 0.2409 -0.0044 -0.031408 3.077673 
0.829 -0.01 0.01 0.0010 -0.0010 0.2409 -0.0044 -0.031408 3.077672 
0.830 -0.01 0.01 0.0010 -0.0010 0.2409 -0.0044 -0.031408 3.077671 
0.831 -0.01 0.01 0.0010 -0.0010 0.2409 -0.0044 -0.031408 3.077669 
0.832 -0.01 0.01 0.0010 -0.0010 0.2409 -0.0044 -0.031408 3.077667 
0.833 -0.01 0.01 0.0010 -0.0010 0.2409 -0.0044 -0.031408 3.077669 
0.834 -0.01 0.01 0.0010 -0.0010 0.2409 -0.0044 -0.031408 3.077672 
0.835 -0.01 0.01 0.0010 -0.0010 0.2409 -0.0044 -0.031408 3.077673 
0.836 -0.01 0.01 0.0010 -0.0010 0.2409 -0.0044 -0.031408 3.077672 
0.837 -0.01 0.01 0.0010 -0.0010 0.2409 -0.0044 -0.031408 3.077668 
0.838 -0.01 0.01 0.0010 -0.0010 0.2409 -0.0044 -0.031408 3.077663 
0.839 -0.01 0.01 0.0010 -0.0010 0.2409 -0.0044 -0.031408 3.077660 
0.840 -0.01 0.01 0.0010 -0.0010 0.2409 -0.0044 -0.031408 3.077661 
0.841 -0.01 0.01 0.0010 -0.0010 0.2409 -0.0044 -0.031408 3.077664 
0.842 -0.01 0.01 0.0010 -0.0010 0.2409 -0.0044 -0.031408 3.077667 
0.843 -0.01 0.01 0.0010 -0.0010 0.2409 -0.0044 -0.031408 3.077669 
0.844 -0.01 0.01 0.0010 -0.0010 0.2409 -0.0044 -0.031408 3.077666 
0.845 -0.01 0.01 0.0010 -0.0010 0.2409 -0.0044 -0.031408 3.077663 
0.846 -0.01 0.01 0.0010 -0.0010 0.2409 -0.0044 -0.031408 3.077664 
0.847 -0.01 0.01 0.0010 -0.0010 0.2409 -0.0044 -0.031408 3.077668 
0.848 -0.01 0.01 0.0010 -0.0010 0.2409 -0.0044 -0.031408 3.077671 
0.849 -0.01 0.01 0.0010 -0.0010 0.2409 -0.0044 -0.031408 3.077670 
0.850 -0.01 0.01 0.0010 -0.0010 0.2409 -0.0044 -0.031408 3.077669 
0.851 -0.01 0.01 0.0010 -0.0010 0.2409 -0.0044 -0.031408 3.077668 
0.852 -0.01 0.01 0.0010 -0.0010 0.2409 -0.0044 -0.031408 3.077665 
0.853 -0.01 0.01 0.0010 -0.0010 0.2409 -0.0044 -0.031408 3.077660 
0.854 -0.01 0.01 0.0010 -0.0010 0.2409 -0.0044 -0.031408 3.077655 
0.855 -0.01 0.01 0.0010 -0.0010 0.2409 -0.0044 -0.031408 3.077657 
0.856 -0.01 0.01 0.0010 -0.0010 0.2409 -0.0044 -0.031408 3.077662 
0.857 -0.01 0.01 0.0010 -0.0010 0.2409 -0.0044 -0.031408 3.077663 
0.858 -0.01 0.01 0.0010 -0.0009 0.2409 -0.0044 -0.031408 3.077661 
0.859 -0.01 0.01 0.0010 -0.0009 0.2409 -0.0044 -0.031408 3.077663 
0.860 -0.01 0.01 0.0010 -0.0009 0.2409 -0.0044 -0.031408 3.077666 
0.861 -0.01 0.01 0.0010 -0.0009 0.2409 -0.0044 -0.031408 3.077667 
0.862 -0.01 0.01 0.0010 -0.0009 0.2409 -0.0044 -0.031408 3.077665 
0.863 -0.01 0.01 0.0010 -0.0009 0.2409 -0.0044 -0.031408 3.077667 
0.864 -0.01 0.01 0.0010 -0.0009 0.2409 -0.0044 -0.031408 3.077672 
0.865 -0.01 0.01 0.0010 -0.0009 0.2409 -0.0044 -0.031408 3.077674 
0.866 -0.01 0.01 0.0010 -0.0009 0.2409 -0.0044 -0.031408 3.077674 
0.867 -0.01 0.01 0.0010 -0.0009 0.2409 -0.0044 -0.031408 3.077674 
0.868 -0.01 0.01 0.0010 -0.0009 0.2409 -0.0044 -0.031408 3.077674 
0.869 -0.01 0.01 0.0009 -0.0009 0.2409 -0.0044 -0.031408 3.077672 
0.870 -0.01 0.01 0.0009 -0.0009 0.2409 -0.0044 -0.031408 3.077669 
0.871 -0.01 0.01 0.0009 -0.0009 0.2409 -0.0044 -0.031408 3.077668 
0.872 -0.01 0.01 0.0009 -0.0009 0.2409 -0.0044 -0.031408 3.077668 
0.873 -0.01 0.01 0.0009 -0.0009 0.2409 -0.0044 -0.031408 3.077668 
0.874 -0.01 0.01 0.0009 -0.0009 0.2409 -0.0044 -0.031408 3.077669 
0.875 -0.01 0.01 0.0009 -0.0009 0.2409 -0.0044 -0.031408 3.077671 
0.876 -0.01 0.01 0.0009 -0.0009 0.2409 -0.0044 -0.031408 3.077672 
0.877 -0.01 0.01 0.0009 -0.0009 0.2409 -0.0044 -0.031408 3.077671 
0.878 -0.01 0.01 0.0009 -0.0009 0.2409 -0.0044 -0.031408 3.077671 
0.879 -0.01 0.01 0.0009 -0.0009 0.2409 -0.0044 -0.031408 3.077672 
0.880 -0.01 0.01 0.0009 -0.0009 0.2409 -0.0044 -0.031408 3.077672 
0.881 -0.01 0.01 0.0009 -0.0009 0.2409 -0.0044 -0.031408 3.077673 
0.882 -0.01 0.01 0.0009 -0.0009 0.2409 -0.0044 -0.031408 3.077674 
0.883 -0.01 0.01 0.0009 -0.0009 0.2409 -0.0044 -0.031408 3.077676 
0.884 -0.01 0.01 0.0009 -0.0009 0.2409 -0.0044 -0.031408 3.077680 
0.885 -0.01 0.01 0.0009 -0.0009 0.2409 -0.0044 -0.031408 3.077683 
0.886 -0.01 0.01 0.0009 -0.0009 0.2409 -0.0044 -0.031408 3.077681 
0.887 -0.01 0.01 0.0009 -0.0009 0.2409 -0.0044 -0.031408 3.077676 
0.888 -0.01 0.01 0.0009 -0.0009 0.2409 -0.0044 -0.031408 3.077672 
0.889 -0.01 0.01 0.0009 -0.0009 0.2409 -0.0044 -0.031408 3.077673 
0.890 -0.01 0.01 0.0009 -0.0009 0.2409 -0.0044 -0.031408 3.077677 
0.891 -0.01 0.01 0.0009 -0.0009 0.2409 -0.0044 -0.031408 3.077678 
0.892 -0.01 0.01 0.0009 -0.0009 0.2409 -0.0044 -0.031408 3.077677 
0.893 -0.01 0.01 0.0009 -0.0009 0.2409 -0.0044 -0.031408 3.077674 
0.894 -0.01 0.01 0.0009 -0.0009 0.2409 -0.0044 -0.031408 3.077669 
0.895 -0.01 0.01 0.0009 -0.0009 0.2409 -0.0044 -0.031408 3.077664 
0.896 -0.01 0.01 0.0009 -0.0009 0.2409 -0.0044 -0.031408 3.077661 
0.897 -0.01 0.01 0.0009 -0.0009 0.2409 -0.0044 -0.031408 3.077660 
0.898 -0.01 0.01 0.0009 -0.0009 0.2409 -0.0044 -0.031408 3.077664 
0.899 -0.01 0.01 0.0009 -0.0009 0.2409 -0.0044 -0.031408 3.077669 
0.900 -0.01 0.01 0.0009 -0.0009 0.2409 -0.0044 -0.031408 3.077668 
0.901 -0.01 0.01 0.0009 -0.0009 0.2409 -0.0044 -0.031408 3.077662 
0.902 -0.01 0.01 0.0009 -0.0009 0.2409 -0.0044 -0.031408 3.077657 
0.903 -0.01 0.01 0.0009 -0.0009 0.2409 -0.0044 -0.031408 3.077658 
0.904 -0.01 0.01 0.0009 -0.0009 0.2409 -0.0044 -0.031408 3.077665 
0.905 -0.01 0.01 0.0009 -0.0009 0.2409 -0.0044 -0.031408 3.077673 
0.906 -0.01 0.01 0.0009 -0.0009 0.2409 -0.0044 -0.031408 3.077680 
0.907 -0.01 0.01 0.0009 -0.0009 0.2409 -0.0044 -0.031408 3.077681 
0.908 -0.01 0.01 0.0009 -0.0008 0.2409 -0.0044 -0.031408 3.077682 
0.909 -0.01 0.01 0.0009 -0.0008 0.2409 -0.0044 -0.031408 3.077682 
0.910 -0.01 0.01 0.0009 -0.0008 0.2409 -0.0044 -0.031408 3.077682 
0.911 -0.01 0.01 0.0009 -0.0008 0.2409 -0.0044 -0.031408 3.077681 
0.912 -0.01 0.01 0.0009 -0.0008 0.2409 -0.0044 -0.031408 3.077680 
0.913 -0.01 0.01 0.0009 -0.0008 0.2409 -0.0044 -0.031408 3.077680 
0.914 -0.01 0.01 0.0009 -0.0008 0.2409 -0.0044 -0.031408 3.077682 
0.915 -0.01 0.01 0.0009 -0.0008 0.2409 -0.0044 -0.031408 3.077684 
0.916 -0.01 0.01 0.0009 -0.0008 0.2409 -0.0044 -0.031408 3.077683 
0.917 -0.01 0.01 0.0009 -0.0008 0.2409 -0.0044 -0.031408 3.077683 
0.918 -0.01 0.01 0.0009 -0.0008 0.2409 -0.0044 -0.031408 3.077684 
0.919 -0.01 0.01 0.0008 -0.0008 0.2409 -0.0044 -0.031408 3.077685 
0.920 -0.01 0.01 0.0008 -0.0008 0.2409 -0.0044 -0.031408 3.077682 
0.921 -0.01 0.01 0.0008 -0.0008 0.2409 -0.0044 -0.031408 3.077677 
0.922 -0.01 0.01 0.0008 -0.0008 0.2409 -0.0044 -0.031408 3.077676 
0.923 -0.01 0.01 0.0008 -0.0008 0.2409 -0.0044 -0.031408 3.077675 
0.924 -0.01 0.01 0.0008 -0.0008 0.2409 -0.0044 -0.031408 3.077674 
0.925 -0.01 0.01 0.0008 -0.0008 0.2409 -0.0044 -0.031408 3.077676 
0.926 -0.01 0.01 0.0008 -0.0008 0.2409 -0.0044 -0.031408 3.077681 
0.927 -0.01 0.01 0.0008 -0.0008 0.2409 -0.0044 -0.031408 3.077685 
0.928 -0.01 0.01 0.0008 -0.0008 0.2409 -0.0044 -0.031408 3.077689 
0.929 -0.01 0.01 0.0008 -0.0008 0.2409 -0.0044 -0.031408 3.077693 
0.930 -0.01 0.01 0.0008 -0.0008 0.2409 -0.0044 -0.031408 3.077693 
0.931 -0.01 0.00 0.0008 -0.0000 0.2409 -0.0044 -0.031408 3.077692 
0.932 -0.01 0.00 0.0008 -0.0000 0.2409 -0.0044 -0.031408 3.077690 
0.933 -0.01 0.00 0.0008 -0.0000 0.2409 -0.0044 -0.031408 3.077689 
0.934 -0.01 0.00 0.0008 -0.0000 0.2409 -0.0044 -0.031408 3.077688 
0.935 -0.01 0.00 0.0008 -0.0000 0.2409 -0.0044 -0.031408 3.077686 
