%% logfile from robot Freja (4)
% Freja (4)
%  1    time 0.000 sec
%  2  3 Motor voltage [V] left, right: 4.50 4.50
%  4  5 Wheel velocity [m/s] left, right: 0.0000 -0.0000
%  6  7  8  9 Pose x,y,h,tilt [m,m,rad,rad]: 0 0 0 3.07678
0.000 4.50 4.50 0.0000 -0.0000 0.0000 0.0000 0.000000 3.076778 
0.001 4.50 4.50 0.0000 -0.0000 0.0000 0.0000 0.000000 3.076782 
0.002 4.50 4.50 0.0000 -0.0000 0.0000 0.0000 0.000000 3.076783 
0.003 4.50 4.50 0.0000 -0.0000 0.0000 0.0000 0.000000 3.076783 
0.004 4.50 4.50 0.0000 0.0000 0.0002 0.0000 0.002617 3.076781 
0.005 4.50 4.50 0.0000 0.0000 0.0002 0.0000 0.002617 3.076774 
0.006 4.50 4.50 0.0000 0.0000 0.0004 0.0000 0.000000 3.076766 
0.007 4.50 4.50 0.0000 0.0000 0.0004 0.0000 0.000000 3.076762 
0.008 1.91 2.52 0.1724 0.1321 0.0008 0.0000 0.000000 3.076768 
0.009 1.91 1.41 0.1724 0.2060 0.0010 0.0000 0.002617 3.076781 
0.010 0.89 1.41 0.2408 0.2060 0.0012 0.0000 0.000000 3.076791 
0.011 0.89 0.53 0.2408 0.2650 0.0014 0.0000 0.002617 3.076791 
0.012 0.69 0.53 0.2541 0.2650 0.0016 0.0000 0.000000 3.076770 
0.013 0.69 0.48 0.2539 0.2679 0.0020 0.0000 0.000000 3.076789 
0.014 0.69 0.52 0.2539 0.2652 0.0022 0.0000 0.002617 3.076844 
0.015 0.65 0.52 0.2570 0.2652 0.0024 0.0000 0.000000 3.076779 
0.016 0.64 0.54 0.2574 0.2641 0.0028 0.0000 0.000000 3.076696 
0.017 0.64 0.55 0.2574 0.2637 0.0030 0.0000 0.002617 3.076679 
0.018 0.61 0.55 0.2595 0.2637 0.0032 0.0000 0.000000 3.076662 
0.019 0.61 0.68 0.2595 0.2546 0.0037 0.0000 0.000000 3.076705 
0.020 0.55 0.70 0.2631 0.2531 0.0039 0.0000 0.002617 3.076784 
0.021 0.80 0.70 0.2468 0.2531 0.0041 0.0000 0.000000 3.076806 
0.022 0.80 0.88 0.2468 0.2412 0.0043 0.0000 0.002617 3.076763 
0.023 0.77 0.88 0.2486 0.2412 0.0045 0.0000 0.000000 3.076715 
0.024 0.69 0.74 0.2543 0.2507 0.0049 0.0000 0.000000 3.076689 
0.025 0.69 1.01 0.2543 0.2326 0.0051 0.0000 0.002617 3.076686 
0.026 0.92 1.01 0.2385 0.2326 0.0053 0.0000 0.000000 3.076683 
0.027 0.92 1.04 0.2385 0.2306 0.0055 0.0000 0.002617 3.076678 
0.028 1.12 1.04 0.2252 0.2306 0.0057 0.0000 0.000000 3.076700 
0.029 1.12 1.13 0.2252 0.2248 0.0059 0.0000 0.002617 3.076750 
0.030 1.03 1.13 0.2315 0.2248 0.0061 0.0000 0.000000 3.076797 
0.031 1.02 0.86 0.2320 0.2424 0.0065 0.0000 0.000000 3.076801 
0.032 1.02 1.04 0.2320 0.2303 0.0067 0.0000 0.002617 3.076768 
0.033 0.87 1.04 0.2422 0.2303 0.0069 0.0000 0.000000 3.076727 
0.034 0.87 1.09 0.2422 0.2272 0.0071 0.0000 0.002617 3.076710 
0.035 0.69 1.09 0.2540 0.2272 0.0073 0.0000 0.000000 3.076719 
0.036 0.94 1.07 0.2374 0.2286 0.0077 0.0000 0.000000 3.076745 
0.037 0.94 1.07 0.2374 0.2286 0.0077 0.0000 0.000000 3.076772 
0.038 0.74 0.95 0.2509 0.2368 0.0081 0.0000 0.000000 3.076779 
0.039 0.74 1.02 0.2509 0.2321 0.0083 0.0000 0.002617 3.076770 
0.040 1.00 1.02 0.2332 0.2321 0.0085 0.0000 0.000000 3.076762 
0.041 0.98 0.98 0.2344 0.2347 0.0089 0.0000 0.000000 3.076765 
0.042 0.98 0.98 0.2344 0.2347 0.0089 0.0000 0.000000 3.076760 
0.043 1.05 1.04 0.2297 0.2304 0.0093 0.0000 0.000000 3.076751 
0.044 1.05 1.04 0.2297 0.2304 0.0093 0.0000 0.000000 3.076751 
0.045 1.29 0.87 0.2140 0.2420 0.0097 0.0000 0.000000 3.076764 
0.046 1.29 0.99 0.2140 0.2342 0.0099 0.0000 0.002617 3.076777 
0.047 0.94 0.99 0.2372 0.2342 0.0101 0.0000 0.000000 3.076777 
0.048 0.68 0.96 0.2545 0.2360 0.0105 0.0000 0.000000 3.076767 
0.049 0.68 0.96 0.2545 0.2360 0.0105 0.0000 0.000000 3.076754 
0.050 0.93 1.04 0.2378 0.2307 0.0110 0.0000 0.000000 3.076752 
0.051 0.93 0.79 0.2378 0.2477 0.0112 0.0000 0.002617 3.076761 
0.052 1.14 0.79 0.2241 0.2477 0.0114 0.0000 0.000000 3.076770 
0.053 1.14 1.07 0.2241 0.2289 0.0116 0.0000 0.002617 3.076760 
0.054 1.11 1.07 0.2260 0.2289 0.0118 0.0000 0.000000 3.076745 
0.055 0.88 1.03 0.2413 0.2309 0.0122 0.0000 0.000000 3.076745 
0.056 0.88 1.03 0.2413 0.2309 0.0122 0.0000 0.000000 3.076754 
0.057 1.03 1.11 0.2312 0.2257 0.0126 0.0000 0.000000 3.076761 
0.058 1.03 1.02 0.2312 0.2317 0.0128 0.0000 0.002617 3.076760 
0.059 0.93 1.02 0.2382 0.2317 0.0130 0.0000 0.000000 3.076761 
0.060 0.93 1.02 0.2382 0.2319 0.0132 0.0000 0.002617 3.076773 
0.061 0.88 1.02 0.2413 0.2319 0.0134 0.0000 0.000000 3.076788 
0.062 0.99 0.75 0.2339 0.2500 0.0138 0.0000 0.000000 3.076796 
0.063 0.99 0.78 0.2339 0.2479 0.0138 0.0000 0.000000 3.076789 
0.064 0.96 1.21 0.2357 0.2191 0.0142 0.0000 0.000000 3.076773 
0.065 0.96 1.21 0.2357 0.2191 0.0142 0.0000 0.000000 3.076765 
0.066 0.81 1.35 0.2462 0.2100 0.0146 0.0000 0.000000 3.076775 
0.067 0.97 1.35 0.2354 0.2100 0.0148 0.0000 -0.002617 3.076790 
0.068 0.97 1.31 0.2354 0.2124 0.0150 0.0000 0.000000 3.076794 
0.069 1.01 1.11 0.2324 0.2262 0.0154 0.0000 0.000000 3.076781 
0.070 1.01 1.11 0.2324 0.2262 0.0154 0.0000 0.000000 3.076765 
0.071 0.95 1.29 0.2366 0.2136 0.0158 0.0000 0.000000 3.076761 
0.072 0.95 1.29 0.2366 0.2136 0.0160 0.0000 -0.002617 3.076766 
0.073 0.85 1.31 0.2436 0.2127 0.0162 0.0000 0.000000 3.076774 
0.074 0.84 1.31 0.2438 0.2127 0.0164 0.0000 -0.002617 3.076785 
0.075 0.84 1.12 0.2438 0.2252 0.0166 0.0000 0.000000 3.076797 
0.076 0.91 1.12 0.2394 0.2252 0.0168 0.0000 -0.002617 3.076796 
0.077 0.91 0.98 0.2394 0.2349 0.0170 0.0000 0.000000 3.076781 
0.078 0.96 1.07 0.2361 0.2289 0.0174 0.0000 0.000000 3.076767 
0.079 1.05 1.07 0.2296 0.2289 0.0176 0.0000 -0.002617 3.076768 
0.080 1.05 0.78 0.2296 0.2481 0.0178 0.0000 0.000000 3.076777 
0.081 1.06 0.78 0.2295 0.2481 0.0181 0.0000 -0.002617 3.076789 
0.082 1.06 1.06 0.2295 0.2294 0.0183 0.0000 0.000000 3.076794 
0.083 1.14 1.06 0.2239 0.2294 0.0185 0.0000 -0.002617 3.076786 
0.084 1.14 0.89 0.2239 0.2405 0.0187 0.0000 0.000000 3.076773 
0.085 0.98 1.14 0.2344 0.2238 0.0191 0.0000 0.000000 3.076764 
0.086 0.80 1.14 0.2466 0.2238 0.0193 0.0000 -0.002617 3.076766 
0.087 0.80 1.10 0.2466 0.2268 0.0195 0.0000 0.000000 3.076775 
0.088 0.82 1.10 0.2453 0.2268 0.0197 0.0000 -0.002617 3.076779 
0.089 0.82 1.05 0.2453 0.2302 0.0199 0.0000 0.000000 3.076778 
0.090 0.88 1.05 0.2413 0.2302 0.0201 0.0000 -0.002617 3.076777 
0.091 0.94 1.03 0.2374 0.2315 0.0205 0.0000 -0.002617 3.076774 
0.092 0.94 1.05 0.2374 0.2298 0.0207 0.0000 0.000000 3.076770 
0.093 0.87 1.05 0.2422 0.2298 0.0209 0.0000 -0.002617 3.076762 
0.094 0.87 0.85 0.2422 0.2435 0.0211 0.0000 0.000000 3.076758 
0.095 1.00 0.85 0.2333 0.2435 0.0213 0.0000 -0.002617 3.076765 
0.096 1.00 1.07 0.2333 0.2284 0.0217 0.0000 -0.002617 3.076777 
0.097 1.04 1.07 0.2309 0.2284 0.0217 0.0000 -0.002617 3.076783 
0.098 0.99 1.24 0.2339 0.2174 0.0221 0.0000 -0.002617 3.076783 
0.099 0.99 1.24 0.2339 0.2174 0.0221 0.0000 -0.002617 3.076781 
0.100 0.90 1.19 0.2400 0.2207 0.0225 -0.0000 -0.002617 3.076775 
0.101 0.90 1.05 0.2400 0.2300 0.0227 -0.0000 0.000000 3.076767 
0.102 0.89 1.05 0.2404 0.2300 0.0229 -0.0000 -0.002617 3.076762 
0.103 1.08 1.05 0.2282 0.2302 0.0233 -0.0000 -0.002617 3.076765 
0.104 1.08 1.05 0.2282 0.2302 0.0233 -0.0000 -0.002617 3.076771 
0.105 0.99 1.00 0.2342 0.2329 0.0237 -0.0000 -0.002617 3.076774 
0.106 0.99 1.00 0.2342 0.2329 0.0237 -0.0000 -0.002617 3.076775 
0.107 0.81 1.12 0.2461 0.2250 0.0241 -0.0000 -0.002617 3.076776 
0.108 0.95 0.98 0.2368 0.2347 0.0245 -0.0000 -0.002617 3.076778 
0.109 0.97 0.98 0.2351 0.2347 0.0245 -0.0000 -0.002617 3.076782 
0.110 1.10 1.20 0.2265 0.2197 0.0249 -0.0000 -0.002617 3.076783 
0.111 1.10 1.20 0.2265 0.2197 0.0249 -0.0000 -0.002617 3.076781 
0.112 0.98 1.19 0.2348 0.2205 0.0254 -0.0000 -0.002617 3.076782 
0.113 0.98 1.19 0.2348 0.2205 0.0254 -0.0000 -0.002617 3.076784 
0.114 0.95 1.22 0.2366 0.2185 0.0258 -0.0000 -0.002617 3.076785 
0.115 0.80 1.22 0.2464 0.2185 0.0260 -0.0000 -0.005235 3.076783 
0.116 0.80 0.91 0.2464 0.2390 0.0262 -0.0000 -0.002617 3.076782 
0.117 0.62 1.05 0.2584 0.2300 0.0266 -0.0000 -0.002617 3.076782 
0.118 0.62 1.05 0.2584 0.2300 0.0266 -0.0000 -0.002617 3.076782 
0.119 0.90 1.07 0.2399 0.2284 0.0270 -0.0000 -0.002617 3.076777 
0.120 0.78 1.07 0.2481 0.2284 0.0272 -0.0000 -0.005235 3.076773 
0.121 0.78 1.05 0.2481 0.2298 0.0274 -0.0000 -0.002617 3.076775 
0.122 1.08 1.05 0.2278 0.2298 0.0276 -0.0000 -0.005235 3.076781 
0.123 1.08 0.92 0.2278 0.2387 0.0278 -0.0000 -0.002617 3.076780 
0.124 1.07 1.00 0.2284 0.2332 0.0282 -0.0000 -0.002617 3.076778 
0.125 1.07 1.00 0.2284 0.2332 0.0282 -0.0000 -0.002617 3.076779 
0.126 1.11 0.96 0.2260 0.2356 0.0286 -0.0000 -0.002617 3.076782 
0.127 1.23 0.96 0.2182 0.2356 0.0286 -0.0000 -0.002617 3.076792 
0.128 1.30 1.03 0.2131 0.2310 0.0290 -0.0000 -0.002617 3.076798 
0.129 0.94 1.03 0.2375 0.2310 0.0294 -0.0000 -0.002617 3.076797 
0.130 0.94 0.85 0.2375 0.2429 0.0294 -0.0000 -0.002617 3.076792 
0.131 0.68 0.98 0.2547 0.2347 0.0298 -0.0000 -0.002617 3.076787 
0.132 0.82 0.98 0.2453 0.2347 0.0298 -0.0000 -0.002617 3.076787 
0.133 0.94 0.96 0.2374 0.2358 0.0302 -0.0000 -0.002617 3.076788 
0.134 1.10 0.96 0.2266 0.2358 0.0304 -0.0000 -0.005235 3.076791 
0.135 1.10 1.06 0.2266 0.2292 0.0306 -0.0000 -0.002617 3.076798 
0.136 1.00 0.80 0.2335 0.2468 0.0310 -0.0000 -0.002617 3.076802 
0.137 1.00 0.80 0.2335 0.2468 0.0310 -0.0000 -0.002617 3.076802 
0.138 0.77 1.07 0.2486 0.2284 0.0314 -0.0000 -0.002617 3.076794 
0.139 0.95 1.07 0.2369 0.2284 0.0316 -0.0000 -0.005235 3.076787 
0.140 0.95 1.03 0.2369 0.2311 0.0318 -0.0000 -0.002617 3.076788 
0.141 0.87 1.03 0.2421 0.2311 0.0320 -0.0000 -0.005235 3.076792 
0.142 0.87 1.11 0.2421 0.2262 0.0323 -0.0000 -0.002617 3.076799 
0.143 0.83 1.00 0.2448 0.2330 0.0327 -0.0000 -0.002617 3.076807 
0.144 0.96 1.00 0.2358 0.2330 0.0329 -0.0000 -0.005235 3.076810 
0.145 0.96 0.99 0.2358 0.2338 0.0331 -0.0000 -0.002617 3.076807 
0.146 0.95 0.99 0.2366 0.2338 0.0333 -0.0000 -0.005235 3.076803 
0.147 0.95 0.69 0.2366 0.2537 0.0335 -0.0000 -0.002617 3.076799 
0.148 0.80 0.99 0.2464 0.2341 0.0337 -0.0000 -0.005235 3.076798 
0.149 0.83 1.11 0.2447 0.2262 0.0339 -0.0000 -0.002617 3.076800 
0.150 0.99 1.24 0.2337 0.2175 0.0343 -0.0000 -0.002617 3.076802 
0.151 4.03 4.24 0.2311 0.2175 0.0345 -0.0000 -0.005235 3.076803 
0.152 4.03 4.20 0.2311 0.2199 0.0347 -0.0000 -0.002617 3.076804 
0.153 3.94 4.20 0.2372 0.2199 0.0349 -0.0000 -0.005235 3.076804 
0.154 3.94 3.77 0.2372 0.2489 0.0351 -0.0000 -0.002617 3.076799 
0.155 3.46 3.48 0.2691 0.2679 0.0355 -0.0000 -0.002617 3.076792 
0.156 2.96 3.48 0.3026 0.2679 0.0357 -0.0000 -0.005235 3.076786 
0.157 2.60 3.07 0.3268 0.2952 0.0361 -0.0000 -0.005235 3.076783 
0.158 2.20 2.62 0.3530 0.3252 0.0365 -0.0000 -0.005235 3.076782 
0.159 1.99 2.21 0.3675 0.3525 0.0369 -0.0000 -0.005235 3.076785 
0.160 1.77 2.14 0.3819 0.3574 0.0373 -0.0000 -0.005235 3.076802 
0.161 1.77 1.46 0.3819 0.4028 0.0375 -0.0001 -0.002617 3.076833 
0.162 1.84 1.76 0.3772 0.3828 0.0379 -0.0001 -0.002617 3.076852 
0.163 1.54 1.35 0.3971 0.4098 0.0383 -0.0001 -0.002617 3.076832 
0.164 1.28 1.71 0.4146 0.3861 0.0389 -0.0001 -0.005235 3.076800 
0.165 1.37 1.61 0.4089 0.3925 0.0394 -0.0001 -0.005235 3.076773 
0.166 1.37 1.61 0.4084 0.3927 0.0398 -0.0001 -0.005235 3.076756 
0.167 1.14 1.61 0.4243 0.3927 0.0400 -0.0001 -0.007852 3.076766 
0.168 1.38 1.64 0.4078 0.3905 0.0404 -0.0001 -0.007852 3.076797 
0.169 1.50 1.65 0.3998 0.3902 0.0408 -0.0001 -0.007852 3.076824 
0.170 1.49 1.24 0.4005 0.4171 0.0412 -0.0001 -0.007852 3.076829 
0.171 1.41 1.59 0.4059 0.3942 0.0416 -0.0001 -0.007852 3.076811 
0.172 1.46 1.75 0.4028 0.3832 0.0420 -0.0001 -0.007852 3.076785 
0.173 1.53 1.65 0.3982 0.3899 0.0422 -0.0001 -0.005235 3.076764 
0.174 1.74 1.46 0.3838 0.4028 0.0426 -0.0001 -0.005235 3.076767 
0.175 1.52 1.55 0.3986 0.3964 0.0432 -0.0001 -0.007852 3.076791 
0.176 1.28 1.48 0.4145 0.4011 0.0434 -0.0001 -0.005235 3.076814 
0.177 1.49 1.64 0.4006 0.3906 0.0438 -0.0001 -0.005235 3.076824 
0.178 1.70 1.28 0.3869 0.4147 0.0442 -0.0001 -0.005235 3.076821 
0.179 1.53 1.65 0.3982 0.3902 0.0446 -0.0001 -0.005235 3.076812 
0.180 1.53 1.62 0.3978 0.3916 0.0450 -0.0001 -0.005235 3.076801 
0.181 1.39 1.73 0.4072 0.3848 0.0454 -0.0001 -0.005235 3.076796 
0.182 1.08 1.28 0.4281 0.4147 0.0458 -0.0001 -0.005235 3.076802 
0.183 0.97 1.64 0.4352 0.3908 0.0465 -0.0001 -0.007852 3.076818 
0.184 1.43 1.73 0.4046 0.3849 0.0469 -0.0001 -0.007852 3.076837 
0.185 1.43 1.68 0.4046 0.3882 0.0473 -0.0001 -0.007852 3.076848 
0.186 1.43 1.44 0.4045 0.4041 0.0475 -0.0001 -0.005235 3.076843 
0.187 1.56 1.60 0.3957 0.3930 0.0479 -0.0001 -0.005235 3.076832 
0.188 2.03 1.52 0.3645 0.3989 0.0483 -0.0001 -0.005235 3.076823 
0.189 1.51 1.62 0.3994 0.3920 0.0487 -0.0001 -0.005235 3.076820 
0.190 1.12 1.32 0.4254 0.4120 0.0491 -0.0001 -0.005235 3.076822 
0.191 1.52 1.54 0.3989 0.3970 0.0495 -0.0001 -0.005235 3.076828 
0.192 1.70 1.50 0.3866 0.4000 0.0499 -0.0001 -0.005235 3.076836 
0.193 1.48 1.60 0.4013 0.3930 0.0503 -0.0001 -0.005235 3.076843 
0.194 1.16 1.11 0.4224 0.4262 0.0507 -0.0001 -0.005235 3.076843 
0.195 1.49 1.57 0.4008 0.3952 0.0511 -0.0001 -0.005235 3.076838 
0.196 1.43 1.52 0.4047 0.3987 0.0515 -0.0001 -0.005235 3.076832 
0.197 1.41 1.66 0.4059 0.3894 0.0519 -0.0001 -0.005235 3.076827 
0.198 1.60 1.52 0.3932 0.3986 0.0523 -0.0001 -0.005235 3.076823 
0.199 1.48 1.56 0.4016 0.3962 0.0527 -0.0001 -0.005235 3.076823 
0.200 1.16 1.04 0.4226 0.4304 0.0531 -0.0001 -0.005235 3.076824 
0.201 1.46 1.66 0.4026 0.3892 0.0535 -0.0001 -0.005235 3.076825 
0.202 1.54 1.77 0.3973 0.3818 0.0540 -0.0001 -0.005235 3.076826 
0.203 1.49 1.68 0.4006 0.3879 0.0544 -0.0001 -0.005235 3.076823 
0.204 1.36 1.32 0.4095 0.4119 0.0548 -0.0001 -0.005235 3.076816 
0.205 1.41 1.76 0.4059 0.3826 0.0552 -0.0001 -0.005235 3.076811 
0.206 1.50 1.89 0.3998 0.3740 0.0556 -0.0002 -0.005235 3.076813 
0.207 1.48 1.66 0.4012 0.3892 0.0560 -0.0002 -0.005235 3.076818 
0.208 1.55 1.51 0.3967 0.3994 0.0564 -0.0002 -0.005235 3.076818 
0.209 1.47 1.54 0.4017 0.3974 0.0566 -0.0002 -0.007852 3.076814 
0.210 1.67 1.14 0.3887 0.4239 0.0572 -0.0002 -0.005235 3.076810 
0.211 1.48 1.52 0.4013 0.3983 0.0574 -0.0002 -0.007852 3.076808 
0.212 1.26 1.31 0.4160 0.4126 0.0580 -0.0002 -0.005235 3.076809 
0.213 1.37 1.42 0.4086 0.4056 0.0582 -0.0002 -0.007852 3.076810 
0.214 1.44 1.73 0.4040 0.3847 0.0586 -0.0002 -0.007852 3.076813 
0.215 1.45 1.67 0.4036 0.3889 0.0590 -0.0002 -0.007852 3.076816 
0.216 1.22 1.65 0.4185 0.3899 0.0594 -0.0002 -0.007852 3.076816 
0.217 1.45 1.67 0.4031 0.3889 0.0598 -0.0002 -0.007852 3.076814 
0.218 1.54 1.68 0.3975 0.3881 0.0602 -0.0002 -0.007852 3.076812 
0.219 1.50 1.25 0.4000 0.4168 0.0606 -0.0002 -0.007852 3.076811 
0.220 1.41 1.59 0.4057 0.3938 0.0611 -0.0002 -0.007852 3.076812 
0.221 1.43 1.75 0.4046 0.3837 0.0615 -0.0002 -0.007852 3.076815 
0.222 1.72 1.66 0.3854 0.3894 0.0619 -0.0002 -0.007852 3.076820 
0.223 1.50 1.45 0.4000 0.4034 0.0623 -0.0002 -0.007852 3.076822 
0.224 1.18 1.54 0.4216 0.3975 0.0627 -0.0002 -0.007852 3.076821 
0.225 1.47 1.47 0.4019 0.4019 0.0631 -0.0002 -0.007852 3.076816 
0.226 1.70 1.61 0.3869 0.3923 0.0635 -0.0002 -0.007852 3.076812 
0.227 1.52 1.28 0.3989 0.4143 0.0639 -0.0002 -0.007852 3.076812 
0.228 1.57 1.61 0.3955 0.3929 0.0643 -0.0002 -0.007852 3.076812 
0.229 1.41 1.61 0.4060 0.3928 0.0647 -0.0002 -0.007852 3.076813 
0.230 1.11 1.73 0.4256 0.3850 0.0651 -0.0002 -0.007852 3.076816 
0.231 1.44 1.25 0.4043 0.4170 0.0655 -0.0002 -0.007852 3.076816 
0.232 1.01 1.62 0.4325 0.3920 0.0659 -0.0002 -0.007852 3.076810 
0.233 1.46 1.71 0.4028 0.3859 0.0663 -0.0002 -0.007852 3.076803 
0.234 1.44 1.68 0.4037 0.3883 0.0667 -0.0002 -0.007852 3.076802 
0.235 1.56 1.41 0.3956 0.4057 0.0671 -0.0002 -0.007852 3.076801 
0.236 2.03 1.56 0.3644 0.3957 0.0675 -0.0002 -0.007852 3.076797 
0.237 1.51 1.52 0.3995 0.3984 0.0680 -0.0002 -0.007852 3.076791 
0.238 1.13 1.62 0.4245 0.3922 0.0684 -0.0002 -0.007852 3.076788 
0.239 1.50 1.30 0.3999 0.4131 0.0688 -0.0003 -0.007852 3.076789 
0.240 1.70 1.57 0.3865 0.3955 0.0692 -0.0003 -0.007852 3.076791 
0.241 1.49 1.46 0.4004 0.4024 0.0696 -0.0003 -0.007852 3.076791 
0.242 1.16 1.61 0.4227 0.3926 0.0700 -0.0003 -0.007852 3.076790 
0.243 1.51 1.08 0.3994 0.4279 0.0704 -0.0003 -0.007852 3.076792 
0.244 1.42 1.56 0.4054 0.3959 0.0708 -0.0003 -0.007852 3.076794 
0.245 1.42 1.51 0.4050 0.3991 0.0712 -0.0003 -0.007852 3.076796 
0.246 1.61 1.65 0.3928 0.3899 0.0716 -0.0003 -0.007852 3.076795 
0.247 1.49 1.52 0.4006 0.3988 0.0720 -0.0003 -0.007852 3.076790 
0.248 1.17 1.55 0.4221 0.3967 0.0724 -0.0003 -0.007852 3.076786 
0.249 1.49 1.03 0.4009 0.4311 0.0728 -0.0003 -0.007852 3.076784 
0.250 1.55 1.66 0.3968 0.3895 0.0732 -0.0003 -0.007852 3.076787 
0.251 1.51 1.78 0.3994 0.3813 0.0736 -0.0003 -0.007852 3.076792 
0.252 1.38 1.68 0.4079 0.3880 0.0740 -0.0003 -0.007852 3.076796 
0.253 1.43 1.32 0.4048 0.4118 0.0744 -0.0003 -0.007852 3.076799 
0.254 1.52 1.76 0.3984 0.3828 0.0748 -0.0003 -0.007852 3.076802 
0.255 1.50 1.79 0.4000 0.3803 0.0751 -0.0003 -0.010469 3.076800 
0.256 1.57 1.88 0.3952 0.3749 0.0755 -0.0003 -0.010469 3.076796 
0.257 1.48 1.67 0.4013 0.3885 0.0759 -0.0003 -0.010469 3.076790 
0.258 1.69 1.51 0.3873 0.3994 0.0763 -0.0003 -0.010469 3.076784 
0.259 1.49 1.66 0.4009 0.3893 0.0767 -0.0003 -0.010469 3.076782 
0.260 1.25 1.14 0.4163 0.4238 0.0771 -0.0003 -0.010469 3.076784 
0.261 1.37 1.55 0.4089 0.3964 0.0775 -0.0003 -0.010469 3.076786 
0.262 1.44 1.26 0.4038 0.4160 0.0779 -0.0003 -0.010469 3.076787 
0.263 1.44 1.65 0.4037 0.3899 0.0783 -0.0003 -0.010469 3.076788 
0.264 1.21 1.59 0.4193 0.3940 0.0787 -0.0003 -0.010469 3.076788 
0.265 1.45 1.59 0.4036 0.3940 0.0791 -0.0003 -0.010469 3.076784 
0.266 1.53 1.60 0.3981 0.3934 0.0795 -0.0003 -0.010469 3.076777 
0.267 1.51 1.62 0.3994 0.3919 0.0799 -0.0004 -0.010469 3.076770 
0.268 1.37 1.21 0.4086 0.4196 0.0803 -0.0004 -0.010469 3.076763 
0.269 1.46 1.56 0.4028 0.3958 0.0807 -0.0004 -0.010469 3.076759 
0.270 1.69 1.73 0.3872 0.3848 0.0811 -0.0004 -0.010469 3.076759 
0.271 1.50 1.63 0.3998 0.3911 0.0815 -0.0004 -0.010469 3.076761 
0.272 1.17 1.45 0.4223 0.4032 0.0819 -0.0004 -0.010469 3.076766 
0.273 1.49 1.54 0.4006 0.3975 0.0824 -0.0004 -0.010469 3.076769 
0.274 1.73 1.48 0.3844 0.4016 0.0828 -0.0004 -0.010469 3.076770 
0.275 1.55 1.61 0.3968 0.3924 0.0832 -0.0004 -0.010469 3.076772 
0.276 1.59 1.26 0.3938 0.4159 0.0836 -0.0004 -0.010469 3.076772 
0.277 1.42 1.62 0.4051 0.3919 0.0840 -0.0004 -0.010469 3.076771 
0.278 1.11 1.60 0.4261 0.3932 0.0844 -0.0004 -0.010469 3.076775 
0.279 1.46 1.71 0.4025 0.3860 0.0848 -0.0004 -0.010469 3.076782 
0.280 1.03 1.25 0.4315 0.4165 0.0852 -0.0004 -0.010469 3.076792 
0.281 1.47 1.62 0.4019 0.3921 0.0856 -0.0004 -0.010469 3.076798 
0.282 1.46 1.70 0.4027 0.3865 0.0860 -0.0004 -0.010469 3.076797 
0.283 1.56 1.66 0.3962 0.3897 0.0864 -0.0004 -0.010469 3.076791 
0.284 2.03 1.42 0.3647 0.4055 0.0868 -0.0004 -0.010469 3.076785 
0.285 1.48 1.57 0.4010 0.3953 0.0872 -0.0004 -0.010469 3.076783 
0.286 1.09 1.52 0.4271 0.3987 0.0876 -0.0004 -0.010469 3.076785 
0.287 1.48 1.61 0.4013 0.3924 0.0880 -0.0004 -0.010469 3.076786 
0.288 1.70 1.30 0.3870 0.4130 0.0884 -0.0004 -0.010469 3.076786 
0.289 1.49 1.54 0.4006 0.3974 0.0888 -0.0004 -0.010469 3.076789 
0.290 1.14 1.49 0.4237 0.4006 0.0892 -0.0004 -0.010469 3.076790 
0.291 1.49 1.60 0.4009 0.3932 0.0897 -0.0005 -0.010469 3.076784 
0.292 1.44 1.11 0.4041 0.4260 0.0901 -0.0005 -0.010469 3.076775 
0.293 1.42 1.55 0.4052 0.3964 0.0905 -0.0005 -0.010469 3.076768 
0.294 1.60 1.53 0.3930 0.3981 0.0909 -0.0005 -0.010469 3.076767 
0.295 1.49 1.66 0.4009 0.3895 0.0913 -0.0005 -0.010469 3.076769 
0.296 1.16 1.49 0.4227 0.4004 0.0917 -0.0005 -0.010469 3.076768 
0.297 1.45 1.54 0.4033 0.3969 0.0921 -0.0005 -0.010469 3.076763 
0.298 1.55 1.01 0.3965 0.4323 0.0925 -0.0005 -0.010469 3.076760 
0.299 1.50 1.64 0.3999 0.3909 0.0929 -0.0005 -0.010469 3.076757 
0.300 1.36 1.76 0.4091 0.3826 0.0933 -0.0005 -0.010469 3.076753 
0.301 1.42 1.67 0.4054 0.3888 0.0937 -0.0005 -0.010469 3.076749 
0.302 1.51 1.30 0.3993 0.4136 0.0941 -0.0005 -0.010469 3.076748 
0.303 1.50 1.74 0.4001 0.3842 0.0945 -0.0005 -0.010469 3.076753 
0.304 1.56 1.86 0.3962 0.3757 0.0949 -0.0005 -0.010469 3.076757 
0.305 1.48 1.86 0.4012 0.3757 0.0951 -0.0005 -0.013086 3.076756 
0.306 1.54 1.66 0.3972 0.3894 0.0953 -0.0005 -0.010469 3.076750 
0.307 1.67 1.49 0.3884 0.4006 0.0957 -0.0005 -0.010469 3.076744 
0.308 1.47 1.65 0.4018 0.3901 0.0963 -0.0005 -0.013086 3.076746 
0.309 1.35 1.29 0.4101 0.4136 0.0968 -0.0005 -0.013086 3.076750 
0.310 1.41 1.57 0.4059 0.3954 0.0972 -0.0005 -0.013086 3.076754 
0.311 1.42 1.25 0.4053 0.4166 0.0976 -0.0005 -0.013086 3.076757 
0.312 1.18 1.64 0.4214 0.3905 0.0980 -0.0005 -0.013086 3.076758 
0.313 1.42 1.57 0.4051 0.3952 0.0984 -0.0006 -0.013086 3.076755 
0.314 1.49 1.57 0.4007 0.3953 0.0988 -0.0006 -0.013086 3.076746 
0.315 1.48 1.58 0.4013 0.3944 0.0992 -0.0006 -0.013086 3.076739 
0.316 1.36 1.60 0.4094 0.3930 0.0996 -0.0006 -0.013086 3.076739 
0.317 1.42 1.19 0.4053 0.4206 0.1000 -0.0006 -0.013086 3.076742 
0.318 1.53 1.54 0.3981 0.3970 0.1002 -0.0006 -0.010469 3.076744 
0.319 1.70 1.71 0.3868 0.3860 0.1006 -0.0006 -0.010469 3.076744 
0.320 1.49 1.62 0.4006 0.3920 0.1012 -0.0006 -0.013086 3.076743 
0.321 1.39 1.44 0.4072 0.4040 0.1016 -0.0006 -0.013086 3.076744 
0.322 1.47 1.55 0.4021 0.3968 0.1018 -0.0006 -0.010469 3.076745 
0.323 1.69 1.45 0.3873 0.4035 0.1022 -0.0006 -0.010469 3.076740 
0.324 1.50 1.61 0.4001 0.3924 0.1026 -0.0006 -0.010469 3.076733 
0.325 1.53 1.26 0.3980 0.4163 0.1030 -0.0006 -0.010469 3.076730 
0.326 1.38 1.63 0.4082 0.3915 0.1034 -0.0006 -0.010469 3.076728 
0.327 1.21 1.59 0.4191 0.3939 0.1039 -0.0006 -0.010469 3.076725 
0.328 0.95 1.71 0.4365 0.3861 0.1045 -0.0006 -0.013086 3.076722 
0.329 1.41 1.25 0.4059 0.4166 0.1049 -0.0006 -0.013086 3.076720 
0.330 1.41 1.62 0.4060 0.3921 0.1053 -0.0006 -0.013086 3.076722 
0.331 1.54 1.72 0.3973 0.3854 0.1057 -0.0006 -0.013086 3.076725 
0.332 1.54 1.67 0.3973 0.3889 0.1059 -0.0006 -0.010469 3.076726 
0.333 2.01 1.43 0.3661 0.4048 0.1063 -0.0006 -0.010469 3.076726 
0.334 1.48 1.58 0.4016 0.3947 0.1067 -0.0006 -0.010469 3.076725 
0.335 1.09 1.53 0.4270 0.3981 0.1071 -0.0007 -0.010469 3.076724 
0.336 1.48 1.64 0.4013 0.3909 0.1075 -0.0007 -0.010469 3.076725 
0.337 1.66 1.38 0.3893 0.4082 0.1079 -0.0007 -0.010469 3.076725 
0.338 1.45 1.62 0.4031 0.3921 0.1083 -0.0007 -0.010469 3.076725 
0.339 1.12 1.56 0.4252 0.3959 0.1087 -0.0007 -0.010469 3.076731 
0.340 1.48 1.67 0.4013 0.3887 0.1091 -0.0007 -0.010469 3.076741 
0.341 1.41 1.15 0.4060 0.4231 0.1095 -0.0007 -0.010469 3.076747 
0.342 1.38 1.61 0.4081 0.3926 0.1099 -0.0007 -0.010469 3.076743 
0.343 1.58 1.54 0.3946 0.3972 0.1103 -0.0007 -0.010469 3.076735 
0.344 1.47 1.67 0.4022 0.3888 0.1107 -0.0007 -0.010469 3.076730 
0.345 1.16 1.52 0.4227 0.3983 0.1112 -0.0007 -0.010469 3.076728 
0.346 1.50 1.56 0.4001 0.3959 0.1116 -0.0007 -0.010469 3.076721 
0.347 1.51 1.03 0.3996 0.4316 0.1120 -0.0007 -0.010469 3.076711 
0.348 1.49 1.65 0.4004 0.3901 0.1124 -0.0007 -0.010469 3.076707 
0.349 1.38 1.77 0.4079 0.3820 0.1128 -0.0007 -0.010469 3.076710 
0.350 1.42 1.68 0.4053 0.3882 0.1132 -0.0007 -0.010469 3.076712 
0.351 1.52 1.31 0.3988 0.4126 0.1136 -0.0007 -0.010469 3.076713 
0.352 1.51 1.76 0.3991 0.3829 0.1140 -0.0007 -0.010469 3.076714 
0.353 1.60 1.84 0.3933 0.3773 0.1144 -0.0007 -0.010469 3.076718 
0.354 1.52 1.88 0.3983 0.3747 0.1146 -0.0007 -0.013086 3.076725 
0.355 1.73 1.66 0.3848 0.3893 0.1150 -0.0007 -0.013086 3.076728 
0.356 1.51 1.49 0.3990 0.4008 0.1154 -0.0007 -0.013086 3.076723 
0.357 1.29 1.64 0.4140 0.3903 0.1158 -0.0007 -0.013086 3.076715 
0.358 1.39 1.10 0.4073 0.4267 0.1162 -0.0008 -0.013086 3.076711 
0.359 1.45 1.56 0.4035 0.3958 0.1166 -0.0008 -0.013086 3.076717 
0.360 1.45 1.25 0.4033 0.4167 0.1170 -0.0008 -0.013086 3.076729 
0.361 1.21 1.64 0.4191 0.3907 0.1174 -0.0008 -0.013086 3.076739 
0.362 1.44 1.56 0.4038 0.3959 0.1178 -0.0008 -0.013086 3.076741 
0.363 1.53 1.56 0.3981 0.3958 0.1183 -0.0008 -0.013086 3.076736 
0.364 1.48 1.57 0.4017 0.3953 0.1187 -0.0008 -0.013086 3.076735 
0.365 1.39 1.59 0.4073 0.3938 0.1191 -0.0008 -0.013086 3.076739 
0.366 1.44 1.18 0.4040 0.4217 0.1195 -0.0008 -0.013086 3.076742 
0.367 1.71 1.53 0.3857 0.3979 0.1199 -0.0008 -0.013086 3.076744 
0.368 1.50 1.71 0.4003 0.3861 0.1203 -0.0008 -0.013086 3.076745 
0.369 1.18 1.60 0.4214 0.3931 0.1207 -0.0008 -0.013086 3.076750 
0.370 1.48 1.43 0.4016 0.4049 0.1211 -0.0008 -0.013086 3.076752 
0.371 1.70 1.52 0.3864 0.3986 0.1215 -0.0008 -0.013086 3.076747 
0.372 1.52 1.45 0.3983 0.4031 0.1219 -0.0008 -0.013086 3.076742 
0.373 1.58 1.60 0.3949 0.3932 0.1223 -0.0008 -0.013086 3.076742 
0.374 1.42 1.24 0.4056 0.4172 0.1227 -0.0008 -0.013086 3.076746 
0.375 1.09 1.60 0.4272 0.3931 0.1231 -0.0008 -0.013086 3.076747 
0.376 1.45 1.59 0.4030 0.3941 0.1235 -0.0008 -0.013086 3.076749 
0.377 1.01 1.69 0.4328 0.3871 0.1239 -0.0009 -0.013086 3.076752 
0.378 1.46 1.24 0.4028 0.4170 0.1243 -0.0009 -0.013086 3.076755 
0.379 1.42 1.60 0.4052 0.3934 0.1247 -0.0009 -0.013086 3.076753 
0.380 1.56 1.70 0.3959 0.3869 0.1251 -0.0009 -0.013086 3.076749 
0.381 2.03 1.65 0.3649 0.3903 0.1256 -0.0009 -0.013086 3.076748 
0.382 1.50 1.41 0.4001 0.4062 0.1260 -0.0009 -0.013086 3.076750 
0.383 1.12 1.56 0.4254 0.3958 0.1264 -0.0009 -0.013086 3.076747 
0.384 1.48 1.53 0.4011 0.3977 0.1268 -0.0009 -0.013086 3.076746 
0.385 1.68 1.66 0.3877 0.3896 0.1272 -0.0009 -0.013086 3.076748 
0.386 1.47 1.35 0.4021 0.4099 0.1276 -0.0009 -0.013086 3.076751 
0.387 1.14 1.59 0.4238 0.3942 0.1280 -0.0009 -0.013086 3.076753 
0.388 1.48 1.52 0.4011 0.3984 0.1284 -0.0009 -0.013086 3.076750 
0.389 1.42 1.63 0.4051 0.3912 0.1288 -0.0009 -0.013086 3.076744 
0.390 1.42 1.13 0.4052 0.4249 0.1292 -0.0009 -0.013086 3.076739 
0.391 1.64 1.58 0.3905 0.3949 0.1296 -0.0009 -0.013086 3.076734 
0.392 1.54 1.52 0.3974 0.3983 0.1300 -0.0009 -0.013086 3.076729 
0.393 1.22 1.65 0.4186 0.3897 0.1304 -0.0009 -0.013086 3.076725 
0.394 1.51 1.52 0.3994 0.3989 0.1308 -0.0009 -0.013086 3.076719 
0.395 1.59 1.55 0.3938 0.3964 0.1312 -0.0010 -0.013086 3.076714 
0.396 1.54 1.01 0.3974 0.4325 0.1316 -0.0010 -0.013086 3.076712 
0.397 1.39 1.65 0.4074 0.3902 0.1320 -0.0010 -0.013086 3.076711 
0.398 1.44 1.76 0.4039 0.3825 0.1325 -0.0010 -0.013086 3.076717 
0.399 1.54 1.67 0.3975 0.3889 0.1329 -0.0010 -0.013086 3.076727 
0.400 1.50 1.31 0.3998 0.4128 0.1333 -0.0010 -0.013086 3.076737 
0.401 1.57 1.75 0.3951 0.3836 0.1337 -0.0010 -0.013086 3.076743 
0.402 -6.02 -5.63 0.4016 0.3755 0.1341 -0.0010 -0.013086 3.076743 
0.403 -5.80 -5.76 0.3869 0.3842 0.1345 -0.0010 -0.013086 3.076738 
0.404 -5.69 -5.76 0.3795 0.3842 0.1347 -0.0010 -0.015704 3.076735 
0.405 -5.12 -5.56 0.3412 0.3704 0.1351 -0.0010 -0.015704 3.076738 
0.406 -5.12 -4.56 0.3412 0.3041 0.1353 -0.0010 -0.013086 3.076743 
0.407 -4.03 -3.84 0.2687 0.2562 0.1355 -0.0010 -0.015704 3.076748 
0.408 -3.83 -3.56 0.2551 0.2371 0.1357 -0.0010 -0.013086 3.076748 
0.409 -2.69 -3.25 0.1791 0.2167 0.1359 -0.0010 -0.015704 3.076737 
0.410 -2.69 -2.12 0.1791 0.1413 0.1359 -0.0010 -0.015704 3.076719 
0.411 -2.62 -1.57 0.1745 0.1048 0.1359 -0.0010 -0.015704 3.076711 
0.412 -1.83 -1.25 0.1220 0.0833 0.1359 -0.0010 -0.015704 3.076705 
0.413 -1.41 -1.04 0.0938 0.0691 0.1359 -0.0010 -0.015704 3.076712 
0.414 -1.14 -0.89 0.0762 0.0590 0.1359 -0.0010 -0.015704 3.076774 
0.415 -0.96 -0.77 0.0641 0.0515 0.1359 -0.0010 -0.015704 3.076811 
0.416 -0.83 -0.69 0.0554 0.0457 0.1359 -0.0010 -0.015704 3.076799 
0.417 -0.73 -0.62 0.0487 0.0411 0.1359 -0.0010 -0.015704 3.076782 
0.418 0.68 -0.56 -0.0456 0.0373 0.1357 -0.0010 -0.013086 3.076721 
0.419 0.68 0.53 -0.0456 -0.0356 0.1355 -0.0010 -0.015704 3.076690 
0.420 0.68 0.53 -0.0456 -0.0356 0.1355 -0.0010 -0.015704 3.076691 
0.421 0.68 0.53 -0.0456 -0.0356 0.1355 -0.0010 -0.015704 3.076707 
0.422 0.68 0.53 -0.0456 -0.0356 0.1355 -0.0010 -0.015704 3.076765 
0.423 1.34 0.53 -0.0896 -0.0356 0.1353 -0.0010 -0.013086 3.076792 
0.424 1.34 0.53 -0.0896 -0.0356 0.1353 -0.0010 -0.013086 3.076779 
0.425 1.34 1.05 -0.0896 -0.0703 0.1351 -0.0010 -0.015704 3.076751 
0.426 1.34 1.05 -0.0896 -0.0703 0.1351 -0.0010 -0.015704 3.076712 
0.427 1.24 1.05 -0.0828 -0.0703 0.1351 -0.0010 -0.015704 3.076689 
0.428 1.03 1.05 -0.0688 -0.0703 0.1351 -0.0010 -0.015704 3.076683 
0.429 0.88 1.05 -0.0588 -0.0703 0.1351 -0.0010 -0.015704 3.076673 
0.430 0.77 1.05 -0.0514 -0.0703 0.1351 -0.0010 -0.015704 3.076686 
0.431 0.68 0.91 -0.0456 -0.0605 0.1351 -0.0010 -0.015704 3.076715 
0.432 0.61 0.79 -0.0410 -0.0526 0.1351 -0.0010 -0.015704 3.076731 
0.433 0.56 0.70 -0.0372 -0.0466 0.1351 -0.0010 -0.015704 3.076719 
0.434 0.51 0.63 -0.0341 -0.0418 0.1351 -0.0010 -0.015704 3.076676 
0.435 0.47 0.57 -0.0315 -0.0379 0.1351 -0.0010 -0.015704 3.076638 
0.436 0.44 0.52 -0.0292 -0.0347 0.1351 -0.0010 -0.015704 3.076643 
0.437 0.41 0.48 -0.0272 -0.0319 0.1351 -0.0010 -0.015704 3.076668 
0.438 0.38 0.44 -0.0255 -0.0296 0.1351 -0.0010 -0.015704 3.076716 
0.439 0.36 0.41 -0.0240 -0.0276 0.1351 -0.0010 -0.015704 3.076735 
0.440 0.34 0.39 -0.0227 -0.0258 0.1351 -0.0010 -0.015704 3.076682 
0.441 0.32 0.36 -0.0215 -0.0243 0.1351 -0.0010 -0.015704 3.076640 
0.442 -0.32 0.34 0.0210 -0.0229 0.1353 -0.0010 -0.018321 3.076636 
0.443 -0.32 0.33 0.0210 -0.0217 0.1353 -0.0010 -0.018321 3.076685 
0.444 -0.32 0.31 0.0210 -0.0206 0.1353 -0.0010 -0.018321 3.076765 
0.445 -0.32 -0.30 0.0210 0.0198 0.1355 -0.0010 -0.015704 3.076778 
0.446 -0.32 -0.30 0.0210 0.0198 0.1355 -0.0010 -0.015704 3.076721 
0.447 -0.32 -0.30 0.0210 0.0198 0.1355 -0.0010 -0.015704 3.076662 
0.448 -0.32 -0.30 0.0210 0.0198 0.1355 -0.0010 -0.015704 3.076649 
0.449 -0.32 -0.30 0.0210 0.0198 0.1355 -0.0010 -0.015704 3.076667 
0.450 -0.32 -0.30 0.0210 0.0198 0.1355 -0.0010 -0.015704 3.076674 
0.451 -0.32 -0.30 0.0210 0.0198 0.1355 -0.0010 -0.015704 3.076671 
0.452 -0.32 -0.30 0.0210 0.0198 0.1355 -0.0010 -0.015704 3.076670 
0.453 -0.32 -0.30 0.0210 0.0198 0.1355 -0.0010 -0.015704 3.076680 
0.454 -0.32 -0.30 0.0210 0.0198 0.1355 -0.0010 -0.015704 3.076702 
0.455 -0.32 -0.30 0.0210 0.0198 0.1355 -0.0010 -0.015704 3.076711 
0.456 0.43 -0.30 -0.0290 0.0198 0.1353 -0.0010 -0.013086 3.076706 
0.457 0.43 -0.30 -0.0290 0.0198 0.1353 -0.0010 -0.013086 3.076698 
0.458 0.43 -0.30 -0.0290 0.0198 0.1353 -0.0010 -0.013086 3.076699 
0.459 0.43 0.44 -0.0290 -0.0292 0.1351 -0.0010 -0.015704 3.076715 
0.460 0.43 0.44 -0.0290 -0.0292 0.1351 -0.0010 -0.015704 3.076731 
0.461 0.43 0.44 -0.0290 -0.0292 0.1351 -0.0010 -0.015704 3.076738 
0.462 0.43 0.44 -0.0290 -0.0292 0.1351 -0.0010 -0.015704 3.076730 
0.463 0.43 0.44 -0.0290 -0.0292 0.1351 -0.0010 -0.015704 3.076715 
0.464 0.43 0.44 -0.0290 -0.0292 0.1351 -0.0010 -0.015704 3.076709 
0.465 0.43 0.44 -0.0290 -0.0292 0.1351 -0.0010 -0.015704 3.076718 
0.466 0.43 0.44 -0.0290 -0.0292 0.1351 -0.0010 -0.015704 3.076727 
0.467 0.43 0.44 -0.0290 -0.0292 0.1351 -0.0010 -0.015704 3.076726 
0.468 0.43 0.44 -0.0290 -0.0292 0.1351 -0.0010 -0.015704 3.076730 
0.469 0.43 0.44 -0.0290 -0.0292 0.1351 -0.0010 -0.015704 3.076730 
0.470 0.42 0.44 -0.0278 -0.0292 0.1351 -0.0010 -0.015704 3.076727 
0.471 0.39 0.44 -0.0260 -0.0292 0.1351 -0.0010 -0.015704 3.076724 
0.472 0.37 0.44 -0.0244 -0.0292 0.1351 -0.0010 -0.015704 3.076722 
0.473 0.34 0.42 -0.0230 -0.0283 0.1351 -0.0010 -0.015704 3.076727 
0.474 0.33 0.40 -0.0218 -0.0264 0.1351 -0.0010 -0.015704 3.076742 
0.475 0.31 0.37 -0.0207 -0.0248 0.1351 -0.0010 -0.015704 3.076760 
0.476 0.29 0.35 -0.0197 -0.0234 0.1351 -0.0010 -0.015704 3.076765 
0.477 0.28 -0.35 -0.0188 0.0233 0.1353 -0.0010 -0.013086 3.076757 
0.478 0.27 -0.35 -0.0179 0.0233 0.1353 -0.0010 -0.013086 3.076742 
0.479 0.26 -0.35 -0.0172 0.0233 0.1353 -0.0010 -0.013086 3.076727 
0.480 0.25 -0.35 -0.0165 0.0233 0.1353 -0.0010 -0.013086 3.076723 
0.481 0.24 -0.35 -0.0158 0.0233 0.1353 -0.0010 -0.013086 3.076731 
0.482 0.23 -0.35 -0.0152 0.0233 0.1353 -0.0010 -0.013086 3.076742 
0.483 0.22 -0.35 -0.0147 0.0233 0.1353 -0.0010 -0.013086 3.076746 
0.484 -0.21 -0.35 0.0142 0.0233 0.1355 -0.0010 -0.015704 3.076741 
0.485 -0.21 -0.35 0.0142 0.0233 0.1355 -0.0010 -0.015704 3.076732 
0.486 -0.21 -0.35 0.0142 0.0233 0.1355 -0.0010 -0.015704 3.076726 
0.487 -0.21 -0.35 0.0142 0.0233 0.1355 -0.0010 -0.015704 3.076723 
0.488 -0.21 0.51 0.0142 -0.0341 0.1353 -0.0010 -0.018321 3.076723 
0.489 -0.21 0.51 0.0142 -0.0341 0.1353 -0.0010 -0.018321 3.076728 
0.490 -0.21 0.51 0.0142 -0.0341 0.1353 -0.0010 -0.018321 3.076738 
0.491 0.92 0.51 -0.0616 -0.0341 0.1351 -0.0010 -0.015704 3.076750 
0.492 0.92 0.51 -0.0616 -0.0341 0.1351 -0.0010 -0.015704 3.076755 
0.493 0.92 0.51 -0.0616 -0.0341 0.1351 -0.0010 -0.015704 3.076750 
0.494 0.92 0.51 -0.0616 -0.0341 0.1351 -0.0010 -0.015704 3.076742 
0.495 0.92 0.51 -0.0616 -0.0341 0.1351 -0.0010 -0.015704 3.076740 
0.496 0.92 0.51 -0.0616 -0.0341 0.1351 -0.0010 -0.015704 3.076746 
0.497 0.92 0.51 -0.0616 -0.0341 0.1351 -0.0010 -0.015704 3.076754 
0.498 0.81 0.51 -0.0540 -0.0341 0.1351 -0.0010 -0.015704 3.076763 
0.499 0.71 0.51 -0.0476 -0.0341 0.1351 -0.0010 -0.015704 3.076772 
0.500 -0.64 0.51 0.0430 -0.0338 0.1353 -0.0010 -0.018321 3.076776 
0.501 -0.64 0.47 0.0430 -0.0312 0.1353 -0.0010 -0.018321 3.076776 
0.502 -0.64 -0.44 0.0430 0.0292 0.1355 -0.0010 -0.015704 3.076772 
0.503 -0.64 -0.44 0.0430 0.0292 0.1355 -0.0010 -0.015704 3.076765 
0.504 -0.64 -0.44 0.0430 0.0292 0.1355 -0.0010 -0.015704 3.076760 
0.505 -0.64 -0.44 0.0430 0.0292 0.1355 -0.0010 -0.015704 3.076761 
0.506 -0.64 -0.44 0.0430 0.0292 0.1355 -0.0010 -0.015704 3.076767 
0.507 -0.64 -0.44 0.0430 0.0292 0.1355 -0.0010 -0.015704 3.076770 
0.508 -0.64 -0.44 0.0430 0.0292 0.1355 -0.0010 -0.015704 3.076764 
0.509 -0.64 -0.44 0.0430 0.0292 0.1355 -0.0010 -0.015704 3.076753 
0.510 -0.60 -0.44 0.0403 0.0292 0.1355 -0.0010 -0.015704 3.076743 
0.511 0.58 -0.44 -0.0390 0.0292 0.1353 -0.0010 -0.013086 3.076739 
0.512 0.58 -0.44 -0.0390 0.0292 0.1353 -0.0010 -0.013086 3.076741 
0.513 0.58 0.55 -0.0390 -0.0369 0.1351 -0.0010 -0.015704 3.076740 
0.514 0.58 0.55 -0.0390 -0.0369 0.1351 -0.0010 -0.015704 3.076733 
0.515 0.58 0.55 -0.0390 -0.0369 0.1351 -0.0010 -0.015704 3.076723 
0.516 0.58 0.55 -0.0390 -0.0369 0.1351 -0.0010 -0.015704 3.076716 
0.517 0.58 0.55 -0.0390 -0.0369 0.1351 -0.0010 -0.015704 3.076715 
0.518 0.58 0.55 -0.0390 -0.0369 0.1351 -0.0010 -0.015704 3.076719 
0.519 0.58 0.55 -0.0390 -0.0369 0.1351 -0.0010 -0.015704 3.076723 
0.520 0.58 0.55 -0.0390 -0.0369 0.1351 -0.0010 -0.015704 3.076723 
0.521 0.57 0.55 -0.0381 -0.0369 0.1351 -0.0010 -0.015704 3.076719 
0.522 0.52 0.55 -0.0348 -0.0369 0.1351 -0.0010 -0.015704 3.076715 
0.523 0.48 0.55 -0.0320 -0.0369 0.1351 -0.0010 -0.015704 3.076716 
0.524 0.45 0.55 -0.0297 -0.0365 0.1351 -0.0010 -0.015704 3.076716 
0.525 0.41 0.50 -0.0277 -0.0335 0.1351 -0.0010 -0.015704 3.076716 
0.526 0.39 0.46 -0.0259 -0.0309 0.1351 -0.0010 -0.015704 3.076720 
0.527 0.36 0.43 -0.0244 -0.0288 0.1351 -0.0010 -0.015704 3.076724 
0.528 0.34 0.40 -0.0230 -0.0268 0.1351 -0.0010 -0.015704 3.076728 
0.529 0.33 0.38 -0.0217 -0.0252 0.1351 -0.0010 -0.015704 3.076733 
0.530 0.31 -0.36 -0.0206 0.0243 0.1353 -0.0010 -0.013086 3.076740 
0.531 0.29 -0.36 -0.0196 0.0243 0.1353 -0.0010 -0.013086 3.076747 
0.532 0.28 -0.36 -0.0187 0.0243 0.1353 -0.0010 -0.013086 3.076751 
0.533 0.27 -0.36 -0.0179 0.0243 0.1353 -0.0010 -0.013086 3.076755 
0.534 0.26 -0.36 -0.0171 0.0243 0.1353 -0.0010 -0.013086 3.076760 
0.535 -0.26 -0.36 0.0171 0.0243 0.1355 -0.0010 -0.015704 3.076762 
0.536 -0.26 -0.36 0.0171 0.0243 0.1355 -0.0010 -0.015704 3.076760 
0.537 -0.26 -0.36 0.0171 0.0243 0.1355 -0.0010 -0.015704 3.076754 
0.538 -0.26 -0.36 0.0171 0.0243 0.1355 -0.0010 -0.015704 3.076747 
0.539 -0.26 -0.36 0.0171 0.0243 0.1355 -0.0010 -0.015704 3.076740 
0.540 -0.26 -0.36 0.0171 0.0243 0.1355 -0.0010 -0.015704 3.076736 
0.541 -0.26 -0.36 0.0171 0.0243 0.1355 -0.0010 -0.015704 3.076734 
0.542 -0.26 -0.36 0.0171 0.0243 0.1355 -0.0010 -0.015704 3.076727 
0.543 -0.26 0.47 0.0171 -0.0312 0.1353 -0.0010 -0.018321 3.076717 
0.544 -0.26 0.47 0.0171 -0.0312 0.1353 -0.0010 -0.018321 3.076709 
0.545 -0.26 0.47 0.0171 -0.0312 0.1353 -0.0010 -0.018321 3.076702 
0.546 0.53 0.47 -0.0355 -0.0312 0.1351 -0.0010 -0.015704 3.076694 
0.547 0.53 0.47 -0.0355 -0.0312 0.1351 -0.0010 -0.015704 3.076689 
0.548 0.53 0.47 -0.0355 -0.0312 0.1351 -0.0010 -0.015704 3.076685 
0.549 0.53 0.47 -0.0355 -0.0312 0.1351 -0.0010 -0.015704 3.076685 
0.550 0.53 0.47 -0.0355 -0.0312 0.1351 -0.0010 -0.015704 3.076685 
0.551 0.53 0.47 -0.0355 -0.0312 0.1351 -0.0010 -0.015704 3.076686 
0.552 0.53 0.47 -0.0355 -0.0312 0.1351 -0.0010 -0.015704 3.076689 
0.553 0.53 0.47 -0.0355 -0.0312 0.1351 -0.0010 -0.015704 3.076696 
0.554 0.53 0.47 -0.0355 -0.0312 0.1351 -0.0010 -0.015704 3.076704 
0.555 0.53 0.47 -0.0355 -0.0312 0.1351 -0.0010 -0.015704 3.076707 
0.556 0.53 0.45 -0.0355 -0.0302 0.1351 -0.0010 -0.015704 3.076710 
0.557 0.53 0.42 -0.0355 -0.0281 0.1351 -0.0010 -0.015704 3.076715 
0.558 0.49 0.39 -0.0326 -0.0263 0.1351 -0.0010 -0.015704 3.076720 
0.559 0.45 0.37 -0.0302 -0.0247 0.1351 -0.0010 -0.015704 3.076723 
0.560 0.42 0.35 -0.0281 -0.0233 0.1351 -0.0010 -0.015704 3.076725 
0.561 0.39 -0.34 -0.0263 0.0229 0.1353 -0.0010 -0.013086 3.076725 
0.562 0.37 -0.34 -0.0247 0.0229 0.1353 -0.0010 -0.013086 3.076724 
0.563 0.35 -0.34 -0.0233 0.0229 0.1353 -0.0010 -0.013086 3.076724 
0.564 0.33 -0.34 -0.0220 0.0229 0.1353 -0.0010 -0.013086 3.076725 
0.565 -0.32 -0.34 0.0211 0.0229 0.1355 -0.0010 -0.015704 3.076726 
0.566 -0.32 -0.34 0.0211 0.0229 0.1355 -0.0010 -0.015704 3.076729 
0.567 -0.32 -0.34 0.0211 0.0229 0.1355 -0.0010 -0.015704 3.076732 
0.568 -0.32 -0.34 0.0211 0.0229 0.1355 -0.0010 -0.015704 3.076734 
0.569 -0.32 -0.34 0.0211 0.0229 0.1355 -0.0010 -0.015704 3.076735 
0.570 -0.32 -0.34 0.0211 0.0229 0.1355 -0.0010 -0.015704 3.076737 
0.571 -0.32 -0.34 0.0211 0.0229 0.1355 -0.0010 -0.015704 3.076740 
0.572 -0.32 -0.34 0.0211 0.0229 0.1355 -0.0010 -0.015704 3.076740 
0.573 -0.32 -0.34 0.0211 0.0229 0.1355 -0.0010 -0.015704 3.076736 
0.574 -0.32 0.47 0.0211 -0.0316 0.1353 -0.0010 -0.018321 3.076731 
0.575 0.64 0.47 -0.0424 -0.0316 0.1351 -0.0010 -0.015704 3.076726 
0.576 0.64 0.47 -0.0424 -0.0316 0.1351 -0.0010 -0.015704 3.076724 
0.577 0.64 0.47 -0.0424 -0.0316 0.1351 -0.0010 -0.015704 3.076723 
0.578 0.64 0.47 -0.0424 -0.0316 0.1351 -0.0010 -0.015704 3.076719 
0.579 0.64 0.47 -0.0424 -0.0316 0.1351 -0.0010 -0.015704 3.076717 
0.580 0.64 0.47 -0.0424 -0.0316 0.1351 -0.0010 -0.015704 3.076717 
0.581 0.64 0.47 -0.0424 -0.0316 0.1351 -0.0010 -0.015704 3.076718 
0.582 0.64 0.47 -0.0424 -0.0316 0.1351 -0.0010 -0.015704 3.076720 
0.583 0.64 0.47 -0.0424 -0.0316 0.1351 -0.0010 -0.015704 3.076728 
0.584 0.63 0.47 -0.0420 -0.0316 0.1351 -0.0010 -0.015704 3.076736 
0.585 0.57 0.47 -0.0380 -0.0316 0.1351 -0.0010 -0.015704 3.076742 
0.586 0.52 0.47 -0.0348 -0.0316 0.1351 -0.0010 -0.015704 3.076745 
0.587 0.48 0.44 -0.0320 -0.0293 0.1351 -0.0010 -0.015704 3.076745 
0.588 0.45 0.41 -0.0297 -0.0274 0.1351 -0.0010 -0.015704 3.076744 
0.589 0.41 0.38 -0.0277 -0.0256 0.1351 -0.0010 -0.015704 3.076746 
0.590 0.39 -0.38 -0.0259 0.0253 0.1353 -0.0010 -0.013086 3.076749 
0.591 -0.38 -0.38 0.0257 0.0253 0.1355 -0.0010 -0.015704 3.076749 
0.592 -0.38 -0.38 0.0257 0.0253 0.1355 -0.0010 -0.015704 3.076751 
0.593 -0.38 -0.38 0.0257 0.0253 0.1355 -0.0010 -0.015704 3.076757 
0.594 -0.38 -0.38 0.0257 0.0253 0.1355 -0.0010 -0.015704 3.076762 
0.595 -0.38 -0.38 0.0257 0.0253 0.1355 -0.0010 -0.015704 3.076763 
0.596 -0.38 -0.38 0.0257 0.0253 0.1355 -0.0010 -0.015704 3.076761 
0.597 -0.38 -0.38 0.0257 0.0253 0.1355 -0.0010 -0.015704 3.076756 
0.598 -0.38 -0.38 0.0257 0.0253 0.1355 -0.0010 -0.015704 3.076754 
0.599 -0.38 -0.38 0.0257 0.0253 0.1355 -0.0010 -0.015704 3.076753 
0.600 -0.38 -0.38 0.0257 0.0253 0.1355 -0.0010 -0.015704 3.076751 
0.601 -0.38 -0.38 0.0257 0.0253 0.1355 -0.0010 -0.015704 3.076749 
0.602 0.53 0.51 -0.0353 -0.0342 0.1351 -0.0010 -0.015704 3.076746 
0.603 0.53 0.51 -0.0353 -0.0342 0.1351 -0.0010 -0.015704 3.076742 
0.604 0.53 0.51 -0.0353 -0.0342 0.1351 -0.0010 -0.015704 3.076739 
0.605 0.53 0.51 -0.0353 -0.0342 0.1351 -0.0010 -0.015704 3.076734 
0.606 0.53 0.51 -0.0353 -0.0342 0.1351 -0.0010 -0.015704 3.076726 
0.607 0.53 0.51 -0.0353 -0.0342 0.1351 -0.0010 -0.015704 3.076722 
0.608 0.53 0.51 -0.0353 -0.0342 0.1351 -0.0010 -0.015704 3.076720 
0.609 0.53 0.51 -0.0353 -0.0342 0.1351 -0.0010 -0.015704 3.076718 
0.610 0.53 0.51 -0.0353 -0.0342 0.1351 -0.0010 -0.015704 3.076719 
0.611 0.53 0.51 -0.0353 -0.0342 0.1351 -0.0010 -0.015704 3.076723 
0.612 0.53 0.51 -0.0353 -0.0342 0.1351 -0.0010 -0.015704 3.076726 
0.613 0.53 0.51 -0.0353 -0.0340 0.1351 -0.0010 -0.015704 3.076726 
0.614 0.49 0.47 -0.0329 -0.0314 0.1351 -0.0010 -0.015704 3.076725 
0.615 0.46 0.44 -0.0304 -0.0291 0.1351 -0.0010 -0.015704 3.076726 
0.616 0.42 0.41 -0.0283 -0.0272 0.1351 -0.0010 -0.015704 3.076730 
0.617 0.40 0.38 -0.0264 -0.0255 0.1351 -0.0010 -0.015704 3.076735 
0.618 0.37 0.36 -0.0248 -0.0240 0.1351 -0.0010 -0.015704 3.076738 
0.619 0.35 0.34 -0.0234 -0.0226 0.1351 -0.0010 -0.015704 3.076738 
0.620 0.33 -0.33 -0.0221 0.0223 0.1353 -0.0010 -0.013086 3.076737 
0.621 0.31 -0.33 -0.0210 0.0223 0.1353 -0.0010 -0.013086 3.076741 
0.622 0.30 -0.33 -0.0199 0.0223 0.1353 -0.0010 -0.013086 3.076749 
0.623 0.28 -0.33 -0.0190 0.0223 0.1353 -0.0010 -0.013086 3.076754 
0.624 -0.28 -0.33 0.0187 0.0223 0.1355 -0.0010 -0.015704 3.076755 
0.625 -0.28 -0.33 0.0187 0.0223 0.1355 -0.0010 -0.015704 3.076756 
0.626 -0.28 -0.33 0.0187 0.0223 0.1355 -0.0010 -0.015704 3.076756 
0.627 -0.28 -0.33 0.0187 0.0223 0.1355 -0.0010 -0.015704 3.076757 
0.628 -0.28 -0.33 0.0187 0.0223 0.1355 -0.0010 -0.015704 3.076759 
0.629 -0.28 -0.33 0.0187 0.0223 0.1355 -0.0010 -0.015704 3.076758 
0.630 -0.28 -0.33 0.0187 0.0223 0.1355 -0.0010 -0.015704 3.076754 
0.631 -0.28 -0.33 0.0187 0.0223 0.1355 -0.0010 -0.015704 3.076751 
0.632 -0.28 -0.33 0.0187 0.0223 0.1355 -0.0010 -0.015704 3.076748 
0.633 -0.28 0.44 0.0187 -0.0296 0.1353 -0.0010 -0.018321 3.076742 
0.634 0.63 0.44 -0.0418 -0.0296 0.1351 -0.0010 -0.015704 3.076742 
0.635 0.63 0.44 -0.0418 -0.0296 0.1351 -0.0010 -0.015704 3.076745 
0.636 0.63 0.44 -0.0418 -0.0296 0.1351 -0.0010 -0.015704 3.076746 
0.637 0.63 0.44 -0.0418 -0.0296 0.1351 -0.0010 -0.015704 3.076746 
0.638 0.63 0.44 -0.0418 -0.0296 0.1351 -0.0010 -0.015704 3.076743 
0.639 0.63 0.44 -0.0418 -0.0296 0.1351 -0.0010 -0.015704 3.076741 
0.640 0.63 0.44 -0.0418 -0.0296 0.1351 -0.0010 -0.015704 3.076742 
0.641 0.63 0.44 -0.0418 -0.0296 0.1351 -0.0010 -0.015704 3.076747 
0.642 0.63 0.44 -0.0418 -0.0296 0.1351 -0.0010 -0.015704 3.076755 
0.643 0.61 0.44 -0.0408 -0.0296 0.1351 -0.0010 -0.015704 3.076761 
0.644 0.56 0.44 -0.0371 -0.0296 0.1351 -0.0010 -0.015704 3.076762 
0.645 0.51 0.44 -0.0340 -0.0296 0.1351 -0.0010 -0.015704 3.076759 
0.646 0.47 0.44 -0.0313 -0.0296 0.1351 -0.0010 -0.015704 3.076757 
0.647 0.44 0.43 -0.0291 -0.0289 0.1351 -0.0010 -0.015704 3.076760 
0.648 0.41 -0.41 -0.0271 0.0271 0.1353 -0.0010 -0.013086 3.076767 
0.649 0.38 -0.41 -0.0254 0.0271 0.1353 -0.0010 -0.013086 3.076774 
0.650 -0.38 -0.41 0.0250 0.0271 0.1355 -0.0010 -0.015704 3.076778 
0.651 -0.38 -0.41 0.0250 0.0271 0.1355 -0.0010 -0.015704 3.076780 
0.652 -0.38 -0.41 0.0250 0.0271 0.1355 -0.0010 -0.015704 3.076783 
0.653 -0.38 -0.41 0.0250 0.0271 0.1355 -0.0010 -0.015704 3.076788 
0.654 -0.38 -0.41 0.0250 0.0271 0.1355 -0.0010 -0.015704 3.076795 
0.655 -0.38 -0.41 0.0250 0.0271 0.1355 -0.0010 -0.015704 3.076804 
0.656 -0.38 -0.41 0.0250 0.0271 0.1355 -0.0010 -0.015704 3.076807 
0.657 -0.38 -0.41 0.0250 0.0271 0.1355 -0.0010 -0.015704 3.076802 
0.658 -0.38 -0.41 0.0250 0.0271 0.1355 -0.0010 -0.015704 3.076794 
0.659 -0.38 0.58 0.0250 -0.0388 0.1353 -0.0010 -0.018321 3.076789 
0.660 -0.38 0.58 0.0250 -0.0388 0.1353 -0.0010 -0.018321 3.076787 
0.661 0.54 0.58 -0.0359 -0.0388 0.1351 -0.0010 -0.015704 3.076785 
0.662 0.54 0.58 -0.0359 -0.0388 0.1351 -0.0010 -0.015704 3.076783 
0.663 0.54 0.58 -0.0359 -0.0388 0.1351 -0.0010 -0.015704 3.076781 
0.664 0.54 0.58 -0.0359 -0.0388 0.1351 -0.0010 -0.015704 3.076783 
0.665 0.54 0.58 -0.0359 -0.0388 0.1351 -0.0010 -0.015704 3.076786 
0.666 0.54 0.58 -0.0359 -0.0388 0.1351 -0.0010 -0.015704 3.076788 
0.667 0.54 0.58 -0.0359 -0.0388 0.1351 -0.0010 -0.015704 3.076790 
0.668 0.54 0.58 -0.0359 -0.0388 0.1351 -0.0010 -0.015704 3.076789 
0.669 0.54 0.57 -0.0359 -0.0383 0.1351 -0.0010 -0.015704 3.076787 
0.670 0.54 0.52 -0.0359 -0.0350 0.1351 -0.0010 -0.015704 3.076785 
0.671 0.54 0.48 -0.0359 -0.0322 0.1351 -0.0010 -0.015704 3.076785 
0.672 0.53 0.45 -0.0355 -0.0298 0.1351 -0.0010 -0.015704 3.076784 
0.673 0.49 0.42 -0.0327 -0.0278 0.1351 -0.0010 -0.015704 3.076780 
0.6
0.675 0.42 -0.41 -0.0281 0.0273 0.1353 -0.0010 -0.013086 3.076775 
0.676 0.39 -0.41 -0.0263 0.0273 0.1353 -0.0010 -0.013086 3.076780 
0.677 0.37 -0.41 -0.0247 0.0273 0.1353 -0.0010 -0.013086 3.076788 
0.678 0.35 -0.41 -0.0233 0.0273 0.1353 -0.0010 -0.013086 3.076795 
0.679 0.33 -0.41 -0.0220 0.0273 0.1353 -0.0010 -0.013086 3.076800 
0.680 0.31 -0.41 -0.0209 0.0273 0.1353 -0.0010 -0.013086 3.076804 
0.681 0.30 -0.41 -0.0199 0.0273 0.1353 -0.0010 -0.013086 3.076808 
0.682 -0.28 -0.41 0.0189 0.0273 0.1355 -0.0010 -0.015704 3.076810 
0.683 -0.28 -0.41 0.0189 0.0273 0.1355 -0.0010 -0.015704 3.076810 
0.684 -0.28 -0.41 0.0189 0.0273 0.1355 -0.0010 -0.015704 3.076809 
0.685 -0.28 -0.41 0.0189 0.0273 0.1355 -0.0010 -0.015704 3.076807 
0.686 -0.28 -0.41 0.0189 0.0273 0.1355 -0.0010 -0.015704 3.076804 
0.687 -0.28 -0.41 0.0189 0.0273 0.1355 -0.0010 -0.015704 3.076800 
0.688 -0.28 0.43 0.0189 -0.0284 0.1353 -0.0010 -0.018321 3.076798 
0.689 -0.28 0.43 0.0189 -0.0284 0.1353 -0.0010 -0.018321 3.076798 
0.690 -0.28 0.43 0.0189 -0.0284 0.1353 -0.0010 -0.018321 3.076795 
0.691 0.68 0.43 -0.0456 -0.0284 0.1351 -0.0010 -0.015704 3.076793 
0.692 0.68 0.43 -0.0456 -0.0284 0.1351 -0.0010 -0.015704 3.076794 
0.693 0.68 0.43 -0.0456 -0.0284 0.1351 -0.0010 -0.015704 3.076793 
0.694 0.68 0.43 -0.0456 -0.0284 0.1351 -0.0010 -0.015704 3.076791 
0.695 0.68 0.43 -0.0456 -0.0284 0.1351 -0.0010 -0.015704 3.076787 
0.696 0.68 0.43 -0.0456 -0.0284 0.1351 -0.0010 -0.015704 3.076782 
0.697 0.68 0.43 -0.0456 -0.0284 0.1351 -0.0010 -0.015704 3.076777 
0.698 0.68 0.43 -0.0456 -0.0284 0.1351 -0.0010 -0.015704 3.076770 
0.699 0.68 0.43 -0.0456 -0.0284 0.1351 -0.0010 -0.015704 3.076766 
0.700 0.67 0.43 -0.0445 -0.0284 0.1351 -0.0010 -0.015704 3.076769 
0.701 0.60 0.43 -0.0401 -0.0284 0.1351 -0.0010 -0.015704 3.076772 
0.702 0.55 0.42 -0.0365 -0.0280 0.1351 -0.0010 -0.015704 3.076769 
0.703 0.50 0.39 -0.0335 -0.0262 0.1351 -0.0010 -0.015704 3.076764 
0.704 0.46 0.37 -0.0309 -0.0246 0.1351 -0.0010 -0.015704 3.076759 
0.705 -0.46 0.35 0.0309 -0.0232 0.1353 -0.0010 -0.018321 3.076761 
0.706 -0.46 0.33 0.0309 -0.0220 0.1353 -0.0010 -0.018321 3.076767 
0.707 -0.46 0.31 0.0309 -0.0208 0.1353 -0.0010 -0.018321 3.076769 
0.708 -0.46 0.30 0.0309 -0.0198 0.1353 -0.0010 -0.018321 3.076770 
0.709 -0.46 0.28 0.0309 -0.0189 0.1353 -0.0010 -0.018321 3.076771 
0.710 -0.46 0.27 0.0309 -0.0180 0.1353 -0.0010 -0.018321 3.076768 
0.711 -0.46 -0.26 0.0309 0.0174 0.1355 -0.0010 -0.015704 3.076764 
0.712 -0.46 -0.26 0.0309 0.0174 0.1355 -0.0010 -0.015704 3.076761 
0.713 -0.46 -0.26 0.0309 0.0174 0.1355 -0.0010 -0.015704 3.076761 
0.714 -0.46 -0.26 0.0309 0.0174 0.1355 -0.0010 -0.015704 3.076763 
0.715 -0.46 -0.26 0.0309 0.0174 0.1355 -0.0010 -0.015704 3.076766 
0.716 0.52 -0.26 -0.0344 0.0174 0.1353 -0.0010 -0.013086 3.076767 
0.717 0.52 -0.26 -0.0344 0.0174 0.1353 -0.0010 -0.013086 3.076765 
0.718 0.52 -0.26 -0.0344 0.0174 0.1353 -0.0010 -0.013086 3.076763 
0.719 0.52 -0.26 -0.0344 0.0174 0.1353 -0.0010 -0.013086 3.076764 
0.720 0.52 -0.26 -0.0344 0.0174 0.1353 -0.0010 -0.013086 3.076762 
0.721 0.52 -0.26 -0.0344 0.0174 0.1353 -0.0010 -0.013086 3.076760 
0.722 0.52 -0.26 -0.0344 0.0174 0.1353 -0.0010 -0.013086 3.076759 
0.723 0.52 0.53 -0.0344 -0.0353 0.1351 -0.0010 -0.015704 3.076759 
0.724 0.52 0.53 -0.0344 -0.0353 0.1351 -0.0010 -0.015704 3.076757 
0.725 0.52 0.53 -0.0344 -0.0353 0.1351 -0.0010 -0.015704 3.076755 
0.726 0.52 0.53 -0.0344 -0.0353 0.1351 -0.0010 -0.015704 3.076751 
0.727 0.52 0.53 -0.0344 -0.0353 0.1351 -0.0010 -0.015704 3.076747 
0.728 0.50 0.53 -0.0333 -0.0353 0.1351 -0.0010 -0.015704 3.076742 
0.729 0.46 0.53 -0.0308 -0.0353 0.1351 -0.0010 -0.015704 3.076743 
0.730 0.43 0.53 -0.0286 -0.0353 0.1351 -0.0010 -0.015704 3.076745 
0.731 0.40 0.53 -0.0267 -0.0353 0.1351 -0.0010 -0.015704 3.076746 
0.732 0.38 0.53 -0.0251 -0.0353 0.1351 -0.0010 -0.015704 3.076750 
0.733 0.35 0.53 -0.0236 -0.0353 0.1351 -0.0010 -0.015704 3.076752 
0.734 0.34 0.52 -0.0223 -0.0347 0.1351 -0.0010 -0.015704 3.076750 
0.735 0.32 0.48 -0.0212 -0.0320 0.1351 -0.0010 -0.015704 3.076744 
0.736 0.30 -0.47 -0.0201 0.0311 0.1353 -0.0010 -0.013086 3.076741 
0.737 0.29 -0.47 -0.0192 0.0311 0.1353 -0.0010 -0.013086 3.076739 
0.738 0.27 -0.47 -0.0183 0.0311 0.1353 -0.0010 -0.013086 3.076736 
0.739 0.26 -0.47 -0.0175 0.0311 0.1353 -0.0010 -0.013086 3.076735 
0.740 -0.26 -0.47 0.0172 0.0311 0.1355 -0.0010 -0.015704 3.076738 
0.741 -0.26 -0.47 0.0172 0.0311 0.1355 -0.0010 -0.015704 3.076741 
0.742 -0.26 -0.47 0.0172 0.0311 0.1355 -0.0010 -0.015704 3.076743 
0.743 -0.26 -0.47 0.0172 0.0311 0.1355 -0.0010 -0.015704 3.076745 
0.744 -0.26 -0.47 0.0172 0.0311 0.1355 -0.0010 -0.015704 3.076751 
0.745 -0.26 -0.47 0.0172 0.0311 0.1355 -0.0010 -0.015704 3.076756 
0.746 -0.26 -0.47 0.0172 0.0311 0.1355 -0.0010 -0.015704 3.076756 
0.747 -0.26 -0.47 0.0172 0.0311 0.1355 -0.0010 -0.015704 3.076751 
0.748 -0.26 0.49 0.0172 -0.0325 0.1353 -0.0010 -0.018321 3.076745 
0.749 -0.26 0.49 0.0172 -0.0325 0.1353 -0.0010 -0.018321 3.076744 
0.750 0.61 0.49 -0.0407 -0.0325 0.1351 -0.0010 -0.015704 3.076747 
0.751 0.61 0.49 -0.0407 -0.0325 0.1351 -0.0010 -0.015704 3.076751 
0.752 0.61 0.49 -0.0407 -0.0325 0.1351 -0.0010 -0.015704 3.076751 
0.753 0.61 0.49 -0.0407 -0.0325 0.1351 -0.0010 -0.015704 3.076749 
0.754 0.61 0.49 -0.0407 -0.0325 0.1351 -0.0010 -0.015704 3.076749 
0.755 0.61 0.49 -0.0407 -0.0325 0.1351 -0.0010 -0.015704 3.076748 
0.756 0.61 0.49 -0.0407 -0.0325 0.1351 -0.0010 -0.015704 3.076746 
0.757 0.61 0.49 -0.0407 -0.0325 0.1351 -0.0010 -0.015704 3.076743 
0.758 0.61 0.49 -0.0407 -0.0325 0.1351 -0.0010 -0.015704 3.076742 
0.759 0.61 0.49 -0.0407 -0.0325 0.1351 -0.0010 -0.015704 3.076746 
0.760 0.58 0.49 -0.0384 -0.0325 0.1351 -0.0010 -0.015704 3.076749 
0.761 0.53 0.46 -0.0351 -0.0309 0.1351 -0.0010 -0.015704 3.076750 
0.762 0.48 0.43 -0.0323 -0.0287 0.1351 -0.0010 -0.015704 3.076749 
0.763 0.45 0.40 -0.0299 -0.0268 0.1351 -0.0010 -0.015704 3.076744 
0.764 0.42 0.38 -0.0279 -0.0251 0.1351 -0.0010 -0.015704 3.076736 
0.765 0.39 0.35 -0.0261 -0.0237 0.1351 -0.0010 -0.015704 3.076734 
0.766 -0.38 -0.34 0.0257 0.0225 0.1355 -0.0010 -0.015704 3.076738 
0.767 -0.38 -0.34 0.0257 0.0225 0.1355 -0.0010 -0.015704 3.076743 
0.768 -0.38 -0.34 0.0257 0.0225 0.1355 -0.0010 -0.015704 3.076746 
0.769 -0.38 -0.34 0.0257 0.0225 0.1355 -0.0010 -0.015704 3.076746 
0.770 -0.38 -0.34 0.0257 0.0225 0.1355 -0.0010 -0.015704 3.076745 
0.771 -0.38 -0.34 0.0257 0.0225 0.1355 -0.0010 -0.015704 3.076746 
0.772 -0.38 -0.34 0.0257 0.0225 0.1355 -0.0010 -0.015704 3.076751 
0.773 -0.38 -0.34 0.0257 0.0225 0.1355 -0.0010 -0.015704 3.076753 
0.774 -0.38 -0.34 0.0257 0.0225 0.1355 -0.0010 -0.015704 3.076749 
0.775 -0.38 -0.34 0.0257 0.0225 0.1355 -0.0010 -0.015704 3.076746 
0.776 -0.38 -0.34 0.0257 0.0225 0.1355 -0.0010 -0.015704 3.076744 
0.777 0.55 -0.34 -0.0365 0.0225 0.1353 -0.0010 -0.013086 3.076745 
0.778 0.55 0.51 -0.0365 -0.0340 0.1351 -0.0010 -0.015704 3.076745 
0.779 0.55 0.51 -0.0365 -0.0340 0.1351 -0.0010 -0.015704 3.076740 
0.780 0.55 0.51 -0.0365 -0.0340 0.1351 -0.0010 -0.015704 3.076735 
0.781 0.55 0.51 -0.0365 -0.0340 0.1351 -0.0010 -0.015704 3.076736 
0.782 0.55 0.51 -0.0365 -0.0340 0.1351 -0.0010 -0.015704 3.076737 
0.783 0.55 0.51 -0.0365 -0.0340 0.1351 -0.0010 -0.015704 3.076736 
0.784 0.55 0.51 -0.0365 -0.0340 0.1351 -0.0010 -0.015704 3.076733 
0.785 0.55 0.51 -0.0365 -0.0340 0.1351 -0.0010 -0.015704 3.076731 
0.786 0.55 0.51 -0.0365 -0.0340 0.1351 -0.0010 -0.015704 3.076735 
0.787 0.55 0.51 -0.0365 -0.0340 0.1351 -0.0010 -0.015704 3.076740 
0.788 0.52 0.51 -0.0349 -0.0340 0.1351 -0.0010 -0.015704 3.076743 
0.789 0.48 0.51 -0.0322 -0.0340 0.1351 -0.0010 -0.015704 3.076746 
0.790 0.45 0.50 -0.0298 -0.0333 0.1351 -0.0010 -0.015704 3.076746 
0.791 0.42 0.46 -0.0278 -0.0308 0.1351 -0.0010 -0.015704 3.076744 
0.792 0.39 0.43 -0.0260 -0.0286 0.1351 -0.0010 -0.015704 3.076743 
0.793 0.37 -0.42 -0.0244 0.0278 0.1353 -0.0010 -0.013086 3.076744 
0.794 0.34 -0.42 -0.0230 0.0278 0.1353 -0.0010 -0.013086 3.076747 
0.795 0.33 -0.42 -0.0218 0.0278 0.1353 -0.0010 -0.013086 3.076747 
0.796 0.31 -0.42 -0.0207 0.0278 0.1353 -0.0010 -0.013086 3.076746 
0.797 0.29 -0.42 -0.0197 0.0278 0.1353 -0.0010 -0.013086 3.076745 
0.798 -0.28 -0.42 0.0189 0.0278 0.1355 -0.0010 -0.015704 3.076749 
0.799 -0.28 -0.42 0.0189 0.0278 0.1355 -0.0010 -0.015704 3.076751 
0.800 -0.28 -0.42 0.0189 0.0278 0.1355 -0.0010 -0.015704 3.076749 
0.801 -0.28 -0.42 0.0189 0.0278 0.1355 -0.0010 -0.015704 3.076748 
0.802 -0.28 -0.42 0.0189 0.0278 0.1355 -0.0010 -0.015704 3.076748 
0.803 -0.28 -0.42 0.0189 0.0278 0.1355 -0.0010 -0.015704 3.076747 
0.804 -0.28 -0.42 0.0189 0.0278 0.1355 -0.0010 -0.015704 3.076745 
0.805 -0.28 0.42 0.0189 -0.0278 0.1353 -0.0010 -0.018321 3.076741 
0.806 -0.28 0.48 0.0189 -0.0323 0.1353 -0.0010 -0.018321 3.076740 
0.807 -0.28 0.48 0.0189 -0.0323 0.1353 -0.0010 -0.018321 3.076740 
0.808 0.66 0.48 -0.0438 -0.0323 0.1351 -0.0010 -0.015704 3.076743 
0.809 0.66 0.48 -0.0438 -0.0323 0.1351 -0.0010 -0.015704 3.076746 
0.810 0.66 0.48 -0.0438 -0.0323 0.1351 -0.0010 -0.015704 3.076748 
0.811 0.66 0.48 -0.0438 -0.0323 0.1351 -0.0010 -0.015704 3.076746 
0.812 0.66 0.48 -0.0438 -0.0323 0.1351 -0.0010 -0.015704 3.076742 
0.813 0.66 0.48 -0.0438 -0.0323 0.1351 -0.0010 -0.015704 3.076737 
0.814 0.66 0.48 -0.0438 -0.0323 0.1351 -0.0010 -0.015704 3.076735 
0.815 0.66 0.48 -0.0438 -0.0323 0.1351 -0.0010 -0.015704 3.076731 
0.816 0.66 0.48 -0.0438 -0.0323 0.1351 -0.0010 -0.015704 3.076732 
0.817 0.61 0.48 -0.0409 -0.0323 0.1351 -0.0010 -0.015704 3.076736 
0.818 0.56 0.47 -0.0372 -0.0312 0.1351 -0.0010 -0.015704 3.076739 
0.819 0.51 0.43 -0.0341 -0.0290 0.1351 -0.0010 -0.015704 3.076738 
0.820 0.47 0.41 -0.0314 -0.0271 0.1351 -0.0010 -0.015704 3.076732 
0.821 0.44 0.38 -0.0291 -0.0254 0.1351 -0.0010 -0.015704 3.076725 
0.822 0.41 -0.37 -0.0272 0.0250 0.1353 -0.0010 -0.013086 3.076720 
0.823 -0.39 -0.37 0.0257 0.0250 0.1355 -0.0010 -0.015704 3.076721 
0.824 -0.39 -0.37 0.0257 0.0250 0.1355 -0.0010 -0.015704 3.076726 
0.825 -0.39 -0.37 0.0257 0.0250 0.1355 -0.0010 -0.015704 3.076730 
0.826 -0.39 -0.37 0.0257 0.0250 0.1355 -0.0010 -0.015704 3.076731 
0.827 -0.39 -0.37 0.0257 0.0250 0.1355 -0.0010 -0.015704 3.076732 
0.828 -0.39 -0.37 0.0257 0.0250 0.1355 -0.0010 -0.015704 3.076736 
0.829 -0.39 -0.37 0.0257 0.0250 0.1355 -0.0010 -0.015704 3.076744 
0.830 -0.39 -0.37 0.0257 0.0250 0.1355 -0.0010 -0.015704 3.076750 
0.831 -0.39 -0.37 0.0257 0.0250 0.1355 -0.0010 -0.015704 3.076754 
0.832 -0.39 -0.37 0.0257 0.0250 0.1355 -0.0010 -0.015704 3.076759 
0.833 -0.39 -0.37 0.0257 0.0250 0.1355 -0.0010 -0.015704 3.076760 
0.834 0.56 -0.37 -0.0377 0.0250 0.1353 -0.0010 -0.013086 3.076758 
0.835 0.56 -0.37 -0.0377 0.0250 0.1353 -0.0010 -0.013086 3.076753 
0.836 0.56 0.43 -0.0377 -0.0288 0.1351 -0.0010 -0.015704 3.076748 
0.837 0.56 0.43 -0.0377 -0.0288 0.1351 -0.0010 -0.015704 3.076746 
0.838 0.56 0.43 -0.0377 -0.0288 0.1351 -0.0010 -0.015704 3.076746 
0.839 0.56 0.43 -0.0377 -0.0288 0.1351 -0.0010 -0.015704 3.076744 
0.840 0.56 0.43 -0.0377 -0.0288 0.1351 -0.0010 -0.015704 3.076743 
0.841 0.56 0.43 -0.0377 -0.0288 0.1351 -0.0010 -0.015704 3.076744 
0.842 0.56 0.43 -0.0377 -0.0288 0.1351 -0.0010 -0.015704 3.076743 
0.843 0.56 0.43 -0.0377 -0.0288 0.1351 -0.0010 -0.015704 3.076743 
0.844 0.56 0.43 -0.0377 -0.0288 0.1351 -0.0010 -0.015704 3.076741 
0.845 0.54 0.43 -0.0357 -0.0288 0.1351 -0.0010 -0.015704 3.076740 
0.846 0.49 0.43 -0.0328 -0.0288 0.1351 -0.0010 -0.015704 3.076740 
0.847 0.46 0.43 -0.0304 -0.0288 0.1351 -0.0010 -0.015704 3.076742 
0.848 0.42 0.43 -0.0283 -0.0288 0.1351 -0.0010 -0.015704 3.076745 
0.849 0.40 0.43 -0.0264 -0.0288 0.1351 -0.0010 -0.015704 3.076752 
0.850 0.37 0.41 -0.0248 -0.0277 0.1351 -0.0010 -0.015704 3.076756 
0.851 0.35 0.39 -0.0234 -0.0259 0.1351 -0.0010 -0.015704 3.076756 
0.852 0.33 0.36 -0.0221 -0.0243 0.1351 -0.0010 -0.015704 3.076756 
0.853 0.31 0.34 -0.0210 -0.0230 0.1353 -0.0010 -0.018321 3.076756 
0.854 -0.31 0.33 0.0209 -0.0217 0.1353 -0.0010 -0.018321 3.076761 
0.855 -0.31 0.31 0.0209 -0.0206 0.1353 -0.0010 -0.018321 3.076764 
0.856 -0.31 -0.30 0.0209 0.0200 0.1355 -0.0010 -0.015704 3.076765 
0.857 -0.31 -0.30 0.0209 0.0200 0.1355 -0.0010 -0.015704 3.076764 
0.858 -0.31 -0.30 0.0209 0.0200 0.1355 -0.0010 -0.015704 3.076764 
0.859 -0.31 -0.30 0.0209 0.0200 0.1355 -0.0010 -0.015704 3.076767 
0.860 -0.31 -0.30 0.0209 0.0200 0.1355 -0.0010 -0.015704 3.076770 
0.861 -0.31 -0.30 0.0209 0.0200 0.1355 -0.0010 -0.015704 3.076768 
0.862 -0.31 -0.30 0.0209 0.0200 0.1355 -0.0010 -0.015704 3.076764 
0.863 -0.31 -0.30 0.0209 0.0200 0.1355 -0.0010 -0.015704 3.076761 
0.864 0.56 -0.30 -0.0371 0.0200 0.1353 -0.0010 -0.013086 3.076761 
0.865 0.56 -0.30 -0.0371 0.0200 0.1353 -0.0010 -0.013086 3.076761 
0.866 0.56 -0.30 -0.0371 0.0200 0.1353 -0.0010 -0.013086 3.076760 
0.867 0.56 0.55 -0.0371 -0.0369 0.1351 -0.0010 -0.015704 3.076756 
0.868 0.56 0.55 -0.0371 -0.0369 0.1351 -0.0010 -0.015704 3.076755 
0.869 0.56 0.55 -0.0371 -0.0369 0.1351 -0.0010 -0.015704 3.076756 
0.870 0.56 0.55 -0.0371 -0.0369 0.1351 -0.0010 -0.015704 3.076755 
0.871 0.56 0.55 -0.0371 -0.0369 0.1351 -0.0010 -0.015704 3.076752 
0.872 0.56 0.55 -0.0371 -0.0369 0.1351 -0.0010 -0.015704 3.076750 
0.873 0.56 0.55 -0.0371 -0.0369 0.1351 -0.0010 -0.015704 3.076751 
0.874 0.56 0.55 -0.0371 -0.0369 0.1351 -0.0010 -0.015704 3.076753 
0.875 0.55 0.55 -0.0367 -0.0369 0.1351 -0.0010 -0.015704 3.076754 
0.876 0.51 0.55 -0.0337 -0.0369 0.1351 -0.0010 -0.015704 3.076753 
0.877 0.47 0.55 -0.0311 -0.0369 0.1351 -0.0010 -0.015704 3.076752 
0.878 0.43 0.54 -0.0289 -0.0357 0.1351 -0.0010 -0.015704 3.076756 
0.879 0.40 -0.50 -0.0270 0.0331 0.1353 -0.0010 -0.013086 3.076761 
0.880 0.38 -0.50 -0.0253 0.0331 0.1353 -0.0010 -0.013086 3.076765 
0.881 0.36 -0.50 -0.0238 0.0331 0.1353 -0.0010 -0.013086 3.076765 
0.882 -0.34 -0.50 0.0229 0.0331 0.1355 -0.0010 -0.015704 3.076763 
0.883 -0.34 -0.50 0.0229 0.0331 0.1355 -0.0010 -0.015704 3.076760 
0.884 -0.34 -0.50 0.0229 0.0331 0.1355 -0.0010 -0.015704 3.076758 
0.885 -0.34 -0.50 0.0229 0.0331 0.1355 -0.0010 -0.015704 3.076758 
0.886 -0.34 -0.50 0.0229 0.0331 0.1355 -0.0010 -0.015704 3.076760 
0.887 -0.34 -0.50 0.0229 0.0331 0.1355 -0.0010 -0.015704 3.076762 
0.888 -0.34 -0.50 0.0229 0.0331 0.1355 -0.0010 -0.015704 3.076762 
0.889 -0.34 -0.50 0.0229 0.0331 0.1355 -0.0010 -0.015704 3.076762 
0.890 -0.34 0.57 0.0229 -0.0379 0.1353 -0.0010 -0.018321 3.076763 
0.891 -0.34 0.57 0.0229 -0.0379 0.1353 -0.0010 -0.018321 3.076760 
0.892 0.63 0.57 -0.0420 -0.0379 0.1351 -0.0010 -0.015704 3.076757 
0.893 0.63 0.57 -0.0420 -0.0379 0.1351 -0.0010 -0.015704 3.076760 
0.894 0.63 0.57 -0.0420 -0.0379 0.1351 -0.0010 -0.015704 3.076765 
0.895 0.63 0.57 -0.0420 -0.0379 0.1351 -0.0010 -0.015704 3.076764 
0.896 0.63 0.57 -0.0420 -0.0379 0.1351 -0.0010 -0.015704 3.076761 
0.897 0.63 0.57 -0.0420 -0.0379 0.1351 -0.0010 -0.015704 3.076758 
0.898 0.63 0.57 -0.0420 -0.0379 0.1351 -0.0010 -0.015704 3.076756 
0.899 0.63 0.57 -0.0420 -0.0379 0.1351 -0.0010 -0.015704 3.076751 
0.900 0.63 0.57 -0.0420 -0.0379 0.1351 -0.0010 -0.015704 3.076746 
0.901 0.63 0.53 -0.0420 -0.0356 0.1351 -0.0010 -0.015704 3.076748 
0.902 0.57 0.49 -0.0381 -0.0327 0.1351 -0.0010 -0.015704 3.076753 
0.903 0.52 0.45 -0.0348 -0.0303 0.1351 -0.0010 -0.015704 3.076756 
0.904 0.48 0.42 -0.0321 -0.0282 0.1351 -0.0010 -0.015704 3.076758 
0.905 0.45 0.40 -0.0297 -0.0263 0.1351 -0.0010 -0.015704 3.076756 
0.906 0.41 0.37 -0.0277 -0.0247 0.1351 -0.0010 -0.015704 3.076751 
0.907 0.39 -0.35 -0.0259 0.0233 0.1353 -0.0010 -0.013086 3.076750 
0.908 0.36 -0.35 -0.0244 0.0233 0.1353 -0.0010 -0.013086 3.076751 
0.909 -0.35 -0.35 0.0235 0.0233 0.1355 -0.0010 -0.015704 3.076752 
0.910 -0.35 -0.35 0.0235 0.0233 0.1355 -0.0010 -0.015704 3.076754 
0.911 -0.35 -0.35 0.0235 0.0233 0.1355 -0.0010 -0.015704 3.076757 
0.912 -0.35 -0.35 0.0235 0.0233 0.1355 -0.0010 -0.015704 3.076759 
0.913 -0.35 -0.35 0.0235 0.0233 0.1355 -0.0010 -0.015704 3.076761 
0.914 -0.35 -0.35 0.0235 0.0233 0.1355 -0.0010 -0.015704 3.076764 
0.915 -0.35 -0.35 0.0235 0.0233 0.1355 -0.0010 -0.015704 3.076767 
0.916 -0.35 -0.35 0.0235 0.0233 0.1355 -0.0010 -0.015704 3.076771 
0.917 -0.35 -0.35 0.0235 0.0233 0.1355 -0.0010 -0.015704 3.076773 
0.918 -0.35 -0.35 0.0235 0.0233 0.1355 -0.0010 -0.015704 3.076772 
0.919 -0.35 -0.35 0.0235 0.0233 0.1355 -0.0010 -0.015704 3.076770 
0.920 0.55 -0.35 -0.0368 0.0233 0.1353 -0.0010 -0.013086 3.076770 
0.921 0.55 0.44 -0.0368 -0.0295 0.1351 -0.0010 -0.015704 3.076772 
0.922 0.55 0.44 -0.0368 -0.0295 0.1351 -0.0010 -0.015704 3.076774 
0.923 0.55 0.44 -0.0368 -0.0295 0.1351 -0.0010 -0.015704 3.076775 
0.924 0.55 0.44 -0.0368 -0.0295 0.1351 -0.0010 -0.015704 3.076774 
0.925 0.55 0.44 -0.0368 -0.0295 0.1351 -0.0010 -0.015704 3.076771 
0.926 0.55 0.44 -0.0368 -0.0295 0.1351 -0.0010 -0.015704 3.076768 
0.927 0.55 0.44 -0.0368 -0.0295 0.1351 -0.0010 -0.015704 3.076767 
0.928 0.55 0.44 -0.0368 -0.0295 0.1351 -0.0010 -0.015704 3.076768 
0.929 0.55 0.44 -0.0368 -0.0295 0.1351 -0.0010 -0.015704 3.076768 
0.930 0.55 0.44 -0.0368 -0.0295 0.1351 -0.0010 -0.015704 3.076766 
0.931 0.54 0.44 -0.0357 -0.0295 0.1351 -0.0010 -0.015704 3.076762 
0.932 0.49 0.44 -0.0328 -0.0295 0.1351 -0.0010 -0.015704 3.076757 
0.933 0.46 0.44 -0.0304 -0.0295 0.1351 -0.0010 -0.015704 3.076752 
0.934 0.42 0.44 -0.0283 -0.0295 0.1351 -0.0010 -0.015704 3.076752 
0.935 0.40 0.43 -0.0264 -0.0285 0.1351 -0.0010 -0.015704 3.076756 
