%% logfile from robot Freja (4)
% Freja (4)
%  1    time 0.000 sec
%  2  3 Motor voltage [V] left, right: 4.20 4.20
%  4  5 Wheel velocity [m/s] left, right: 0.0000 0.0000
%  6  7  8  9 Pose x,y,h,tilt [m,m,rad,rad]: 0 0 0 3.07671
0.000 4.20 4.20 0.0000 0.0000 0.0000 0.0000 0.000000 3.076715 
0.001 4.20 4.20 0.0000 0.0000 0.0000 0.0000 0.000000 3.076715 
0.002 4.20 4.20 0.0000 0.0000 0.0000 0.0000 0.000000 3.076714 
0.003 4.20 4.20 0.0000 0.0000 0.0000 0.0000 0.000000 3.076710 
0.004 4.20 4.20 0.0000 0.0000 0.0000 0.0000 0.000000 3.076706 
0.005 4.20 4.20 0.0000 0.0000 0.0000 0.0000 0.000000 3.076704 
0.006 4.20 4.20 0.0000 0.0000 0.0002 0.0000 0.002617 3.076701 
0.007 4.20 4.20 0.0000 0.0000 0.0004 0.0000 0.000000 3.076697 
0.008 4.20 4.20 0.0000 0.0000 0.0004 0.0000 0.000000 3.076694 
0.009 1.70 1.98 0.1927 0.1707 0.0008 0.0000 0.000000 3.076699 
0.010 1.70 1.44 0.1927 0.2124 0.0010 0.0000 0.002617 3.076707 
0.011 0.99 1.44 0.2467 0.2124 0.0012 0.0000 0.000000 3.076710 
0.012 0.83 0.91 0.2594 0.2532 0.0016 0.0000 0.000000 3.076699 
0.013 0.83 0.91 0.2594 0.2532 0.0016 0.0000 0.000000 3.076708 
0.014 0.55 0.77 0.2810 0.2638 0.0020 0.0000 0.000000 3.076735 
0.015 0.61 0.68 0.2763 0.2707 0.0024 0.0000 0.000000 3.076704 
0.016 0.52 0.68 0.2831 0.2707 0.0026 0.0000 -0.002617 3.076656 
0.017 0.52 0.76 0.2831 0.2645 0.0028 0.0000 0.000000 3.076622 
0.018 0.44 0.64 0.2891 0.2741 0.0032 0.0000 0.000000 3.076597 
0.019 0.56 0.64 0.2800 0.2741 0.0034 0.0000 -0.002617 3.076642 
0.020 0.56 0.80 0.2800 0.2617 0.0037 0.0000 0.000000 3.076692 
0.021 0.68 0.80 0.2705 0.2616 0.0041 0.0000 0.000000 3.076690 
0.022 0.81 0.80 0.2610 0.2616 0.0043 -0.0000 -0.002617 3.076668 
0.023 0.81 0.92 0.2610 0.2526 0.0045 -0.0000 0.000000 3.076657 
0.024 0.79 0.71 0.2620 0.2682 0.0049 -0.0000 0.000000 3.076666 
0.025 0.93 0.71 0.2515 0.2682 0.0049 -0.0000 0.000000 3.076675 
0.026 0.98 1.00 0.2476 0.2458 0.0053 -0.0000 0.000000 3.076676 
0.027 1.07 1.00 0.2408 0.2458 0.0055 -0.0000 -0.002617 3.076686 
0.028 1.07 1.01 0.2408 0.2450 0.0057 -0.0000 0.000000 3.076700 
0.029 1.03 1.10 0.2434 0.2382 0.0061 -0.0000 0.000000 3.076688 
0.030 1.03 1.10 0.2434 0.2382 0.0063 -0.0000 -0.002617 3.076654 
0.031 0.97 1.07 0.2485 0.2408 0.0065 -0.0000 0.000000 3.076638 
0.032 0.96 1.07 0.2488 0.2408 0.0067 -0.0000 -0.002617 3.076644 
0.033 0.96 1.08 0.2488 0.2395 0.0069 -0.0000 0.000000 3.076662 
0.034 1.13 0.82 0.2359 0.2600 0.0073 -0.0000 0.000000 3.076673 
0.035 1.13 0.82 0.2359 0.2600 0.0073 -0.0000 0.000000 3.076666 
0.036 1.03 1.19 0.2436 0.2317 0.0077 -0.0000 0.000000 3.076651 
0.037 0.87 1.19 0.2562 0.2317 0.0079 -0.0000 -0.002617 3.076635 
0.038 0.87 1.31 0.2562 0.2224 0.0081 -0.0000 0.000000 3.076633 
0.039 1.00 1.31 0.2459 0.2224 0.0083 -0.0000 -0.002617 3.076646 
0.040 1.11 1.28 0.2373 0.2249 0.0087 -0.0000 -0.002617 3.076656 
0.041 1.11 1.06 0.2373 0.2412 0.0089 -0.0000 0.000000 3.076667 
0.042 0.98 1.06 0.2473 0.2412 0.0091 -0.0000 -0.002617 3.076682 
0.043 0.98 1.25 0.2473 0.2266 0.0093 -0.0000 0.000000 3.076691 
0.044 0.98 1.25 0.2478 0.2266 0.0095 -0.0000 -0.002617 3.076689 
0.045 0.86 1.31 0.2566 0.2225 0.0099 -0.0000 -0.002617 3.076680 
0.046 0.86 1.31 0.2566 0.2225 0.0099 -0.0000 -0.002617 3.076673 
0.047 0.72 1.15 0.2677 0.2347 0.0103 -0.0000 -0.002617 3.076678 
0.048 0.97 1.04 0.2485 0.2430 0.0108 -0.0000 -0.002617 3.076690 
0.049 0.97 1.04 0.2485 0.2430 0.0108 -0.0000 -0.002617 3.076699 
0.050 0.79 1.13 0.2623 0.2361 0.0112 -0.0000 -0.002617 3.076693 
0.051 0.79 1.13 0.2623 0.2361 0.0112 -0.0000 -0.002617 3.076679 
0.052 1.04 0.89 0.2433 0.2545 0.0116 -0.0000 -0.002617 3.076665 
0.053 1.01 1.14 0.2452 0.2353 0.0120 -0.0000 -0.002617 3.076655 
0.054 1.01 1.14 0.2452 0.2353 0.0120 -0.0000 -0.002617 3.076654 
0.055 1.07 0.98 0.2407 0.2478 0.0124 -0.0000 -0.002617 3.076657 
0.056 1.07 0.98 0.2407 0.2478 0.0124 -0.0000 -0.002617 3.076660 
0.057 1.28 1.19 0.2244 0.2313 0.0128 -0.0000 -0.002617 3.076661 
0.058 0.96 1.19 0.2488 0.2313 0.0130 -0.0000 -0.005235 3.076662 
0.059 0.96 1.17 0.2488 0.2334 0.0132 -0.0000 -0.002617 3.076664 
0.060 0.76 1.13 0.2649 0.2359 0.0136 -0.0000 -0.002617 3.076666 
0.061 0.76 1.13 0.2649 0.2359 0.0136 -0.0000 -0.002617 3.076669 
0.062 1.05 1.12 0.2420 0.2371 0.0140 -0.0000 -0.002617 3.076674 
0.063 1.30 1.12 0.2232 0.2371 0.0142 -0.0000 -0.005235 3.076691 
0.064 1.30 1.14 0.2232 0.2350 0.0144 -0.0000 -0.002617 3.076710 
0.065 1.20 0.96 0.2308 0.2494 0.0148 -0.0000 -0.002617 3.076700 
0.066 1.20 0.96 0.2308 0.2494 0.0148 -0.0000 -0.002617 3.076675 
0.067 0.94 1.14 0.2506 0.2354 0.0152 -0.0000 -0.002617 3.076658 
0.068 0.96 1.14 0.2493 0.2354 0.0152 -0.0000 -0.002617 3.076655 
0.069 1.06 1.23 0.2415 0.2285 0.0156 -0.0000 -0.002617 3.076672 
0.070 0.97 1.23 0.2487 0.2285 0.0158 -0.0000 -0.005235 3.076692 
0.071 0.97 1.18 0.2487 0.2321 0.0160 -0.0000 -0.002617 3.076695 
0.072 0.91 1.08 0.2530 0.2400 0.0164 -0.0000 -0.002617 3.076684 
0.073 1.00 1.08 0.2461 0.2400 0.0166 -0.0000 -0.005235 3.076668 
0.074 1.00 1.10 0.2461 0.2382 0.0168 -0.0000 -0.002617 3.076662 
0.075 0.98 1.10 0.2473 0.2382 0.0170 -0.0000 -0.005235 3.076669 
0.076 0.98 1.07 0.2473 0.2404 0.0172 -0.0000 -0.002617 3.076683 
0.077 0.85 1.23 0.2579 0.2288 0.0176 -0.0000 -0.002617 3.076691 
0.078 0.99 1.23 0.2465 0.2288 0.0178 -0.0000 -0.005235 3.076693 
0.079 0.99 1.13 0.2465 0.2363 0.0181 -0.0000 -0.002617 3.076694 
0.080 1.03 1.13 0.2440 0.2363 0.0183 -0.0000 -0.005235 3.076697 
0.081 1.03 1.29 0.2440 0.2237 0.0185 -0.0000 -0.002617 3.076698 
0.082 1.00 1.29 0.2462 0.2237 0.0187 -0.0000 -0.005235 3.076695 
0.083 0.90 1.26 0.2536 0.2263 0.0191 -0.0000 -0.005235 3.076695 
0.084 0.90 1.26 0.2536 0.2263 0.0191 -0.0000 -0.005235 3.076697 
0.085 0.98 1.29 0.2476 0.2239 0.0195 -0.0000 -0.005235 3.076698 
0.086 1.02 1.02 0.2444 0.2443 0.0199 -0.0000 -0.005235 3.076703 
0.087 1.04 1.02 0.2431 0.2443 0.0199 -0.0000 -0.005235 3.076699 
0.088 1.07 1.17 0.2404 0.2331 0.0203 -0.0000 -0.005235 3.076687 
0.089 1.07 1.17 0.2404 0.2331 0.0203 -0.0000 -0.005235 3.076688 
0.090 1.12 1.20 0.2369 0.2309 0.0207 -0.0000 -0.005235 3.076694 
0.091 1.12 1.20 0.2369 0.2306 0.0209 -0.0000 -0.002617 3.076707 
0.092 1.06 1.20 0.2417 0.2306 0.0211 -0.0000 -0.005235 3.076720 
0.093 1.13 1.10 0.2361 0.2387 0.0215 -0.0000 -0.005235 3.076727 
0.094 1.13 1.10 0.2361 0.2387 0.0215 -0.0000 -0.005235 3.076728 
0.095 0.99 1.17 0.2472 0.2332 0.0219 -0.0000 -0.005235 3.076723 
0.096 0.99 1.17 0.2472 0.2332 0.0221 -0.0001 -0.007852 3.076718 
0.097 0.83 1.13 0.2592 0.2361 0.0223 -0.0001 -0.005235 3.076715 
0.098 0.86 1.18 0.2572 0.2326 0.0227 -0.0001 -0.005235 3.076719 
0.099 0.86 1.18 0.2572 0.2326 0.0227 -0.0001 -0.005235 3.076729 
0.100 0.91 1.02 0.2530 0.2447 0.0231 -0.0001 -0.005235 3.076735 
0.101 0.97 1.02 0.2487 0.2447 0.0233 -0.0001 -0.007852 3.076735 
0.102 0.97 1.11 0.2487 0.2375 0.0235 -0.0001 -0.005235 3.076730 
0.103 0.89 1.08 0.2546 0.2403 0.0239 -0.0001 -0.005235 3.076723 
0.104 0.89 1.08 0.2546 0.2403 0.0239 -0.0001 -0.005235 3.076717 
0.105 1.03 1.19 0.2441 0.2318 0.0243 -0.0001 -0.005235 3.076715 
0.106 1.04 1.19 0.2427 0.2318 0.0245 -0.0001 -0.007852 3.076720 
0.107 1.04 0.97 0.2427 0.2486 0.0247 -0.0001 -0.005235 3.076725 
0.108 1.00 1.08 0.2458 0.2399 0.0249 -0.0001 -0.007852 3.076725 
0.109 1.00 1.21 0.2458 0.2299 0.0252 -0.0001 -0.005235 3.076720 
0.110 0.94 1.16 0.2511 0.2339 0.0256 -0.0001 -0.005235 3.076711 
0.111 0.99 1.16 0.2472 0.2339 0.0258 -0.0001 -0.007852 3.076700 
0.112 0.99 1.23 0.2472 0.2283 0.0260 -0.0001 -0.005235 3.076695 
0.113 1.15 1.23 0.2348 0.2283 0.0262 -0.0001 -0.007852 3.076693 
0.114 1.15 1.16 0.2348 0.2341 0.0264 -0.0001 -0.005235 3.076692 
0.115 1.05 1.16 0.2426 0.2341 0.0266 -0.0001 -0.007852 3.076693 
0.116 0.88 1.17 0.2554 0.2334 0.0270 -0.0001 -0.007852 3.076692 
0.117 0.88 0.90 0.2554 0.2541 0.0272 -0.0001 -0.005235 3.076692 
0.118 1.02 0.90 0.2449 0.2541 0.0274 -0.0001 -0.007852 3.076696 
0.119 1.08 1.25 0.2395 0.2267 0.0276 -0.0001 -0.005235 3.076698 
0.120 1.13 1.25 0.2358 0.2267 0.0278 -0.0001 -0.007852 3.076694 
0.121 1.04 1.37 0.2431 0.2178 0.0282 -0.0001 -0.007852 3.076687 
0.122 1.04 1.37 0.2431 0.2178 0.0282 -0.0001 -0.007852 3.076684 
0.123 1.04 1.33 0.2434 0.2207 0.0286 -0.0001 -0.007852 3.076681 
0.124 0.93 1.11 0.2514 0.2378 0.0290 -0.0001 -0.007852 3.076677 
0.125 0.93 1.11 0.2514 0.2378 0.0290 -0.0001 -0.007852 3.076670 
0.126 0.78 1.28 0.2633 0.2243 0.0294 -0.0001 -0.007852 3.076666 
0.127 0.78 1.28 0.2633 0.2243 0.0294 -0.0001 -0.007852 3.076666 
0.128 1.00 1.31 0.2461 0.2219 0.0298 -0.0001 -0.007852 3.076667 
0.129 0.81 1.31 0.2604 0.2219 0.0300 -0.0001 -0.010469 3.076668 
0.130 0.81 1.16 0.2604 0.2338 0.0302 -0.0001 -0.007852 3.076670 
0.131 1.05 1.04 0.2419 0.2427 0.0306 -0.0001 -0.007852 3.076672 
0.132 1.05 1.04 0.2419 0.2427 0.0306 -0.0001 -0.007852 3.076673 
0.133 1.04 1.15 0.2434 0.2347 0.0310 -0.0001 -0.007852 3.076674 
0.134 1.08 1.15 0.2400 0.2347 0.0312 -0.0001 -0.010469 3.076678 
0.135 1.08 0.94 0.2400 0.2504 0.0314 -0.0001 -0.007852 3.076682 
0.136 1.28 1.19 0.2243 0.2315 0.0318 -0.0001 -0.007852 3.076687 
0.137 1.28 1.19 0.2243 0.2312 0.0318 -0.0001 -0.007852 3.076691 
0.138 0.96 1.03 0.2491 0.2434 0.0323 -0.0001 -0.007852 3.076693 
0.139 0.74 1.03 0.2664 0.2434 0.0325 -0.0001 -0.010469 3.076692 
0.140 0.74 1.24 0.2664 0.2277 0.0327 -0.0001 -0.007852 3.076685 
0.141 0.97 1.24 0.2485 0.2277 0.0329 -0.0001 -0.010469 3.076679 
0.142 1.00 1.20 0.2457 0.2308 0.0331 -0.0001 -0.007852 3.076679 
0.143 1.13 1.16 0.2363 0.2337 0.0335 -0.0001 -0.007852 3.076678 
0.144 1.03 1.16 0.2436 0.2337 0.0337 -0.0001 -0.010469 3.076671 
0.145 1.03 1.14 0.2436 0.2353 0.0339 -0.0001 -0.007852 3.076665 
0.146 0.82 1.14 0.2596 0.2353 0.0341 -0.0001 -0.010469 3.076665 
0.147 0.99 1.16 0.2470 0.2339 0.0345 -0.0001 -0.010469 3.076669 
0.148 0.99 1.16 0.2470 0.2339 0.0345 -0.0001 -0.010469 3.076677 
0.149 0.93 0.97 0.2515 0.2486 0.0349 -0.0001 -0.010469 3.076682 
0.150 0.93 1.15 0.2515 0.2349 0.0351 -0.0001 -0.007852 3.076685 
0.151 3.68 3.94 0.2552 0.2349 0.0353 -0.0002 -0.010469 3.076688 
0.152 3.78 4.04 0.2476 0.2279 0.0357 -0.0002 -0.010469 3.076688 
0.153 3.78 4.04 0.2476 0.2279 0.0357 -0.0002 -0.010469 3.076689 
0.154 3.64 3.88 0.2584 0.2403 0.0361 -0.0002 -0.010469 3.076689 
0.155 3.13 3.40 0.2975 0.2772 0.0365 -0.0002 -0.010469 3.076689 
0.156 2.87 3.40 0.3177 0.2772 0.0367 -0.0002 -0.013086 3.076690 
0.157 2.87 3.05 0.3177 0.3035 0.0369 -0.0002 -0.010469 3.076688 
0.158 2.50 2.77 0.3458 0.3251 0.0373 -0.0002 -0.010469 3.076676 
0.159 2.18 2.67 0.3706 0.3331 0.0377 -0.0002 -0.010469 3.076665 
0.160 1.86 2.19 0.3952 0.3702 0.0381 -0.0002 -0.010469 3.076665 
0.161 1.82 2.27 0.3986 0.3639 0.0385 -0.0002 -0.010469 3.076675 
0.162 1.80 2.08 0.3997 0.3782 0.0389 -0.0002 -0.010469 3.076692 
0.163 1.72 2.05 0.4063 0.3804 0.0394 -0.0002 -0.010469 3.076707 
0.164 1.72 1.60 0.4061 0.4155 0.0398 -0.0002 -0.010469 3.076707 
0.165 1.59 1.86 0.4160 0.3954 0.0402 -0.0002 -0.010469 3.076686 
0.166 1.74 1.91 0.4049 0.3916 0.0406 -0.0002 -0.010469 3.076673 
0.167 1.54 1.84 0.4198 0.3966 0.0410 -0.0002 -0.010469 3.076672 
0.168 1.33 1.64 0.4364 0.4124 0.0414 -0.0002 -0.010469 3.076684 
0.169 1.43 1.79 0.4288 0.4011 0.0418 -0.0002 -0.010469 3.076705 
0.170 1.50 1.75 0.4226 0.4038 0.0422 -0.0002 -0.010469 3.076720 
0.171 1.36 1.81 0.4338 0.3988 0.0428 -0.0002 -0.013086 3.076726 
0.172 1.59 1.54 0.4163 0.4198 0.0432 -0.0002 -0.013086 3.076724 
0.173 1.64 1.73 0.4125 0.4053 0.0436 -0.0002 -0.013086 3.076715 
0.174 1.60 1.68 0.4156 0.4095 0.0440 -0.0002 -0.013086 3.076695 
0.175 1.50 1.77 0.4232 0.4022 0.0444 -0.0003 -0.013086 3.076689 
0.176 1.54 1.32 0.4200 0.4369 0.0448 -0.0003 -0.013086 3.076697 
0.177 1.79 1.73 0.4006 0.4057 0.0452 -0.0003 -0.013086 3.076701 
0.178 1.58 1.69 0.4167 0.4088 0.0456 -0.0003 -0.013086 3.076702 
0.179 1.27 1.79 0.4410 0.4006 0.0460 -0.0003 -0.013086 3.076699 
0.180 1.55 1.68 0.4194 0.4095 0.0464 -0.0003 -0.013086 3.076692 
0.181 1.76 1.71 0.4033 0.4071 0.0469 -0.0003 -0.013086 3.076683 
0.182 1.58 1.23 0.4169 0.4435 0.0473 -0.0003 -0.013086 3.076679 
0.183 1.61 1.79 0.4142 0.4009 0.0477 -0.0003 -0.013086 3.076683 
0.184 1.48 1.90 0.4249 0.3920 0.0481 -0.0003 -0.013086 3.076689 
0.185 1.21 1.81 0.4450 0.3995 0.0485 -0.0003 -0.013086 3.076694 
0.186 1.52 1.48 0.4214 0.4244 0.0489 -0.0003 -0.013086 3.076698 
0.187 1.11 1.87 0.4529 0.3948 0.0493 -0.0003 -0.013086 3.076700 
0.188 1.53 1.97 0.4208 0.3870 0.0497 -0.0003 -0.013086 3.076701 
0.189 1.50 1.79 0.4230 0.4007 0.0501 -0.0003 -0.013086 3.076700 
0.190 1.61 1.64 0.4144 0.4124 0.0505 -0.0003 -0.013086 3.076701 
0.191 2.02 1.79 0.3826 0.4010 0.0509 -0.0003 -0.013086 3.076707 
0.192 1.55 1.30 0.4189 0.4386 0.0513 -0.0003 -0.013086 3.076715 
0.193 1.23 1.73 0.4439 0.4057 0.0517 -0.0003 -0.013086 3.076720 
0.194 1.55 1.42 0.4190 0.4293 0.0521 -0.0004 -0.013086 3.076717 
0.195 1.74 1.80 0.4045 0.4003 0.0525 -0.0004 -0.013086 3.076710 
0.196 1.55 1.73 0.4193 0.4057 0.0529 -0.0004 -0.013086 3.076705 
0.197 1.25 1.73 0.4422 0.4057 0.0533 -0.0004 -0.013086 3.076709 
0.198 1.56 1.73 0.4183 0.4057 0.0538 -0.0004 -0.013086 3.076716 
0.199 1.49 1.73 0.4240 0.4057 0.0544 -0.0004 -0.015704 3.076720 
0.200 1.64 1.37 0.4122 0.4328 0.0548 -0.0004 -0.015704 3.076715 
0.201 1.54 1.68 0.4200 0.4089 0.0552 -0.0004 -0.015704 3.076705 
0.202 1.25 1.84 0.4420 0.3970 0.0556 -0.0004 -0.015704 3.076701 
0.203 1.51 1.76 0.4224 0.4031 0.0560 -0.0004 -0.015704 3.076703 
0.204 1.58 1.61 0.4166 0.4144 0.0564 -0.0004 -0.015704 3.076709 
0.205 1.55 1.73 0.4188 0.4055 0.0568 -0.0004 -0.015704 3.076713 
0.206 1.44 1.68 0.4275 0.4095 0.0572 -0.0004 -0.015704 3.076713 
0.207 1.48 1.79 0.4246 0.4005 0.0576 -0.0004 -0.015704 3.076715 
0.208 1.55 1.48 0.4188 0.4244 0.0580 -0.0004 -0.015704 3.076717 
0.209 1.54 1.78 0.4196 0.4012 0.0584 -0.0004 -0.015704 3.076710 
0.210 1.61 1.76 0.4146 0.4030 0.0588 -0.0005 -0.015704 3.076697 
0.211 1.53 1.84 0.4206 0.3965 0.0592 -0.0005 -0.015704 3.076689 
0.212 1.72 1.44 0.4062 0.4280 0.0596 -0.0005 -0.015704 3.076688 
0.213 1.54 1.77 0.4203 0.4026 0.0600 -0.0005 -0.015704 3.076690 
0.214 1.34 1.83 0.4352 0.3973 0.0604 -0.0005 -0.015704 3.076689 
0.215 1.45 1.78 0.4271 0.4015 0.0608 -0.0005 -0.015704 3.076683 
0.216 1.51 1.58 0.4221 0.4168 0.0613 -0.0005 -0.015704 3.076683 
0.217 1.51 1.72 0.4221 0.4063 0.0617 -0.0005 -0.015704 3.076688 
0.218 1.30 1.66 0.4383 0.4104 0.0621 -0.0005 -0.015704 3.076689 
0.219 1.51 1.75 0.4224 0.4042 0.0625 -0.0005 -0.015704 3.076686 
0.220 1.60 1.47 0.4151 0.4253 0.0629 -0.0005 -0.015704 3.076683 
0.221 1.53 1.68 0.4205 0.4096 0.0633 -0.0005 -0.015704 3.076684 
0.222 1.46 1.62 0.4258 0.4136 0.0637 -0.0005 -0.015704 3.076689 
0.223 1.50 1.72 0.4229 0.4062 0.0641 -0.0005 -0.015704 3.076696 
0.224 1.75 1.27 0.4036 0.4407 0.0645 -0.0005 -0.015704 3.076699 
0.225 1.25 1.69 0.4424 0.4082 0.0651 -0.0006 -0.018321 3.076699 
0.226 1.53 1.64 0.4209 0.4125 0.0655 -0.0006 -0.018321 3.076697 
0.227 1.75 1.76 0.4041 0.4032 0.0659 -0.0006 -0.018321 3.076689 
0.228 1.57 1.64 0.4173 0.4121 0.0663 -0.0006 -0.018321 3.076682 
0.229 1.62 1.68 0.4140 0.4089 0.0667 -0.0006 -0.018321 3.076680 
0.230 1.52 1.21 0.4212 0.4451 0.0671 -0.0006 -0.018321 3.076685 
0.231 1.29 1.77 0.4394 0.4019 0.0675 -0.0006 -0.018321 3.076694 
0.232 1.60 1.88 0.4151 0.3936 0.0679 -0.0006 -0.018321 3.076702 
0.233 1.19 1.80 0.4473 0.3996 0.0684 -0.0006 -0.018321 3.076705 
0.234 1.59 1.47 0.4164 0.4254 0.0688 -0.0006 -0.018321 3.076699 
0.235 1.57 1.86 0.4179 0.3953 0.0692 -0.0006 -0.018321 3.076692 
0.236 1.64 1.95 0.4121 0.3884 0.0696 -0.0006 -0.018321 3.076685 
0.237 2.05 1.77 0.3808 0.4021 0.0700 -0.0006 -0.018321 3.076689 
0.238 1.58 1.64 0.4171 0.4126 0.0704 -0.0006 -0.018321 3.076702 
0.239 1.24 1.78 0.4432 0.4017 0.0708 -0.0007 -0.018321 3.076709 
0.240 1.54 1.29 0.4197 0.4389 0.0712 -0.0007 -0.018321 3.076707 
0.241 1.75 1.72 0.4042 0.4061 0.0716 -0.0007 -0.018321 3.076699 
0.242 1.56 1.43 0.4186 0.4285 0.0720 -0.0007 -0.018321 3.076693 
0.243 1.25 1.78 0.4420 0.4011 0.0724 -0.0007 -0.018321 3.076695 
0.244 1.56 1.74 0.4182 0.4048 0.0728 -0.0007 -0.018321 3.076700 
0.245 1.51 1.72 0.4225 0.4063 0.0732 -0.0007 -0.018321 3.076701 
0.246 1.50 1.73 0.4234 0.4051 0.0736 -0.0007 -0.018321 3.076700 
0.247 1.65 1.75 0.4117 0.4035 0.0740 -0.0007 -0.018321 3.076700 
0.248 1.54 1.38 0.4197 0.4322 0.0744 -0.0007 -0.018321 3.076703 
0.249 1.27 1.70 0.4405 0.4079 0.0748 -0.0007 -0.018321 3.076705 
0.250 1.52 1.84 0.4217 0.3970 0.0752 -0.0007 -0.018321 3.076708 
0.251 1.59 1.75 0.4162 0.4038 0.0757 -0.0007 -0.018321 3.076714 
0.252 1.44 1.60 0.4275 0.4155 0.0763 -0.0008 -0.020938 3.076722 
0.253 1.49 1.70 0.4241 0.4075 0.0767 -0.0008 -0.020938 3.076731 
0.254 1.55 1.65 0.4193 0.4119 0.0771 -0.0008 -0.020938 3.076736 
0.255 1.55 1.78 0.4194 0.4013 0.0775 -0.0008 -0.020938 3.076738 
0.256 1.61 1.45 0.4147 0.4269 0.0779 -0.0008 -0.020938 3.076738 
0.257 1.53 1.77 0.4207 0.4025 0.0783 -0.0008 -0.020938 3.076732 
0.258 1.72 1.74 0.4065 0.4045 0.0787 -0.0008 -0.020938 3.076725 
0.259 1.54 1.83 0.4201 0.3974 0.0791 -0.0008 -0.020938 3.076721 
0.260 1.34 1.43 0.4352 0.4285 0.0795 -0.0008 -0.020938 3.076722 
0.261 1.45 1.75 0.4271 0.4034 0.0799 -0.0008 -0.020938 3.076727 
0.262 1.51 1.83 0.4220 0.3975 0.0803 -0.0008 -0.020938 3.076730 
0.263 1.51 1.79 0.4220 0.4011 0.0807 -0.0009 -0.020938 3.076730 
0.264 1.31 1.58 0.4374 0.4165 0.0811 -0.0009 -0.020938 3.076734 
0.265 1.50 1.72 0.4228 0.4060 0.0815 -0.0009 -0.020938 3.076741 
0.266 1.59 1.68 0.4160 0.4096 0.0819 -0.0009 -0.020938 3.076748 
0.267 1.54 1.75 0.4198 0.4036 0.0823 -0.0009 -0.020938 3.076751 
0.268 1.46 1.48 0.4262 0.4246 0.0828 -0.0009 -0.020938 3.076753 
0.269 1.50 1.69 0.4229 0.4082 0.0832 -0.0009 -0.020938 3.076754 
0.270 1.75 1.63 0.4035 0.4127 0.0836 -0.0009 -0.020938 3.076757 
0.271 1.55 1.29 0.4193 0.4393 0.0842 -0.0009 -0.018321 3.076760 
0.272 1.25 1.70 0.4421 0.4075 0.0846 -0.0009 -0.018321 3.076759 
0.273 1.52 1.66 0.4212 0.4108 0.0850 -0.0009 -0.018321 3.076757 
0.274 1.73 1.77 0.4052 0.4018 0.0854 -0.0009 -0.018321 3.076753 
0.275 1.57 1.65 0.4175 0.4113 0.0858 -0.0010 -0.018321 3.076747 
0.276 1.59 1.70 0.4162 0.4079 0.0862 -0.0010 -0.018321 3.076745 
0.277 1.20 1.21 0.4458 0.4454 0.0868 -0.0010 -0.020938 3.076743 
0.278 1.51 1.78 0.4219 0.4016 0.0872 -0.0010 -0.020938 3.076737 
0.279 1.10 1.89 0.4540 0.3934 0.0876 -0.0010 -0.020938 3.076733 
0.280 1.52 1.80 0.4215 0.4000 0.0880 -0.0010 -0.020938 3.076731 
0.281 1.51 1.48 0.4225 0.4249 0.0884 -0.0010 -0.020938 3.076729 
0.282 1.60 1.85 0.4151 0.3959 0.0888 -0.0010 -0.020938 3.076729 
0.283 2.02 1.96 0.3833 0.3878 0.0892 -0.0010 -0.020938 3.076730 
0.284 1.54 1.75 0.4197 0.4036 0.0896 -0.0010 -0.020938 3.076729 
0.285 1.22 1.63 0.4446 0.4133 0.0901 -0.0010 -0.020938 3.076730 
0.286 1.52 1.77 0.4218 0.4023 0.0905 -0.0010 -0.020938 3.076731 
0.287 1.73 1.31 0.4056 0.4374 0.0909 -0.0011 -0.020938 3.076729 
0.288 1.54 1.73 0.4197 0.4054 0.0913 -0.0011 -0.020938 3.076726 
0.289 1.24 1.44 0.4430 0.4274 0.0917 -0.0011 -0.020938 3.076725 
0.290 1.55 1.80 0.4194 0.3999 0.0921 -0.0011 -0.020938 3.076722 
0.291 1.50 1.74 0.4234 0.4045 0.0925 -0.0011 -0.020938 3.076716 
0.292 1.48 1.72 0.4244 0.4060 0.0929 -0.0011 -0.020938 3.076711 
0.293 1.64 1.74 0.4124 0.4049 0.0933 -0.0011 -0.020938 3.076708 
0.294 1.53 1.75 0.4209 0.4039 0.0937 -0.0011 -0.020938 3.076706 
0.295 1.25 1.38 0.4419 0.4322 0.0941 -0.0011 -0.020938 3.076707 
0.296 1.51 1.70 0.4222 0.4079 0.0945 -0.0011 -0.020938 3.076709 
0.297 1.57 1.84 0.4173 0.3967 0.0949 -0.0011 -0.020938 3.076711 
0.298 1.55 1.76 0.4191 0.4033 0.0953 -0.0011 -0.020938 3.076712 
0.299 1.44 1.58 0.4277 0.4168 0.0957 -0.0012 -0.020938 3.076716 
0.300 1.48 1.66 0.4248 0.4107 0.0961 -0.0012 -0.020938 3.076721 
0.301 1.55 1.61 0.4192 0.4145 0.0967 -0.0012 -0.023556 3.076725 
0.302 1.61 1.74 0.4144 0.4049 0.0972 -0.0012 -0.023556 3.076729 
0.303 1.53 1.41 0.4205 0.4296 0.0976 -0.0012 -0.023556 3.076729 
0.304 1.72 1.74 0.4064 0.4047 0.0980 -0.0012 -0.023556 3.076725 
0.305 1.54 1.72 0.4197 0.4065 0.0984 -0.0012 -0.023556 3.076723 
0.306 1.35 1.81 0.4349 0.3989 0.0988 -0.0012 -0.023556 3.076727 
0.307 1.45 1.40 0.4266 0.4309 0.0992 -0.0012 -0.023556 3.076733 
0.308 1.51 1.73 0.4219 0.4055 0.0996 -0.0012 -0.023556 3.076734 
0.309 1.52 1.82 0.4216 0.3984 0.1000 -0.0013 -0.023556 3.076734 
0.310 1.31 1.81 0.4377 0.3992 0.1004 -0.0013 -0.023556 3.076734 
0.311 1.52 1.63 0.4213 0.4130 0.1008 -0.0013 -0.023556 3.076734 
0.312 1.58 1.74 0.4168 0.4049 0.1012 -0.0013 -0.023556 3.076734 
0.313 1.55 1.72 0.4191 0.4065 0.1016 -0.0013 -0.023556 3.076739 
0.314 1.47 1.75 0.4251 0.4036 0.1020 -0.0013 -0.023556 3.076744 
0.315 1.49 1.50 0.4240 0.4234 0.1024 -0.0013 -0.023556 3.076745 
0.316 1.75 1.70 0.4034 0.4079 0.1028 -0.0013 -0.023556 3.076741 
0.317 1.55 1.64 0.4192 0.4124 0.1032 -0.0013 -0.023556 3.076737 
0.318 1.25 1.74 0.4422 0.4050 0.1036 -0.0013 -0.023556 3.076740 
0.319 1.53 1.28 0.4209 0.4397 0.1040 -0.0014 -0.023556 3.076746 
0.320 1.74 1.70 0.4049 0.4079 0.1045 -0.0014 -0.023556 3.076750 
0.321 1.57 1.64 0.4172 0.4121 0.1049 -0.0014 -0.023556 3.076750 
0.322 1.62 1.76 0.4140 0.4029 0.1053 -0.0014 -0.023556 3.076755 
0.323 1.48 1.65 0.4247 0.4119 0.1057 -0.0014 -0.023556 3.076761 
0.324 1.22 1.70 0.4449 0.4080 0.1061 -0.0014 -0.023556 3.076764 
0.325 1.53 1.19 0.4205 0.4473 0.1067 -0.0014 -0.026173 3.076764 
0.326 1.51 1.76 0.4220 0.4027 0.1071 -0.0014 -0.026173 3.076761 
0.327 1.50 1.87 0.4233 0.3942 0.1075 -0.0014 -0.026173 3.076762 
0.328 1.56 1.78 0.4184 0.4012 0.1079 -0.0014 -0.026173 3.076769 
0.329 1.98 1.46 0.3862 0.4260 0.1083 -0.0015 -0.026173 3.076773 
0.330 1.50 1.84 0.4231 0.3971 0.1087 -0.0015 -0.026173 3.076773 
0.331 1.15 1.93 0.4504 0.3897 0.1091 -0.0015 -0.026173 3.076771 
0.332 1.50 1.75 0.4229 0.4035 0.1095 -0.0015 -0.026173 3.076771 
0.333 1.70 1.61 0.4078 0.4142 0.1099 -0.0015 -0.026173 3.076774 
0.334 1.52 1.75 0.4211 0.4036 0.1103 -0.0015 -0.026173 3.076775 
0.335 1.22 1.27 0.4443 0.4403 0.1107 -0.0015 -0.026173 3.076775 
0.336 1.53 1.69 0.4205 0.4081 0.1111 -0.0015 -0.026173 3.076775 
0.337 1.50 1.40 0.4234 0.4307 0.1115 -0.0015 -0.026173 3.076777 
0.338 1.49 1.77 0.4237 0.4021 0.1120 -0.0016 -0.026173 3.076779 
0.339 1.64 1.70 0.4125 0.4078 0.1124 -0.0016 -0.026173 3.076779 
0.340 1.55 1.70 0.4193 0.4076 0.1128 -0.0016 -0.026173 3.076778 
0.341 1.29 1.71 0.4391 0.4070 0.1132 -0.0016 -0.026173 3.076777 
0.342 1.57 1.73 0.4179 0.4055 0.1136 -0.0016 -0.026173 3.076777 
0.343 1.63 1.36 0.4130 0.4340 0.1140 -0.0016 -0.026173 3.076777 
0.344 1.60 1.67 0.4157 0.4098 0.1144 -0.0016 -0.026173 3.076779 
0.345 1.49 1.82 0.4241 0.3987 0.1148 -0.0016 -0.026173 3.076775 
0.346 1.52 1.73 0.4218 0.4051 0.1152 -0.0016 -0.026173 3.076766 
0.347 1.59 1.56 0.4163 0.4180 0.1156 -0.0016 -0.026173 3.076762 
0.348 1.56 1.65 0.4182 0.4117 0.1160 -0.0017 -0.026173 3.076765 
0.349 1.63 1.59 0.4130 0.4162 0.1164 -0.0017 -0.026173 3.076770 
0.350 1.56 1.72 0.4183 0.4060 0.1168 -0.0017 -0.026173 3.076775 
0.351 1.73 1.40 0.4057 0.4309 0.1172 -0.0017 -0.026173 3.076774 
0.352 1.55 1.72 0.4191 0.4059 0.1176 -0.0017 -0.026173 3.076766 
0.353 1.46 1.70 0.4265 0.4077 0.1182 -0.0017 -0.028790 3.076760 
0.354 1.51 1.80 0.4222 0.3998 0.1186 -0.0017 -0.028790 3.076759 
0.355 1.50 1.40 0.4229 0.4308 0.1191 -0.0017 -0.028790 3.076760 
0.356 1.29 1.73 0.4392 0.4050 0.1195 -0.0018 -0.028790 3.076763 
0.357 1.49 1.81 0.4241 0.3992 0.1199 -0.0018 -0.028790 3.076769 
0.358 1.57 1.75 0.4178 0.4037 0.1203 -0.0018 -0.028790 3.076767 
0.359 1.54 1.58 0.4199 0.4169 0.1207 -0.0018 -0.028790 3.076759 
0.360 1.44 1.76 0.4281 0.4027 0.1211 -0.0018 -0.028790 3.076756 
0.361 1.49 1.66 0.4241 0.4108 0.1215 -0.0018 -0.028790 3.076761 
0.362 1.74 1.77 0.4043 0.4024 0.1219 -0.0018 -0.028790 3.076767 
0.363 1.54 1.52 0.4197 0.4212 0.1223 -0.0018 -0.028790 3.076766 
0.364 1.24 1.74 0.4427 0.4048 0.1227 -0.0018 -0.028790 3.076761 
0.365 1.52 1.68 0.4211 0.4094 0.1231 -0.0019 -0.028790 3.076755 
0.366 1.74 1.32 0.4048 0.4370 0.1237 -0.0019 -0.026173 3.076748 
0.367 1.58 1.73 0.4172 0.4058 0.1241 -0.0019 -0.026173 3.076737 
0.368 1.62 1.68 0.4141 0.4090 0.1245 -0.0019 -0.026173 3.076728 
0.369 1.48 1.78 0.4249 0.4012 0.1249 -0.0019 -0.026173 3.076730 
0.370 1.21 1.66 0.4451 0.4104 0.1253 -0.0019 -0.026173 3.076738 
0.371 1.51 1.70 0.4224 0.4074 0.1257 -0.0019 -0.026173 3.076741 
0.372 1.10 1.21 0.4535 0.4451 0.1261 -0.0019 -0.026173 3.076740 
0.373 1.51 1.78 0.4222 0.4013 0.1266 -0.0019 -0.026173 3.076740 
0.374 1.51 1.89 0.4225 0.3929 0.1270 -0.0020 -0.026173 3.076739 
0.375 1.57 1.81 0.4175 0.3993 0.1274 -0.0020 -0.026173 3.076737 
0.376 2.00 1.47 0.3844 0.4254 0.1278 -0.0020 -0.026173 3.076738 
0.377 1.18 1.87 0.4477 0.3944 0.1284 -0.0020 -0.028790 3.076744 
0.378 1.53 1.95 0.4208 0.3888 0.1288 -0.0020 -0.028790 3.076754 
0.379 1.71 1.77 0.4073 0.4022 0.1292 -0.0020 -0.028790 3.076757 
0.380 1.53 1.62 0.4210 0.4136 0.1296 -0.0020 -0.028790 3.076750 
0.381 1.20 1.76 0.4460 0.4026 0.1300 -0.0020 -0.028790 3.076748 
0.382 1.51 1.29 0.4225 0.4393 0.1304 -0.0021 -0.028790 3.076749 
0.383 1.45 1.71 0.4267 0.4072 0.1308 -0.0021 -0.028790 3.076742 
0.384 1.44 1.42 0.4274 0.4294 0.1312 -0.0021 -0.028790 3.076731 
0.385 1.61 1.77 0.4147 0.4020 0.1316 -0.0021 -0.028790 3.076730 
0.386 1.50 1.71 0.4228 0.4068 0.1320 -0.0021 -0.028790 3.076741 
0.387 1.23 1.70 0.4442 0.4075 0.1324 -0.0021 -0.028790 3.076748 
0.388 1.49 1.70 0.4240 0.4073 0.1328 -0.0021 -0.028790 3.076743 
0.389 1.56 1.72 0.4182 0.4060 0.1332 -0.0021 -0.028790 3.076733 
0.390 1.54 1.35 0.4201 0.4346 0.1336 -0.0021 -0.028790 3.076726 
0.391 1.44 1.66 0.4280 0.4104 0.1341 -0.0022 -0.028790 3.076726 
0.392 1.47 1.82 0.4254 0.3985 0.1345 -0.0022 -0.028790 3.076735 
0.393 1.55 1.73 0.4191 0.4056 0.1349 -0.0022 -0.028790 3.076744 
0.394 1.54 1.56 0.4202 0.4183 0.1353 -0.0022 -0.028790 3.076754 
0.395 1.61 1.65 0.4146 0.4119 0.1357 -0.0022 -0.028790 3.076759 
0.396 1.53 1.58 0.4206 0.4170 0.1361 -0.0022 -0.028790 3.076751 
0.397 1.72 1.72 0.4059 0.4063 0.1365 -0.0022 -0.028790 3.076738 
0.398 1.55 1.40 0.4194 0.4310 0.1369 -0.0022 -0.028790 3.076733 
0.399 1.36 1.72 0.4336 0.4063 0.1373 -0.0023 -0.028790 3.076737 
0.400 1.49 1.70 0.4239 0.4076 0.1379 -0.0023 -0.031408 3.076740 
0.401 1.51 1.80 0.4219 0.4000 0.1383 -0.0023 -0.031408 3.076741 
0.402 -5.69 -5.61 0.4378 0.4317 0.1387 -0.0023 -0.031408 3.076740 
0.403 -5.47 -5.28 0.4208 0.4059 0.1391 -0.0023 -0.031408 3.076735 
0.404 -5.04 -5.01 0.3879 0.3856 0.1395 -0.0023 -0.031408 3.076727 
0.405 -4.82 -4.51 0.3711 0.3467 0.1397 -0.0023 -0.028790 3.076721 
0.406 -4.35 -4.41 0.3345 0.3395 0.1399 -0.0023 -0.031408 3.076725 
0.407 -3.45 -3.78 0.2653 0.2909 0.1403 -0.0023 -0.031408 3.076742 
0.408 -3.45 -2.93 0.2653 0.2253 0.1403 -0.0023 -0.031408 3.076754 
0.409 -2.24 -2.46 0.1723 0.1889 0.1407 -0.0024 -0.031408 3.076756 
0.410 -2.23 -2.46 0.1714 0.1889 0.1407 -0.0024 -0.031408 3.076747 
0.411 -2.23 -1.99 0.1714 0.1529 0.1407 -0.0024 -0.031408 3.076723 
0.412 -1.77 -1.45 0.1361 0.1112 0.1407 -0.0024 -0.031408 3.076715 
0.413 -1.32 -1.13 0.1018 0.0872 0.1407 -0.0024 -0.031408 3.076674 
0.414 -1.06 -0.93 0.0814 0.0718 0.1407 -0.0024 -0.031408 3.076625 
0.415 -0.88 -0.79 0.0678 0.0610 0.1407 -0.0024 -0.031408 3.076684 
0.416 -0.75 -0.69 0.0581 0.0530 0.1407 -0.0024 -0.031408 3.076740 
0.417 -0.66 -0.61 0.0508 0.0469 0.1407 -0.0024 -0.031408 3.076751 
0.418 -0.59 -0.55 0.0451 0.0420 0.1407 -0.0024 -0.031408 3.076756 
0.419 -0.53 -0.49 0.0406 0.0381 0.1407 -0.0024 -0.031408 3.076698 
0.420 -0.48 -0.45 0.0369 0.0348 0.1407 -0.0024 -0.031408 3.076652 
0.421 -0.44 0.44 0.0339 -0.0342 0.1405 -0.0024 -0.034025 3.076719 
0.422 0.41 0.44 -0.0314 -0.0342 0.1403 -0.0023 -0.031408 3.076852 
0.423 0.41 0.44 -0.0314 -0.0342 0.1403 -0.0023 -0.031408 3.076901 
0.424 0.41 0.44 -0.0314 -0.0342 0.1403 -0.0023 -0.031408 3.076839 
0.425 0.41 0.44 -0.0314 -0.0342 0.1403 -0.0023 -0.031408 3.076762 
0.426 0.41 0.44 -0.0314 -0.0342 0.1403 -0.0023 -0.031408 3.076724 
0.427 0.41 0.44 -0.0314 -0.0342 0.1403 -0.0023 -0.031408 3.076710 
0.428 0.41 0.44 -0.0314 -0.0342 0.1403 -0.0023 -0.031408 3.076694 
0.429 0.41 0.44 -0.0314 -0.0342 0.1403 -0.0023 -0.031408 3.076700 
0.430 0.71 0.60 -0.0548 -0.0459 0.1399 -0.0023 -0.031408 3.076730 
0.431 0.71 0.60 -0.0548 -0.0459 0.1399 -0.0023 -0.031408 3.076764 
0.432 0.71 0.60 -0.0548 -0.0459 0.1399 -0.0023 -0.031408 3.076799 
0.433 0.71 0.60 -0.0548 -0.0459 0.1399 -0.0023 -0.031408 3.076817 
0.434 0.71 0.60 -0.0548 -0.0459 0.1399 -0.0023 -0.031408 3.076802 
0.435 0.71 0.60 -0.0548 -0.0459 0.1399 -0.0023 -0.031408 3.076773 
0.436 0.71 0.60 -0.0548 -0.0459 0.1399 -0.0023 -0.031408 3.076754 
0.437 0.69 0.60 -0.0530 -0.0459 0.1399 -0.0023 -0.031408 3.076769 
0.438 0.61 0.59 -0.0469 -0.0455 0.1399 -0.0023 -0.031408 3.076800 
0.439 0.55 -0.54 -0.0420 0.0417 0.1401 -0.0023 -0.028790 3.076809 
0.440 0.49 -0.54 -0.0381 0.0417 0.1401 -0.0023 -0.028790 3.076796 
0.441 0.45 -0.54 -0.0348 0.0417 0.1401 -0.0023 -0.028790 3.076779 
0.442 0.42 -0.54 -0.0321 0.0417 0.1401 -0.0023 -0.028790 3.076768 
0.443 -0.41 -0.54 0.0315 0.0417 0.1403 -0.0023 -0.031408 3.076763 
0.444 -0.41 -0.54 0.0315 0.0417 0.1403 -0.0023 -0.031408 3.076775 
0.445 -0.41 -0.54 0.0315 0.0417 0.1403 -0.0023 -0.031408 3.076807 
0.446 -0.41 -0.54 0.0315 0.0417 0.1403 -0.0023 -0.031408 3.076834 
0.447 -0.41 -0.54 0.0315 0.0417 0.1403 -0.0023 -0.031408 3.076821 
0.448 -0.41 -0.54 0.0315 0.0417 0.1403 -0.0023 -0.031408 3.076800 
0.449 -0.41 -0.52 0.0315 0.0398 0.1403 -0.0023 -0.031408 3.076782 
0.450 -0.41 0.51 0.0315 -0.0393 0.1401 -0.0023 -0.034025 3.076743 
0.451 -0.41 0.51 0.0315 -0.0393 0.1401 -0.0023 -0.034025 3.076729 
0.452 -0.41 0.51 0.0315 -0.0393 0.1401 -0.0023 -0.034025 3.076734 
0.453 -0.41 0.51 0.0315 -0.0393 0.1401 -0.0023 -0.034025 3.076748 
0.454 -0.41 0.51 0.0315 -0.0393 0.1401 -0.0023 -0.034025 3.076790 
0.455 -0.41 0.51 0.0315 -0.0393 0.1401 -0.0023 -0.034025 3.076826 
0.456 -0.38 0.51 0.0295 -0.0393 0.1401 -0.0023 -0.034025 3.076830 
0.457 -0.36 0.51 0.0275 -0.0393 0.1401 -0.0023 -0.034025 3.076806 
0.458 -0.33 0.51 0.0257 -0.0393 0.1401 -0.0023 -0.034025 3.076792 
0.459 -0.31 0.51 0.0242 -0.0393 0.1401 -0.0023 -0.034025 3.076805 
0.460 -0.30 0.48 0.0228 -0.0373 0.1401 -0.0023 -0.034025 3.076822 
0.461 0.29 0.44 -0.0222 -0.0342 0.1399 -0.0023 -0.031408 3.076828 
0.462 0.29 0.41 -0.0222 -0.0315 0.1399 -0.0023 -0.031408 3.076832 
0.463 0.29 0.38 -0.0222 -0.0292 0.1399 -0.0023 -0.031408 3.076836 
0.464 0.29 0.35 -0.0222 -0.0273 0.1399 -0.0023 -0.031408 3.076827 
0.465 0.29 0.33 -0.0222 -0.0256 0.1399 -0.0023 -0.031408 3.076808 
0.466 0.29 0.31 -0.0222 -0.0241 0.1399 -0.0023 -0.031408 3.076800 
0.467 0.29 0.29 -0.0222 -0.0227 0.1399 -0.0023 -0.031408 3.076812 
0.468 0.29 -0.29 -0.0222 0.0223 0.1401 -0.0023 -0.028790 3.076822 
0.469 0.29 -0.29 -0.0222 0.0223 0.1401 -0.0023 -0.028790 3.076833 
0.470 0.29 -0.29 -0.0222 0.0223 0.1401 -0.0023 -0.028790 3.076854 
0.471 0.29 -0.29 -0.0222 0.0223 0.1401 -0.0023 -0.028790 3.076854 
0.472 0.29 -0.29 -0.0222 0.0223 0.1401 -0.0023 -0.028790 3.076837 
0.473 0.29 -0.29 -0.0222 0.0223 0.1401 -0.0023 -0.028790 3.076817 
0.474 0.29 -0.29 -0.0222 0.0223 0.1401 -0.0023 -0.028790 3.076801 
0.475 0.29 -0.29 -0.0222 0.0223 0.1401 -0.0023 -0.028790 3.076807 
0.476 0.29 -0.29 -0.0222 0.0223 0.1401 -0.0023 -0.028790 3.076828 
0.477 -0.32 -0.29 0.0247 0.0223 0.1403 -0.0023 -0.031408 3.076845 
0.478 -0.32 -0.29 0.0247 0.0223 0.1403 -0.0023 -0.031408 3.076841 
0.479 -0.32 -0.29 0.0247 0.0223 0.1403 -0.0023 -0.031408 3.076825 
0.480 -0.32 -0.29 0.0247 0.0223 0.1403 -0.0023 -0.031408 3.076813 
0.481 -0.32 -0.29 0.0247 0.0223 0.1403 -0.0023 -0.031408 3.076802 
0.482 -0.32 -0.29 0.0247 0.0223 0.1403 -0.0023 -0.031408 3.076795 
0.483 -0.32 -0.29 0.0247 0.0223 0.1403 -0.0023 -0.031408 3.076791 
0.484 -0.32 -0.29 0.0247 0.0223 0.1403 -0.0023 -0.031408 3.076793 
0.485 -0.32 0.30 0.0247 -0.0233 0.1401 -0.0023 -0.034025 3.076798 
0.486 -0.32 0.30 0.0247 -0.0233 0.1401 -0.0023 -0.034025 3.076800 
0.487 -0.32 0.30 0.0247 -0.0233 0.1401 -0.0023 -0.034025 3.076793 
0.488 -0.32 0.30 0.0247 -0.0233 0.1401 -0.0023 -0.034025 3.076783 
0.489 -0.32 0.30 0.0247 -0.0233 0.1401 -0.0023 -0.034025 3.076780 
0.490 -0.32 0.30 0.0247 -0.0233 0.1401 -0.0023 -0.034025 3.076785 
0.491 -0.32 0.30 0.0247 -0.0233 0.1401 -0.0023 -0.034025 3.076796 
0.492 -0.32 0.30 0.0247 -0.0233 0.1401 -0.0023 -0.034025 3.076808 
0.493 -0.32 0.30 0.0247 -0.0233 0.1401 -0.0023 -0.034025 3.076819 
0.494 -0.31 0.30 0.0237 -0.0233 0.1401 -0.0023 -0.034025 3.076822 
0.495 -0.29 0.30 0.0224 -0.0233 0.1399 -0.0023 -0.031408 3.076822 
0.496 0.29 0.30 -0.0224 -0.0233 0.1399 -0.0023 -0.031408 3.076821 
0.497 0.29 0.30 -0.0224 -0.0233 0.1399 -0.0023 -0.031408 3.076823 
0.498 0.29 0.30 -0.0224 -0.0233 0.1399 -0.0023 -0.031408 3.076830 
0.499 0.29 0.30 -0.0224 -0.0233 0.1399 -0.0023 -0.031408 3.076835 
0.500 0.29 0.30 -0.0224 -0.0233 0.1399 -0.0023 -0.031408 3.076838 
0.501 0.29 0.30 -0.0224 -0.0233 0.1399 -0.0023 -0.031408 3.076839 
0.502 0.29 0.30 -0.0224 -0.0233 0.1399 -0.0023 -0.031408 3.076837 
0.503 0.29 -0.29 -0.0224 0.0223 0.1401 -0.0023 -0.028790 3.076831 
0.504 0.29 -0.29 -0.0224 0.0223 0.1401 -0.0023 -0.028790 3.076824 
0.505 0.29 -0.29 -0.0224 0.0223 0.1401 -0.0023 -0.028790 3.076823 
0.506 0.29 -0.29 -0.0224 0.0223 0.1401 -0.0023 -0.028790 3.076832 
0.507 0.29 -0.29 -0.0224 0.0223 0.1401 -0.0023 -0.028790 3.076836 
0.508 0.29 -0.29 -0.0224 0.0223 0.1401 -0.0023 -0.028790 3.076832 
0.509 -0.39 -0.29 0.0301 0.0223 0.1403 -0.0023 -0.031408 3.076824 
0.510 -0.39 -0.29 0.0301 0.0223 0.1403 -0.0023 -0.031408 3.076818 
0.511 -0.39 -0.29 0.0301 0.0223 0.1403 -0.0023 -0.031408 3.076818 
0.512 -0.39 0.59 0.0301 -0.0456 0.1401 -0.0023 -0.034025 3.076819 
0.513 -0.39 0.59 0.0301 -0.0456 0.1401 -0.0023 -0.034025 3.076820 
0.514 -0.39 0.59 0.0301 -0.0456 0.1401 -0.0023 -0.034025 3.076817 
0.515 -0.39 0.59 0.0301 -0.0456 0.1401 -0.0023 -0.034025 3.076811 
0.516 -0.39 0.59 0.0301 -0.0456 0.1401 -0.0023 -0.034025 3.076805 
0.517 -0.39 0.59 0.0301 -0.0456 0.1401 -0.0023 -0.034025 3.076802 
0.518 -0.39 0.59 0.0301 -0.0456 0.1401 -0.0023 -0.034025 3.076804 
0.519 -0.39 0.59 0.0301 -0.0456 0.1401 -0.0023 -0.034025 3.076807 
0.520 -0.39 -0.68 0.0301 0.0522 0.1403 -0.0023 -0.031408 3.076810 
0.521 -0.39 -0.68 0.0301 0.0522 0.1403 -0.0023 -0.031408 3.076814 
0.522 -0.39 -0.68 0.0300 0.0522 0.1403 -0.0023 -0.031408 3.076817 
0.523 0.39 -0.68 -0.0297 0.0522 0.1401 -0.0023 -0.028790 3.076820 
0.524 0.39 -0.68 -0.0297 0.0522 0.1401 -0.0023 -0.028790 3.076821 
0.525 0.39 -0.68 -0.0297 0.0522 0.1401 -0.0023 -0.028790 3.076820 
0.526 0.39 -0.68 -0.0297 0.0522 0.1401 -0.0023 -0.028790 3.076824 
0.527 0.39 -0.68 -0.0297 0.0522 0.1401 -0.0023 -0.028790 3.076832 
0.528 0.39 -0.63 -0.0297 0.0484 0.1401 -0.0023 -0.028790 3.076837 
0.529 0.39 0.60 -0.0297 -0.0460 0.1399 -0.0023 -0.031408 3.076835 
0.530 0.39 0.60 -0.0297 -0.0460 0.1399 -0.0023 -0.031408 3.076831 
0.531 0.39 0.60 -0.0297 -0.0460 0.1399 -0.0023 -0.031408 3.076832 
0.532 0.39 0.60 -0.0297 -0.0460 0.1399 -0.0023 -0.031408 3.076837 
0.533 0.39 0.60 -0.0297 -0.0460 0.1399 -0.0023 -0.031408 3.076841 
0.534 0.39 0.60 -0.0297 -0.0460 0.1399 -0.0023 -0.031408 3.076839 
0.535 0.39 0.60 -0.0297 -0.0460 0.1399 -0.0023 -0.031408 3.076834 
0.536 -0.40 0.60 0.0311 -0.0460 0.1401 -0.0023 -0.034025 3.076832 
0.537 -0.40 0.60 0.0311 -0.0460 0.1401 -0.0023 -0.034025 3.076832 
0.538 -0.40 0.55 0.0311 -0.0424 0.1401 -0.0023 -0.034025 3.076835 
0.539 -0.40 0.50 0.0311 -0.0384 0.1401 -0.0023 -0.034025 3.076837 
0.540 -0.40 0.46 0.0311 -0.0351 0.1401 -0.0023 -0.034025 3.076832 
0.541 -0.40 0.42 0.0311 -0.0323 0.1401 -0.0023 -0.034025 3.076824 
0.542 -0.40 0.39 0.0311 -0.0299 0.1401 -0.0023 -0.034025 3.076819 
0.543 -0.40 0.36 0.0311 -0.0279 0.1401 -0.0023 -0.034025 3.076816 
0.544 -0.40 0.34 0.0311 -0.0261 0.1401 -0.0023 -0.034025 3.076814 
0.545 -0.40 -0.32 0.0311 0.0245 0.1403 -0.0023 -0.031408 3.076812 
0.546 -0.40 -0.32 0.0311 0.0245 0.1403 -0.0023 -0.031408 3.076808 
0.547 -0.40 -0.32 0.0311 0.0245 0.1403 -0.0023 -0.031408 3.076805 
0.548 -0.40 -0.32 0.0311 0.0245 0.1403 -0.0023 -0.031408 3.076802 
0.549 -0.38 -0.32 0.0293 0.0245 0.1403 -0.0023 -0.031408 3.076802 
0.550 -0.35 -0.32 0.0273 0.0245 0.1403 -0.0023 -0.031408 3.076805 
0.551 -0.33 -0.32 0.0256 0.0245 0.1403 -0.0023 -0.031408 3.076806 
0.552 -0.31 -0.32 0.0241 0.0245 0.1403 -0.0023 -0.031408 3.076810 
0.553 -0.29 -0.32 0.0227 0.0245 0.1403 -0.0023 -0.031408 3.076808 
0.554 0.29 -0.32 -0.0221 0.0245 0.1401 -0.0023 -0.028790 3.076804 
0.555 0.29 -0.32 -0.0221 0.0245 0.1401 -0.0023 -0.028790 3.076807 
0.556 0.29 -0.32 -0.0221 0.0245 0.1401 -0.0023 -0.028790 3.076808 
0.557 0.29 -0.32 -0.0221 0.0245 0.1401 -0.0023 -0.028790 3.076802 
0.558 0.29 -0.32 -0.0221 0.0245 0.1401 -0.0023 -0.028790 3.076792 
0.559 0.29 -0.32 -0.0221 0.0245 0.1401 -0.0023 -0.028790 3.076788 
0.560 0.29 -0.32 -0.0221 0.0245 0.1401 -0.0023 -0.028790 3.076790 
0.561 0.29 -0.32 -0.0221 0.0245 0.1401 -0.0023 -0.028790 3.076796 
0.562 0.29 0.32 -0.0221 -0.0246 0.1399 -0.0023 -0.031408 3.076799 
0.563 0.29 0.32 -0.0221 -0.0246 0.1399 -0.0023 -0.031408 3.076798 
0.564 0.29 0.32 -0.0221 -0.0246 0.1399 -0.0023 -0.031408 3.076796 
0.565 0.29 0.32 -0.0221 -0.0246 0.1399 -0.0023 -0.031408 3.076795 
0.566 0.29 0.32 -0.0221 -0.0246 0.1399 -0.0023 -0.031408 3.076792 
0.567 0.29 0.32 -0.0221 -0.0246 0.1399 -0.0023 -0.031408 3.076785 
0.568 -0.38 0.32 0.0291 -0.0246 0.1401 -0.0023 -0.034025 3.076781 
0.569 -0.38 0.32 0.0291 -0.0246 0.1401 -0.0023 -0.034025 3.076782 
0.570 -0.38 0.32 0.0291 -0.0246 0.1401 -0.0023 -0.034025 3.076788 
0.571 -0.38 0.32 0.0291 -0.0246 0.1401 -0.0023 -0.034025 3.076790 
0.572 -0.38 0.32 0.0291 -0.0246 0.1401 -0.0023 -0.034025 3.076786 
0.573 -0.38 0.32 0.0291 -0.0246 0.1401 -0.0023 -0.034025 3.076782 
0.574 -0.38 0.32 0.0291 -0.0246 0.1401 -0.0023 -0.034025 3.076782 
0.575 -0.38 0.32 0.0291 -0.0246 0.1401 -0.0023 -0.034025 3.076782 
0.576 -0.38 0.32 0.0291 -0.0246 0.1401 -0.0023 -0.034025 3.076779 
0.577 -0.38 0.32 0.0291 -0.0246 0.1401 -0.0023 -0.034025 3.076775 
0.578 -0.38 0.32 0.0291 -0.0246 0.1401 -0.0023 -0.034025 3.076773 
0.579 -0.38 -0.31 0.0291 0.0241 0.1403 -0.0023 -0.031408 3.076777 
0.580 -0.38 -0.31 0.0291 0.0241 0.1403 -0.0023 -0.031408 3.076777 
0.581 -0.38 -0.31 0.0291 0.0241 0.1403 -0.0023 -0.031408 3.076771 
0.582 -0.36 -0.31 0.0279 0.0241 0.1403 -0.0023 -0.031408 3.076765 
0.583 0.35 -0.31 -0.0274 0.0241 0.1401 -0.0023 -0.028790 3.076762 
0.584 0.35 -0.31 -0.0274 0.0241 0.1401 -0.0023 -0.028790 3.076763 
0.585 0.35 -0.31 -0.0274 0.0241 0.1401 -0.0023 -0.028790 3.076763 
0.586 0.35 -0.31 -0.0274 0.0241 0.1401 -0.0023 -0.028790 3.076760 
0.587 0.35 -0.31 -0.0274 0.0241 0.1401 -0.0023 -0.028790 3.076755 
0.588 0.35 -0.31 -0.0274 0.0241 0.1401 -0.0023 -0.028790 3.076753 
0.589 0.35 0.51 -0.0274 -0.0392 0.1399 -0.0023 -0.031408 3.076754 
0.590 0.35 0.51 -0.0274 -0.0392 0.1399 -0.0023 -0.031408 3.076752 
0.591 0.35 0.51 -0.0274 -0.0392 0.1399 -0.0023 -0.031408 3.076750 
0.592 0.35 0.51 -0.0274 -0.0392 0.1399 -0.0023 -0.031408 3.076750 
0.593 0.35 0.51 -0.0274 -0.0392 0.1399 -0.0023 -0.031408 3.076750 
0.594 0.35 0.51 -0.0274 -0.0392 0.1399 -0.0023 -0.031408 3.076749 
0.595 0.35 0.51 -0.0274 -0.0392 0.1399 -0.0023 -0.031408 3.076747 
0.596 -0.41 0.51 0.0314 -0.0392 0.1401 -0.0023 -0.034025 3.076747 
0.597 -0.41 0.51 0.0314 -0.0392 0.1401 -0.0023 -0.034025 3.076754 
0.598 -0.41 0.51 0.0314 -0.0392 0.1401 -0.0023 -0.034025 3.076765 
0.599 -0.41 -0.53 0.0314 0.0405 0.1403 -0.0023 -0.031408 3.076771 
0.600 -0.41 -0.53 0.0314 0.0405 0.1403 -0.0023 -0.031408 3.076769 
0.601 -0.41 -0.53 0.0314 0.0405 0.1403 -0.0023 -0.031408 3.076765 
0.602 -0.41 -0.53 0.0314 0.0405 0.1403 -0.0023 -0.031408 3.076764 
0.603 -0.41 -0.53 0.0314 0.0405 0.1403 -0.0023 -0.031408 3.076762 
0.604 -0.41 -0.53 0.0314 0.0405 0.1403 -0.0023 -0.031408 3.076763 
0.605 -0.41 -0.53 0.0314 0.0405 0.1403 -0.0023 -0.031408 3.076764 
0.606 -0.41 -0.53 0.0314 0.0405 0.1403 -0.0023 -0.031408 3.076761 
0.607 -0.41 -0.53 0.0314 0.0405 0.1403 -0.0023 -0.031408 3.076759 
0.608 -0.41 -0.53 0.0314 0.0405 0.1403 -0.0023 -0.031408 3.076757 
0.609 -0.38 0.53 0.0294 -0.0410 0.1401 -0.0023 -0.034025 3.076756 
0.610 -0.36 0.53 0.0274 -0.0410 0.1401 -0.0023 -0.034025 3.076756 
0.611 -0.33 0.53 0.0257 -0.0410 0.1399 -0.0023 -0.031408 3.076757 
0.612 0.33 0.53 -0.0257 -0.0410 0.1399 -0.0023 -0.031408 3.076759 
0.613 0.33 0.53 -0.0257 -0.0410 0.1399 -0.0023 -0.031408 3.076761 
0.614 0.33 0.53 -0.0257 -0.0410 0.1399 -0.0023 -0.031408 3.076763 
0.615 0.33 0.53 -0.0257 -0.0410 0.1399 -0.0023 -0.031408 3.076765 
0.616 0.33 0.53 -0.0257 -0.0410 0.1399 -0.0023 -0.031408 3.076764 
0.617 0.33 0.53 -0.0257 -0.0410 0.1399 -0.0023 -0.031408 3.076761 
0.618 0.33 0.53 -0.0257 -0.0410 0.1399 -0.0023 -0.031408 3.076761 
0.619 0.33 0.51 -0.0257 -0.0391 0.1399 -0.0023 -0.031408 3.076761 
0.620 0.33 0.46 -0.0257 -0.0356 0.1399 -0.0023 -0.031408 3.076761 
0.621 0.33 0.42 -0.0257 -0.0328 0.1399 -0.0023 -0.031408 3.076764 
0.622 0.33 0.39 -0.0257 -0.0303 0.1399 -0.0023 -0.031408 3.076767 
0.623 0.33 0.37 -0.0257 -0.0282 0.1399 -0.0023 -0.031408 3.076766 
0.624 0.33 -0.36 -0.0257 0.0274 0.1401 -0.0023 -0.028790 3.076762 
0.625 0.33 -0.36 -0.0257 0.0274 0.1401 -0.0023 -0.028790 3.076759 
0.626 0.33 -0.36 -0.0257 0.0274 0.1401 -0.0023 -0.028790 3.076760 
0.627 -0.33 -0.36 0.0255 0.0274 0.1403 -0.0023 -0.031408 3.076763 
0.628 -0.33 -0.36 0.0255 0.0274 0.1403 -0.0023 -0.031408 3.076771 
0.629 -0.33 -0.36 0.0255 0.0274 0.1403 -0.0023 -0.031408 3.076778 
0.630 -0.33 -0.36 0.0255 0.0274 0.1403 -0.0023 -0.031408 3.076777 
0.631 -0.33 -0.36 0.0255 0.0274 0.1403 -0.0023 -0.031408 3.076772 
0.632 -0.33 -0.36 0.0255 0.0274 0.1403 -0.0023 -0.031408 3.076771 
0.633 -0.33 -0.36 0.0255 0.0274 0.1403 -0.0023 -0.031408 3.076772 
0.634 -0.33 -0.36 0.0255 0.0274 0.1403 -0.0023 -0.031408 3.076773 
0.635 -0.33 -0.36 0.0255 0.0274 0.1403 -0.0023 -0.031408 3.076774 
0.636 -0.33 -0.36 0.0255 0.0274 0.1403 -0.0023 -0.031408 3.076773 
0.637 -0.33 -0.36 0.0255 0.0274 0.1403 -0.0023 -0.031408 3.076771 
0.638 -0.33 -0.36 0.0255 0.0274 0.1403 -0.0023 -0.031408 3.076767 
0.639 -0.33 -0.34 0.0255 0.0260 0.1403 -0.0023 -0.031408 3.076764 
0.640 -0.33 0.32 0.0255 -0.0247 0.1401 -0.0023 -0.034025 3.076761 
0.641 -0.33 0.32 0.0255 -0.0247 0.1401 -0.0023 -0.034025 3.076755 
0.642 -0.33 0.32 0.0255 -0.0247 0.1401 -0.0023 -0.034025 3.076750 
0.643 -0.33 0.32 0.0252 -0.0247 0.1401 -0.0023 -0.034025 3.076747 
0.644 -0.31 0.32 0.0237 -0.0247 0.1401 -0.0023 -0.034025 3.076746 
0.645 -0.29 0.32 0.0224 -0.0247 0.1401 -0.0023 -0.034025 3.076747 
0.646 0.29 0.32 -0.0221 -0.0247 0.1399 -0.0023 -0.031408 3.076747 
0.647 0.29 0.32 -0.0221 -0.0247 0.1399 -0.0023 -0.031408 3.076746 
0.648 0.29 0.32 -0.0221 -0.0247 0.1399 -0.0023 -0.031408 3.076746 
0.649 0.29 0.32 -0.0221 -0.0247 0.1399 -0.0023 -0.031408 3.076746 
0.650 0.29 0.32 -0.0221 -0.0247 0.1399 -0.0023 -0.031408 3.076750 
0.651 0.29 0.32 -0.0221 -0.0247 0.1399 -0.0023 -0.031408 3.076757 
0.652 0.29 0.32 -0.0221 -0.0247 0.1399 -0.0023 -0.031408 3.076763 
0.653 0.29 0.32 -0.0221 -0.0247 0.1399 -0.0023 -0.031408 3.076767 
0.654 0.29 0.32 -0.0221 -0.0247 0.1399 -0.0023 -0.031408 3.076770 
0.655 0.29 0.32 -0.0221 -0.0247 0.1399 -0.0023 -0.031408 3.076770 
0.656 0.29 0.32 -0.0221 -0.0247 0.1399 -0.0023 -0.031408 3.076768 
0.657 0.29 0.31 -0.0221 -0.0236 0.1399 -0.0023 -0.031408 3.076765 
0.658 0.29 0.29 -0.0221 -0.0223 0.1399 -0.0023 -0.031408 3.076765 
0.659 0.29 0.28 -0.0221 -0.0212 0.1399 -0.0023 -0.031408 3.076767 
0.660 -0.38 0.26 0.0292 -0.0201 0.1401 -0.0023 -0.034025 3.076767 
0.661 -0.38 0.25 0.0292 -0.0192 0.1401 -0.0023 -0.034025 3.076762 
0.662 -0.38 -0.25 0.0292 0.0190 0.1403 -0.0023 -0.031408 3.076759 
0.663 -0.38 -0.25 0.0292 0.0190 0.1403 -0.0023 -0.031408 3.076760 
0.664 -0.38 -0.25 0.0292 0.0190 0.1403 -0.0023 -0.031408 3.076760 
0.665 -0.38 -0.25 0.0292 0.0190 0.1403 -0.0023 -0.031408 3.076759 
0.666 -0.38 -0.25 0.0292 0.0190 0.1403 -0.0023 -0.031408 3.076761 
0.667 -0.38 -0.25 0.0292 0.0190 0.1403 -0.0023 -0.031408 3.076762 
0.668 -0.38 -0.25 0.0292 0.0190 0.1403 -0.0023 -0.031408 3.076763 
0.669 -0.38 -0.25 0.0292 0.0190 0.1403 -0.0023 -0.031408 3.076765 
0.670 -0.38 -0.25 0.0292 0.0190 0.1403 -0.0023 -0.031408 3.076762 
0.671 -0.38 -0.25 0.0292 0.0190 0.1403 -0.0023 -0.031408 3.076758 
0.672 -0.38 0.49 0.0292 -0.0379 0.1401 -0.0023 -0.034025 3.076755 
0.673 -0.38 0.49 0.0292 -0.0379 0.1401 -0.0023 -0.034025 3.076751 
0.674 -0.35 0.49 0.0273 -0.0379 0.1401 -0.0023 -0.034025 3.076746 
0.675 -0.33 0.49 0.0256 -0.0379 0.1401 -0.0023 -0.034025 3.076743 
0.676 0.33 0.49 -0.0251 -0.0379 0.1399 -0.0023 -0.031408 3.076739 
0.677 0.33 0.49 -0.0251 -0.0379 0.1399 -0.0023 -0.031408 3.076731 
0.678 0.33 0.49 -0.0251 -0.0379 0.1399 -0.0023 -0.031408 3.076727 
0.679 0.33 0.49 -0.0251 -0.0379 0.1399 -0.0023 -0.031408 3.076735 
0.680 0.33 0.49 -0.0251 -0.0379 0.1399 -0.0023 -0.031408 3.076736 
0.681 0.33 -0.58 -0.0251 0.0449 0.1401 -0.0023 -0.028790 3.076731 
0.682 0.33 -0.58 -0.0251 0.0449 0.1401 -0.0023 -0.028790 3.076727 
0.683 0.33 -0.58 -0.0251 0.0449 0.1401 -0.0023 -0.028790 3.076722 
0.684 0.33 -0.58 -0.0251 0.0449 0.1401 -0.0023 -0.028790 3.076723 
0.685 0.33 -0.58 -0.0251 0.0449 0.1401 -0.0023 -0.028790 3.076730 
0.686 0.33 -0.58 -0.0251 0.0449 0.1401 -0.0023 -0.028790 3.076741 
0.687 0.33 -0.58 -0.0251 0.0449 0.1401 -0.0023 -0.028790 3.076751 
0.688 -0.45 -0.58 0.0345 0.0449 0.1403 -0.0023 -0.031408 3.076758 
0.689 -0.45 -0.58 0.0345 0.0449 0.1403 -0.0023 -0.031408 3.076761 
0.690 -0.45 0.59 0.0345 -0.0454 0.1401 -0.0023 -0.034025 3.076756 
0.691 -0.45 0.59 0.0345 -0.0454 0.1401 -0.0023 -0.034025 3.076751 
0.692 -0.45 0.59 0.0345 -0.0454 0.1401 -0.0023 -0.034025 3.076751 
0.693 -0.45 0.59 0.0345 -0.0454 0.1401 -0.0023 -0.034025 3.076753 
0.694 -0.45 0.59 0.0345 -0.0454 0.1401 -0.0023 -0.034025 3.076750 
0.695 -0.45 0.59 0.0345 -0.0454 0.1401 -0.0023 -0.034025 3.076741 
0.696 -0.45 0.59 0.0345 -0.0454 0.1401 -0.0023 -0.034025 3.076732 
0.697 -0.45 0.59 0.0345 -0.0454 0.1401 -0.0023 -0.034025 3.076725 
0.698 -0.45 0.59 0.0345 -0.0454 0.1401 -0.0023 -0.034025 3.076723 
0.699 -0.44 0.58 0.0341 -0.0445 0.1401 -0.0023 -0.034025 3.076726 
0.700 -0.41 0.52 0.0314 -0.0401 0.1401 -0.0023 -0.034025 3.076732 
0.701 0.39 0.47 -0.0301 -0.0365 0.1399 -0.0023 -0.031408 3.076736 
0.702 0.39 0.43 -0.0301 -0.0335 0.1399 -0.0023 -0.031408 3.076739 
0.703 0.39 0.40 -0.0301 -0.0309 0.1399 -0.0023 -0.031408 3.076739 
0.704 0.39 0.37 -0.0301 -0.0288 0.1399 -0.0023 -0.031408 3.076737 
0.705 0.39 -0.37 -0.0301 0.0287 0.1401 -0.0023 -0.028790 3.076737 
0.706 0.39 -0.37 -0.0301 0.0287 0.1401 -0.0023 -0.028790 3.076739 
0.707 0.39 -0.37 -0.0301 0.0287 0.1401 -0.0023 -0.028790 3.076737 
0.708 0.39 -0.37 -0.0301 0.0287 0.1401 -0.0023 -0.028790 3.076730 
0.709 0.39 -0.37 -0.0301 0.0287 0.1401 -0.0023 -0.028790 3.076723 
0.710 0.39 -0.37 -0.0301 0.0287 0.1401 -0.0023 -0.028790 3.076715 
0.711 0.39 -0.37 -0.0301 0.0287 0.1401 -0.0023 -0.028790 3.076708 
0.712 0.39 -0.37 -0.0301 0.0287 0.1401 -0.0023 -0.028790 3.076702 
0.713 0.39 -0.37 -0.0301 0.0287 0.1401 -0.0023 -0.028790 3.076698 
0.714 0.39 -0.37 -0.0301 0.0287 0.1401 -0.0023 -0.028790 3.076700 
0.715 0.36 -0.37 -0.0281 0.0287 0.1401 -0.0023 -0.028790 3.076704 
0.716 -0.36 -0.37 0.0276 0.0287 0.1403 -0.0023 -0.031408 3.076705 
0.717 -0.36 -0.37 0.0276 0.0287 0.1403 -0.0023 -0.031408 3.076707 
0.718 -0.36 -0.37 0.0276 0.0287 0.1403 -0.0023 -0.031408 3.076710 
0.719 -0.36 -0.35 0.0276 0.0271 0.1403 -0.0023 -0.031408 3.076715 
0.720 -0.36 0.34 0.0276 -0.0259 0.1401 -0.0023 -0.034025 3.076726 
0.721 -0.36 0.34 0.0276 -0.0259 0.1401 -0.0023 -0.034025 3.076737 
0.722 -0.36 0.34 0.0276 -0.0259 0.1401 -0.0023 -0.034025 3.076741 
0.723 -0.36 0.34 0.0276 -0.0259 0.1401 -0.0023 -0.034025 3.076738 
0.724 -0.36 0.34 0.0276 -0.0259 0.1401 -0.0023 -0.034025 3.076734 
0.725 -0.36 0.34 0.0276 -0.0259 0.1401 -0.0023 -0.034025 3.076735 
0.726 -0.36 0.34 0.0276 -0.0259 0.1401 -0.0023 -0.034025 3.076743 
0.727 -0.36 0.34 0.0276 -0.0259 0.1401 -0.0023 -0.034025 3.076748 
0.728 -0.36 0.34 0.0276 -0.0259 0.1401 -0.0023 -0.034025 3.076742 
0.729 -0.36 0.34 0.0276 -0.0259 0.1401 -0.0023 -0.034025 3.076735 
0.730 -0.36 0.34 0.0275 -0.0259 0.1401 -0.0023 -0.034025 3.076736 
0.731 -0.33 0.34 0.0258 -0.0259 0.1401 -0.0023 -0.034025 3.076747 
0.732 -0.31 0.34 0.0242 -0.0259 0.1401 -0.0023 -0.034025 3.076754 
0.733 -0.30 0.34 0.0229 -0.0259 0.1401 -0.0023 -0.034025 3.076753 
0.734 -0.28 0.34 0.0216 -0.0259 0.1401 -0.0023 -0.034025 3.076745 
0.735 0.27 0.34 -0.0211 -0.0259 0.1399 -0.0023 -0.031408 3.076736 
0.736 0.27 0.32 -0.0211 -0.0249 0.1399 -0.0023 -0.031408 3.076736 
0.737 0.27 0.30 -0.0211 -0.0235 0.1399 -0.0023 -0.031408 3.076738 
0.738 0.27 0.29 -0.0211 -0.0222 0.1399 -0.0023 -0.031408 3.076737 
0.739 0.27 0.27 -0.0211 -0.0210 0.1399 -0.0023 -0.031408 3.076735 
0.740 0.27 -0.27 -0.0211 0.0209 0.1401 -0.0023 -0.028790 3.076735 
0.741 0.27 -0.27 -0.0211 0.0209 0.1401 -0.0023 -0.028790 3.076732 
0.742 0.27 -0.27 -0.0211 0.0209 0.1401 -0.0023 -0.028790 3.076728 
0.743 0.27 -0.27 -0.0211 0.0209 0.1401 -0.0023 -0.028790 3.076727 
0.744 0.27 -0.27 -0.0211 0.0209 0.1401 -0.0023 -0.028790 3.076725 
0.745 0.27 -0.27 -0.0211 0.0209 0.1401 -0.0023 -0.028790 3.076719 
0.746 0.27 -0.27 -0.0211 0.0209 0.1401 -0.0023 -0.028790 3.076715 
0.747 0.27 -0.27 -0.0211 0.0209 0.1401 -0.0023 -0.028790 3.076712 
0.748 0.27 -0.27 -0.0211 0.0209 0.1401 -0.0023 -0.028790 3.076709 
0.749 0.27 -0.27 -0.0211 0.0209 0.1401 -0.0023 -0.028790 3.076707 
0.750 -0.35 -0.27 0.0268 0.0209 0.1403 -0.0023 -0.031408 3.076706 
0.751 -0.35 -0.27 0.0268 0.0209 0.1403 -0.0023 -0.031408 3.076707 
0.752 -0.35 0.44 0.0268 -0.0337 0.1401 -0.0023 -0.034025 3.076710 
0.753 -0.35 0.44 0.0268 -0.0337 0.1401 -0.0023 -0.034025 3.076716 
0.754 -0.35 0.44 0.0268 -0.0337 0.1401 -0.0023 -0.034025 3.076720 
0.755 -0.35 0.44 0.0268 -0.0337 0.1401 -0.0023 -0.034025 3.076722 
0.756 -0.35 0.44 0.0268 -0.0337 0.1401 -0.0023 -0.034025 3.076724 
0.757 -0.35 0.44 0.0268 -0.0337 0.1401 -0.0023 -0.034025 3.076726 
0.758 -0.35 0.44 0.0268 -0.0337 0.1401 -0.0023 -0.034025 3.076730 
0.759 -0.35 0.44 0.0268 -0.0337 0.1401 -0.0023 -0.034025 3.076731 
0.760 -0.35 0.44 0.0268 -0.0337 0.1401 -0.0023 -0.034025 3.076726 
0.761 -0.35 0.44 0.0268 -0.0337 0.1401 -0.0023 -0.034025 3.076718 
0.762 -0.35 0.44 0.0268 -0.0337 0.1401 -0.0023 -0.034025 3.076715 
0.763 -0.35 -0.47 0.0268 0.0362 0.1403 -0.0023 -0.031408 3.076720 
0.764 -0.35 -0.47 0.0268 0.0362 0.1403 -0.0023 -0.031408 3.076723 
0.765 0.34 -0.47 -0.0264 0.0362 0.1401 -0.0023 -0.028790 3.076722 
0.766 0.34 -0.47 -0.0264 0.0362 0.1401 -0.0023 -0.028790 3.076718 
0.767 0.34 -0.47 -0.0264 0.0362 0.1401 -0.0023 -0.028790 3.076715 
0.768 0.34 -0.47 -0.0264 0.0362 0.1401 -0.0023 -0.028790 3.076712 
0.769 0.34 -0.47 -0.0264 0.0362 0.1401 -0.0023 -0.028790 3.076708 
0.770 0.34 -0.47 -0.0264 0.0362 0.1401 -0.0023 -0.028790 3.076706 
0.771 0.34 -0.47 -0.0264 0.0362 0.1401 -0.0023 -0.028790 3.076706 
0.772 0.34 -0.47 -0.0264 0.0362 0.1401 -0.0023 -0.028790 3.076702 
0.773 0.34 -0.47 -0.0264 0.0362 0.1401 -0.0023 -0.028790 3.076695 
0.774 0.34 0.49 -0.0264 -0.0379 0.1399 -0.0023 -0.031408 3.076688 
0.775 0.34 0.49 -0.0264 -0.0379 0.1399 -0.0023 -0.031408 3.076681 
0.776 0.34 0.49 -0.0264 -0.0379 0.1399 -0.0023 -0.031408 3.076675 
0.777 -0.47 0.49 0.0360 -0.0379 0.1401 -0.0023 -0.034025 3.076673 
0.778 -0.47 0.49 0.0360 -0.0379 0.1401 -0.0023 -0.034025 3.076675 
0.779 -0.47 0.49 0.0360 -0.0379 0.1401 -0.0023 -0.034025 3.076678 
0.780 -0.47 0.49 0.0360 -0.0379 0.1401 -0.0023 -0.034025 3.076679 
0.781 -0.47 0.49 0.0360 -0.0379 0.1401 -0.0023 -0.034025 3.076680 
0.782 -0.47 0.49 0.0360 -0.0379 0.1401 -0.0023 -0.034025 3.076680 
0.783 -0.47 0.49 0.0360 -0.0379 0.1401 -0.0023 -0.034025 3.076679 
0.784 -0.47 0.48 0.0360 -0.0371 0.1401 -0.0023 -0.034025 3.076677 
0.785 -0.47 0.44 0.0360 -0.0340 0.1401 -0.0023 -0.034025 3.076677 
0.786 -0.47 0.41 0.0360 -0.0314 0.1401 -0.0023 -0.034025 3.076680 
0.787 -0.47 0.38 0.0360 -0.0291 0.1401 -0.0023 -0.034025 3.076686 
0.788 -0.45 0.35 0.0346 -0.0272 0.1401 -0.0023 -0.034025 3.076689 
0.789 -0.41 0.33 0.0318 -0.0255 0.1401 -0.0023 -0.034025 3.076688 
0.790 -0.38 0.31 0.0295 -0.0240 0.1401 -0.0023 -0.034025 3.076693 
0.791 -0.36 -0.31 0.0275 0.0235 0.1403 -0.0023 -0.031408 3.076700 
0.792 0.34 -0.31 -0.0259 0.0235 0.1401 -0.0023 -0.028790 3.076703 
0.793 0.34 -0.31 -0.0259 0.0235 0.1401 -0.0023 -0.028790 3.076701 
0.794 0.34 -0.31 -0.0259 0.0235 0.1401 -0.0023 -0.028790 3.076699 
0.795 0.34 -0.31 -0.0259 0.0235 0.1401 -0.0023 -0.028790 3.076700 
0.796 0.34 -0.31 -0.0259 0.0235 0.1401 -0.0023 -0.028790 3.076706 
0.797 0.34 -0.31 -0.0259 0.0235 0.1401 -0.0023 -0.028790 3.076714 
0.798 0.34 -0.31 -0.0259 0.0235 0.1401 -0.0023 -0.028790 3.076718 
0.799 0.34 -0.31 -0.0259 0.0235 0.1401 -0.0023 -0.028790 3.076717 
0.800 0.34 -0.31 -0.0259 0.0235 0.1401 -0.0023 -0.028790 3.076711 
0.801 0.34 -0.31 -0.0259 0.0235 0.1401 -0.0023 -0.028790 3.076703 
0.802 0.34 -0.31 -0.0259 0.0235 0.1401 -0.0023 -0.028790 3.076694 
0.803 0.34 -0.31 -0.0259 0.0235 0.1401 -0.0023 -0.028790 3.076690 
0.804 0.34 -0.31 -0.0259 0.0235 0.1401 -0.0023 -0.028790 3.076692 
0.805 0.34 -0.31 -0.0259 0.0235 0.1401 -0.0023 -0.028790 3.076695 
0.806 -0.38 -0.31 0.0290 0.0235 0.1403 -0.0023 -0.031408 3.076695 
0.807 -0.38 0.33 0.0290 -0.0255 0.1401 -0.0023 -0.034025 3.076694 
0.808 -0.38 0.33 0.0290 -0.0255 0.1401 -0.0023 -0.034025 3.076693 
0.809 -0.38 0.33 0.0290 -0.0255 0.1401 -0.0023 -0.034025 3.076693 
0.810 -0.38 0.33 0.0290 -0.0255 0.1401 -0.0023 -0.034025 3.076691 
0.811 -0.38 0.33 0.0290 -0.0255 0.1401 -0.0023 -0.034025 3.076691 
0.812 -0.38 0.33 0.0290 -0.0255 0.1401 -0.0023 -0.034025 3.076694 
0.813 -0.38 0.33 0.0290 -0.0255 0.1401 -0.0023 -0.034025 3.076699 
0.814 -0.38 0.33 0.0290 -0.0255 0.1401 -0.0023 -0.034025 3.076702 
0.815 -0.38 0.33 0.0290 -0.0255 0.1401 -0.0023 -0.034025 3.076702 
0.816 -0.38 0.33 0.0290 -0.0255 0.1401 -0.0023 -0.034025 3.076701 
0.817 -0.38 0.33 0.0290 -0.0255 0.1401 -0.0023 -0.034025 3.076702 
0.818 -0.38 0.33 0.0290 -0.0255 0.1401 -0.0023 -0.034025 3.076710 
0.819 -0.38 0.33 0.0290 -0.0255 0.1401 -0.0023 -0.034025 3.076719 
0.820 -0.37 0.33 0.0287 -0.0255 0.1401 -0.0023 -0.034025 3.076721 
0.821 -0.35 0.33 0.0268 -0.0255 0.1401 -0.0023 -0.034025 3.076720 
0.822 0.34 0.33 -0.0261 -0.0255 0.1399 -0.0023 -0.031408 3.076717 
0.823 0.34 0.31 -0.0261 -0.0242 0.1399 -0.0023 -0.031408 3.076713 
0.824 0.34 -0.30 -0.0261 0.0235 0.1401 -0.0023 -0.028790 3.076706 
0.825 0.34 -0.30 -0.0261 0.0235 0.1401 -0.0023 -0.028790 3.076701 
0.826 0.34 -0.30 -0.0261 0.0235 0.1401 -0.0023 -0.028790 3.076700 
0.827 0.34 -0.30 -0.0261 0.0235 0.1401 -0.0023 -0.028790 3.076701 
0.828 0.34 -0.30 -0.0261 0.0235 0.1401 -0.0023 -0.028790 3.076701 
0.829 0.34 -0.30 -0.0261 0.0235 0.1401 -0.0023 -0.028790 3.076701 
0.830 0.34 -0.30 -0.0261 0.0235 0.1401 -0.0023 -0.028790 3.076698 
0.831 0.34 -0.30 -0.0261 0.0235 0.1401 -0.0023 -0.028790 3.076695 
0.832 0.34 -0.30 -0.0261 0.0235 0.1401 -0.0023 -0.028790 3.076696 
0.833 0.34 -0.30 -0.0261 0.0235 0.1401 -0.0023 -0.028790 3.076695 
0.834 0.34 -0.30 -0.0261 0.0235 0.1401 -0.0023 -0.028790 3.076693 
0.835 -0.39 -0.30 0.0303 0.0235 0.1403 -0.0023 -0.031408 3.076692 
0.836 -0.39 0.44 0.0303 -0.0342 0.1401 -0.0023 -0.034025 3.076691 
0.837 -0.39 0.44 0.0303 -0.0342 0.1401 -0.0023 -0.034025 3.076690 
0.838 -0.39 0.44 0.0303 -0.0342 0.1401 -0.0023 -0.034025 3.076690 
0.839 -0.39 0.44 0.0303 -0.0342 0.1401 -0.0023 -0.034025 3.076687 
0.840 -0.39 0.44 0.0303 -0.0342 0.1401 -0.0023 -0.034025 3.076686 
0.841 -0.39 0.44 0.0303 -0.0342 0.1401 -0.0023 -0.034025 3.076688 
0.842 -0.39 0.44 0.0303 -0.0342 0.1401 -0.0023 -0.034025 3.076687 
0.843 -0.39 0.44 0.0303 -0.0342 0.1401 -0.0023 -0.034025 3.076683 
0.844 -0.39 0.44 0.0303 -0.0342 0.1401 -0.0023 -0.034025 3.076681 
0.845 -0.39 0.44 0.0303 -0.0342 0.1401 -0.0023 -0.034025 3.076682 
0.846 -0.39 0.44 0.0303 -0.0342 0.1401 -0.0023 -0.034025 3.076684 
0.847 -0.39 0.44 0.0303 -0.0342 0.1401 -0.0023 -0.034025 3.076685 
0.848 -0.39 -0.44 0.0303 0.0340 0.1403 -0.0023 -0.031408 3.076689 
0.849 -0.37 -0.44 0.0287 0.0340 0.1403 -0.0023 -0.031408 3.076695 
0.850 -0.35 -0.44 0.0268 0.0340 0.1403 -0.0023 -0.031408 3.076699 
0.851 0.35 -0.44 -0.0267 0.0340 0.1401 -0.0023 -0.028790 3.076701 
0.852 0.35 -0.44 -0.0267 0.0340 0.1401 -0.0023 -0.028790 3.076704 
0.853 0.35 -0.44 -0.0267 0.0340 0.1401 -0.0023 -0.028790 3.076708 
0.854 0.35 -0.44 -0.0267 0.0340 0.1401 -0.0023 -0.028790 3.076711 
0.855 0.35 -0.44 -0.0267 0.0340 0.1401 -0.0023 -0.028790 3.076715 
0.856 0.35 -0.44 -0.0267 0.0340 0.1401 -0.0023 -0.028790 3.076713 
0.857 0.35 -0.44 -0.0267 0.0340 0.1401 -0.0023 -0.028790 3.076707 
0.858 0.35 -0.44 -0.0267 0.0340 0.1401 -0.0023 -0.028790 3.076703 
0.859 0.35 -0.44 -0.0267 0.0340 0.1401 -0.0023 -0.028790 3.076703 
0.860 0.35 0.45 -0.0267 -0.0343 0.1399 -0.0023 -0.031408 3.076704 
0.861 0.35 0.45 -0.0267 -0.0343 0.1399 -0.0023 -0.031408 3.076704 
0.862 0.35 0.45 -0.0267 -0.0343 0.1399 -0.0023 -0.031408 3.076700 
0.863 0.35 0.45 -0.0267 -0.0343 0.1399 -0.0023 -0.031408 3.076695 
0.864 -0.39 0.45 0.0299 -0.0343 0.1401 -0.0023 -0.034025 3.076692 
0.865 -0.39 0.45 0.0299 -0.0343 0.1401 -0.0023 -0.034025 3.076691 
0.866 -0.39 0.45 0.0299 -0.0343 0.1401 -0.0023 -0.034025 3.076692 
0.867 -0.39 0.45 0.0299 -0.0343 0.1401 -0.0023 -0.034025 3.076692 
0.868 -0.39 0.45 0.0299 -0.0343 0.1401 -0.0023 -0.034025 3.076693 
0.869 -0.39 0.45 0.0299 -0.0343 0.1401 -0.0023 -0.034025 3.076693 
0.870 -0.39 0.45 0.0299 -0.0343 0.1401 -0.0023 -0.034025 3.076690 
0.871 -0.39 0.44 0.0299 -0.0342 0.1401 -0.0023 -0.034025 3.076688 
0.872 -0.39 0.41 0.0299 -0.0315 0.1401 -0.0023 -0.034025 3.076688 
0.873 -0.39 0.38 0.0299 -0.0293 0.1401 -0.0023 -0.034025 3.076686 
0.874 -0.39 0.35 0.0299 -0.0273 0.1401 -0.0023 -0.034025 3.076682 
0.875 -0.39 0.33 0.0299 -0.0256 0.1401 -0.0023 -0.034025 3.076680 
0.876 -0.39 0.31 0.0299 -0.0241 0.1401 -0.0023 -0.034025 3.076673 
0.877 -0.39 -0.30 0.0299 0.0231 0.1403 -0.0023 -0.031408 3.076667 
0.878 -0.37 -0.30 0.0282 0.0231 0.1403 -0.0023 -0.031408 3.076671 
0.879 -0.34 -0.30 0.0264 0.0231 0.1403 -0.0023 -0.031408 3.076675 
0.880 -0.32 -0.30 0.0248 0.0231 0.1403 -0.0023 -0.031408 3.076675 
0.881 -0.30 -0.30 0.0233 0.0231 0.1403 -0.0023 -0.031408 3.076674 
0.882 0.29 -0.30 -0.0227 0.0231 0.1401 -0.0023 -0.028790 3.076671 
0.883 0.29 -0.30 -0.0227 0.0231 0.1401 -0.0023 -0.028790 3.076673 
0.884 0.29 -0.30 -0.0227 0.0231 0.1401 -0.0023 -0.028790 3.076681 
0.885 0.29 -0.30 -0.0227 0.0231 0.1401 -0.0023 -0.028790 3.076690 
0.886 0.29 -0.30 -0.0227 0.0231 0.1401 -0.0023 -0.028790 3.076695 
0.887 0.29 -0.30 -0.0227 0.0231 0.1401 -0.0023 -0.028790 3.076693 
0.888 0.29 -0.30 -0.0227 0.0231 0.1401 -0.0023 -0.028790 3.076686 
0.889 0.29 -0.30 -0.0227 0.0231 0.1401 -0.0023 -0.028790 3.076681 
0.890 0.29 -0.30 -0.0227 0.0231 0.1401 -0.0023 -0.028790 3.076678 
0.891 0.29 -0.30 -0.0227 0.0231 0.1401 -0.0023 -0.028790 3.076678 
0.892 0.29 0.36 -0.0227 -0.0281 0.1399 -0.0023 -0.031408 3.076679 
0.893 0.29 0.36 -0.0227 -0.0281 0.1399 -0.0023 -0.031408 3.076678 
0.894 0.29 0.36 -0.0227 -0.0281 0.1399 -0.0023 -0.031408 3.076674 
0.895 0.29 0.36 -0.0227 -0.0281 0.1399 -0.0023 -0.031408 3.076668 
0.896 -0.38 0.36 0.0293 -0.0281 0.1401 -0.0023 -0.034025 3.076662 
0.897 -0.38 0.36 0.0293 -0.0281 0.1401 -0.0023 -0.034025 3.076657 
0.898 -0.38 0.36 0.0293 -0.0281 0.1401 -0.0023 -0.034025 3.076653 
0.899 -0.38 0.36 0.0293 -0.0281 0.1401 -0.0023 -0.034025 3.076650 
0.900 -0.38 0.36 0.0293 -0.0281 0.1401 -0.0023 -0.034025 3.076647 
0.901 -0.38 0.36 0.0293 -0.0281 0.1401 -0.0023 -0.034025 3.076647 
0.902 -0.38 0.36 0.0293 -0.0281 0.1401 -0.0023 -0.034025 3.076648 
0.903 -0.38 0.36 0.0293 -0.0281 0.1401 -0.0023 -0.034025 3.076645 
0.904 -0.38 0.36 0.0293 -0.0281 0.1401 -0.0023 -0.034025 3.076644 
0.905 -0.38 0.36 0.0293 -0.0281 0.1401 -0.0023 -0.034025 3.076647 
0.906 -0.38 -0.36 0.0293 0.0276 0.1403 -0.0023 -0.031408 3.076650 
0.907 -0.38 -0.36 0.0293 0.0276 0.1403 -0.0023 -0.031408 3.076656 
0.908 -0.38 -0.36 0.0293 0.0276 0.1403 -0.0023 -0.031408 3.076661 
0.909 -0.38 -0.36 0.0293 0.0276 0.1403 -0.0023 -0.031408 3.076663 
0.910 -0.36 -0.36 0.0276 0.0276 0.1403 -0.0023 -0.031408 3.076662 
0.911 0.34 -0.36 -0.0262 0.0276 0.1401 -0.0023 -0.028790 3.076660 
0.912 0.34 -0.36 -0.0262 0.0276 0.1401 -0.0023 -0.028790 3.076658 
0.913 0.34 -0.36 -0.0262 0.0276 0.1401 -0.0023 -0.028790 3.076659 
0.914 0.34 -0.36 -0.0262 0.0276 0.1401 -0.0023 -0.028790 3.076662 
0.915 0.34 -0.36 -0.0262 0.0276 0.1401 -0.0023 -0.028790 3.076664 
0.916 0.34 -0.36 -0.0262 0.0276 0.1401 -0.0023 -0.028790 3.076660 
0.917 0.34 0.49 -0.0262 -0.0379 0.1399 -0.0023 -0.031408 3.076654 
0.918 0.34 0.49 -0.0262 -0.0379 0.1399 -0.0023 -0.031408 3.076651 
0.919 0.34 0.49 -0.0262 -0.0379 0.1399 -0.0023 -0.031408 3.076649 
0.920 0.34 0.49 -0.0262 -0.0379 0.1399 -0.0023 -0.031408 3.076650 
0.921 0.34 0.49 -0.0262 -0.0379 0.1399 -0.0023 -0.031408 3.076653 
0.922 0.34 0.49 -0.0262 -0.0379 0.1399 -0.0023 -0.031408 3.076654 
0.923 0.34 0.49 -0.0262 -0.0379 0.1399 -0.0023 -0.031408 3.076651 
0.924 -0.42 0.49 0.0324 -0.0379 0.1401 -0.0023 -0.034025 3.076647 
0.925 -0.42 0.49 0.0324 -0.0379 0.1401 -0.0023 -0.034025 3.076644 
0.926 -0.42 0.49 0.0324 -0.0379 0.1401 -0.0023 -0.034025 3.076645 
0.927 -0.42 0.49 0.0324 -0.0379 0.1401 -0.0023 -0.034025 3.076648 
0.928 -0.42 0.46 0.0324 -0.0355 0.1401 -0.0023 -0.034025 3.076649 
0.929 -0.42 -0.46 0.0324 0.0351 0.1403 -0.0023 -0.031408 3.076649 
0.930 -0.42 -0.46 0.0324 0.0351 0.1403 -0.0023 -0.031408 3.076645 
0.931 -0.42 -0.46 0.0324 0.0351 0.1403 -0.0023 -0.031408 3.076639 
0.932 -0.42 -0.46 0.0324 0.0351 0.1403 -0.0023 -0.031408 3.076635 
0.933 -0.42 -0.46 0.0324 0.0351 0.1403 -0.0023 -0.031408 3.076633 
0.934 -0.42 -0.46 0.0324 0.0351 0.1403 -0.0023 -0.031408 3.076632 
0.935 -0.42 -0.46 0.0324 0.0351 0.1403 -0.0023 -0.031408 3.076630 
