%% logfile from robot Freja (4)
% Freja (4)
%  1    time 0.000 sec
%  2  3 Motor voltage [V] left, right: 4.20 4.20
%  4  5 Wheel velocity [m/s] left, right: 0.0000 -0.0000
%  6  7  8  9 Pose x,y,h,tilt [m,m,rad,rad]: 0 0 0 3.07598
0.000 4.20 4.20 0.0000 -0.0000 0.0000 0.0000 0.000000 3.075978 
0.001 4.20 4.20 0.0000 -0.0000 0.0000 0.0000 0.000000 3.075977 
0.002 4.20 4.20 0.0000 -0.0000 0.0000 0.0000 0.000000 3.075978 
0.003 4.20 4.20 0.0000 0.0000 0.0002 0.0000 0.002617 3.075981 
0.004 4.20 4.20 0.0000 0.0000 0.0002 0.0000 0.002617 3.075984 
0.005 4.20 4.20 0.0000 0.0000 0.0002 0.0000 0.002617 3.075984 
0.006 4.20 4.20 0.0000 0.0000 0.0004 0.0000 0.000000 3.075985 
0.007 4.20 4.20 0.0000 0.0000 0.0006 0.0000 0.002617 3.075980 
0.008 2.28 4.20 0.1475 0.0000 0.0008 0.0000 0.000000 3.075975 
0.009 2.28 1.54 0.1475 0.2043 0.0010 0.0000 0.002617 3.075981 
0.010 1.29 1.00 0.2236 0.2463 0.0014 0.0000 0.002617 3.075987 
0.011 1.29 1.00 0.2236 0.2463 0.0014 0.0000 0.002617 3.075990 
0.012 1.05 0.57 0.2421 0.2794 0.0018 0.0000 0.002617 3.075998 
0.013 1.00 0.68 0.2460 0.2709 0.0022 0.0000 0.002617 3.076022 
0.014 1.00 0.68 0.2460 0.2709 0.0022 0.0000 0.002617 3.076055 
0.015 0.79 0.74 0.2624 0.2660 0.0026 0.0000 0.002617 3.076057 
0.016 0.56 0.78 0.2798 0.2629 0.0030 0.0000 0.002617 3.076018 
0.017 0.56 0.78 0.2798 0.2629 0.0030 0.0000 0.002617 3.075972 
0.018 0.76 0.72 0.2643 0.2673 0.0034 0.0000 0.002617 3.075944 
0.019 0.77 0.72 0.2639 0.2673 0.0037 0.0000 0.000000 3.075940 
0.020 0.77 0.89 0.2639 0.2549 0.0039 0.0000 0.002617 3.075957 
0.021 0.78 0.89 0.2630 0.2547 0.0043 0.0000 0.002617 3.075965 
0.022 0.78 0.89 0.2630 0.2547 0.0043 0.0000 0.002617 3.075962 
0.023 0.92 1.00 0.2520 0.2458 0.0047 0.0000 0.002617 3.075972 
0.024 0.95 0.87 0.2501 0.2562 0.0051 0.0000 0.002617 3.075983 
0.025 0.95 0.87 0.2501 0.2562 0.0051 0.0000 0.002617 3.075976 
0.026 0.86 0.99 0.2571 0.2465 0.0055 0.0000 0.002617 3.075962 
0.027 0.99 0.99 0.2470 0.2465 0.0055 0.0000 0.002617 3.075965 
0.028 1.03 0.95 0.2437 0.2499 0.0059 0.0000 0.002617 3.075987 
0.029 1.08 1.00 0.2400 0.2463 0.0063 0.0000 0.002617 3.076011 
0.030 1.08 1.00 0.2400 0.2463 0.0063 0.0000 0.002617 3.076018 
0.031 1.04 0.77 0.2426 0.2635 0.0067 0.0000 0.002617 3.076007 
0.032 1.04 0.95 0.2426 0.2499 0.0069 0.0000 0.000000 3.075991 
0.033 0.96 1.05 0.2495 0.2425 0.0071 0.0000 0.002617 3.075983 
0.034 0.95 1.04 0.2498 0.2428 0.0075 0.0000 0.002617 3.075994 
0.035 0.95 1.04 0.2498 0.2428 0.0075 0.0000 0.002617 3.076011 
0.036 1.02 1.14 0.2447 0.2350 0.0079 0.0000 0.002617 3.076016 
0.037 1.05 1.14 0.2420 0.2350 0.0081 0.0000 0.000000 3.076007 
0.038 1.05 1.09 0.2420 0.2388 0.0083 0.0000 0.002617 3.075994 
0.039 1.11 1.12 0.2374 0.2367 0.0087 0.0000 0.002617 3.075988 
0.040 1.11 1.12 0.2374 0.2367 0.0087 0.0000 0.002617 3.075980 
0.041 1.06 0.87 0.2413 0.2561 0.0091 0.0000 0.002617 3.075969 
0.042 1.06 0.87 0.2413 0.2561 0.0091 0.0000 0.002617 3.075965 
0.043 1.15 1.24 0.2347 0.2280 0.0095 0.0000 0.002617 3.075971 
0.044 1.02 1.24 0.2447 0.2280 0.0097 0.0000 0.000000 3.075983 
0.045 1.02 1.35 0.2447 0.2189 0.0099 0.0000 0.002617 3.075995 
0.046 0.86 1.32 0.2565 0.2213 0.0103 0.0000 0.002617 3.075998 
0.047 0.90 1.32 0.2538 0.2213 0.0105 0.0000 0.000000 3.075999 
0.048 0.90 1.12 0.2538 0.2372 0.0108 0.0000 0.002617 3.076002 
0.049 0.96 1.12 0.2495 0.2372 0.0110 0.0000 0.000000 3.075999 
0.050 0.96 1.31 0.2495 0.2224 0.0112 0.0000 0.002617 3.075994 
0.051 1.00 1.31 0.2458 0.2224 0.0114 0.0000 0.000000 3.075988 
0.052 0.91 1.34 0.2528 0.2198 0.0118 0.0000 0.000000 3.075982 
0.053 0.91 1.34 0.2528 0.2198 0.0118 0.0000 0.000000 3.075975 
0.054 1.03 1.20 0.2437 0.2309 0.0122 0.0000 0.000000 3.075967 
0.055 1.03 1.08 0.2437 0.2401 0.0124 0.0000 0.002617 3.075959 
0.056 1.07 1.08 0.2408 0.2401 0.0126 0.0000 0.000000 3.075950 
0.057 1.04 1.18 0.2428 0.2325 0.0130 0.0000 0.000000 3.075944 
0.058 1.04 1.18 0.2428 0.2325 0.0130 0.0000 0.000000 3.075946 
0.059 0.99 0.96 0.2467 0.2491 0.0134 0.0000 0.000000 3.075955 
0.060 0.99 1.21 0.2467 0.2297 0.0136 0.0000 0.002617 3.075962 
0.061 0.98 1.21 0.2473 0.2297 0.0138 0.0000 0.000000 3.075957 
0.062 1.14 1.07 0.2353 0.2408 0.0142 0.0000 0.000000 3.075951 
0.063 1.14 1.07 0.2353 0.2408 0.0142 0.0000 0.000000 3.075949 
0.064 1.05 1.29 0.2425 0.2236 0.0146 0.0000 0.000000 3.075953 
0.065 1.05 1.29 0.2425 0.2236 0.0146 0.0000 0.000000 3.075963 
0.066 0.88 1.26 0.2556 0.2260 0.0150 0.0000 0.000000 3.075969 
0.067 1.02 1.22 0.2448 0.2291 0.0154 0.0000 0.000000 3.075968 
0.068 1.02 1.22 0.2448 0.2291 0.0154 0.0000 0.000000 3.075964 
0.069 1.12 1.20 0.2370 0.2311 0.0158 0.0000 0.000000 3.075964 
0.070 1.12 1.20 0.2370 0.2311 0.0158 0.0000 0.000000 3.075968 
0.071 1.00 1.22 0.2459 0.2295 0.0162 0.0000 0.000000 3.075969 
0.072 0.99 1.22 0.2468 0.2295 0.0164 0.0000 -0.002617 3.075963 
0.073 0.99 1.03 0.2468 0.2434 0.0166 0.0000 0.000000 3.075957 
0.074 0.87 1.24 0.2564 0.2278 0.0170 0.0000 0.000000 3.075954 
0.075 0.71 1.24 0.2684 0.2278 0.0172 0.0000 -0.002617 3.075953 
0.076 0.71 1.33 0.2684 0.2207 0.0174 0.0000 0.000000 3.075953 
0.077 0.96 1.33 0.2489 0.2207 0.0176 0.0000 -0.002617 3.075955 
0.078 0.96 1.28 0.2489 0.2247 0.0178 0.0000 0.000000 3.075959 
0.079 0.80 1.28 0.2617 0.2247 0.0181 0.0000 -0.002617 3.075963 
0.080 1.04 1.18 0.2429 0.2324 0.0185 0.0000 -0.002617 3.075963 
0.081 1.04 1.18 0.2429 0.2324 0.0185 0.0000 -0.002617 3.075962 
0.082 1.01 1.19 0.2451 0.2313 0.0189 0.0000 -0.002617 3.075960 
0.083 1.01 1.16 0.2451 0.2341 0.0191 0.0000 0.000000 3.075958 
0.084 1.06 1.16 0.2416 0.2341 0.0193 0.0000 -0.002617 3.075959 
0.085 1.26 1.25 0.2259 0.2268 0.0197 0.0000 -0.002617 3.075961 
0.086 1.26 1.25 0.2259 0.2268 0.0197 0.0000 -0.002617 3.075961 
0.087 0.95 1.11 0.2503 0.2374 0.0201 0.0000 -0.002617 3.075962 
0.088 0.73 1.11 0.2671 0.2373 0.0203 0.0000 -0.005235 3.075961 
0.089 0.73 1.28 0.2671 0.2242 0.0205 0.0000 -0.002617 3.075958 
0.090 0.96 1.27 0.2489 0.2251 0.0209 0.0000 -0.002617 3.075953 
0.091 0.96 1.27 0.2489 0.2251 0.0209 0.0000 -0.002617 3.075947 
0.092 1.13 1.32 0.2362 0.2211 0.0213 0.0000 -0.002617 3.075940 
0.093 1.03 1.32 0.2436 0.2211 0.0215 0.0000 -0.005235 3.075938 
0.094 1.03 1.07 0.2436 0.2410 0.0217 0.0000 -0.002617 3.075941 
0.095 0.83 1.07 0.2590 0.2410 0.0219 0.0000 -0.005235 3.075946 
0.096 0.83 1.20 0.2590 0.2305 0.0221 0.0000 -0.002617 3.075950 
0.097 0.99 1.24 0.2465 0.2280 0.0225 0.0000 -0.002617 3.075955 
0.098 0.95 1.24 0.2501 0.2280 0.0227 0.0000 -0.005235 3.075961 
0.099 0.95 1.22 0.2501 0.2292 0.0229 0.0000 -0.002617 3.075967 
0.100 0.96 1.22 0.2491 0.2292 0.0231 0.0000 -0.005235 3.075973 
0.101 0.96 1.11 0.2491 0.2379 0.0233 0.0000 -0.002617 3.075986 
0.102 1.07 1.11 0.2407 0.2379 0.0235 0.0000 -0.005235 3.075999 
0.103 1.05 1.17 0.2426 0.2327 0.0239 0.0000 -0.005235 3.075998 
0.104 1.05 1.12 0.2426 0.2365 0.0241 0.0000 -0.002617 3.075992 
0.105 0.91 1.12 0.2530 0.2365 0.0243 0.0000 -0.005235 3.075986 
0.106 0.91 1.18 0.2530 0.2324 0.0245 0.0000 -0.002617 3.075979 
0.107 1.04 1.18 0.2428 0.2324 0.0247 0.0000 -0.005235 3.075983 
0.108 1.06 1.02 0.2415 0.2445 0.0252 0.0000 -0.005235 3.075991 
0.109 1.06 1.10 0.2415 0.2383 0.0254 -0.0000 -0.002617 3.075992 
0.110 1.02 1.11 0.2445 0.2374 0.0256 -0.0000 -0.005235 3.075984 
0.111 1.02 1.07 0.2445 0.2408 0.0258 -0.0000 -0.002617 3.075976 
0.112 0.92 1.07 0.2522 0.2408 0.0260 -0.0000 -0.005235 3.075974 
0.113 0.91 1.16 0.2528 0.2335 0.0264 -0.0000 -0.005235 3.075972 
0.114 0.91 1.16 0.2528 0.2335 0.0264 -0.0000 -0.005235 3.075970 
0.115 0.97 0.96 0.2486 0.2491 0.0268 -0.0000 -0.005235 3.075971 
0.116 1.00 1.21 0.2459 0.2302 0.0272 -0.0000 -0.005235 3.075969 
0.117 1.00 1.21 0.2459 0.2302 0.0272 -0.0000 -0.005235 3.075968 
0.118 1.06 1.18 0.2413 0.2325 0.0276 -0.0000 -0.005235 3.075969 
0.119 1.06 1.18 0.2413 0.2325 0.0276 -0.0000 -0.005235 3.075967 
0.120 1.01 1.23 0.2451 0.2281 0.0280 -0.0000 -0.005235 3.075962 
0.121 1.10 1.23 0.2381 0.2281 0.0282 -0.0000 -0.007852 3.075958 
0.122 1.10 1.16 0.2381 0.2336 0.0284 -0.0000 -0.005235 3.075955 
0.123 0.97 1.18 0.2488 0.2325 0.0288 -0.0000 -0.005235 3.075956 
0.124 0.97 1.18 0.2488 0.2325 0.0288 -0.0000 -0.005235 3.075956 
0.125 0.81 0.90 0.2609 0.2540 0.0292 -0.0000 -0.005235 3.075955 
0.126 0.85 0.90 0.2573 0.2540 0.0294 -0.0000 -0.007852 3.075954 
0.127 0.85 1.25 0.2573 0.2269 0.0296 -0.0000 -0.005235 3.075954 
0.128 0.91 1.26 0.2534 0.2260 0.0298 -0.0000 -0.007852 3.075956 
0.129 0.98 1.38 0.2479 0.2172 0.0302 -0.0000 -0.007852 3.075956 
0.130 0.98 1.32 0.2479 0.2217 0.0304 -0.0000 -0.005235 3.075958 
0.131 0.88 1.32 0.2552 0.2217 0.0306 -0.0000 -0.007852 3.075961 
0.132 0.88 1.11 0.2552 0.2376 0.0308 -0.0000 -0.005235 3.075962 
0.133 1.01 1.11 0.2452 0.2376 0.0310 -0.0000 -0.007852 3.075961 
0.134 1.05 1.29 0.2419 0.2236 0.0314 -0.0000 -0.007852 3.075959 
0.135 1.05 1.29 0.2419 0.2236 0.0314 -0.0000 -0.007852 3.075959 
0.136 1.01 1.33 0.2453 0.2207 0.0318 -0.0000 -0.007852 3.075960 
0.137 1.01 1.33 0.2453 0.2207 0.0320 -0.0000 -0.005235 3.075962 
0.138 0.92 1.18 0.2520 0.2324 0.0323 -0.0000 -0.007852 3.075965 
0.139 0.92 1.06 0.2524 0.2412 0.0327 -0.0000 -0.007852 3.075969 
0.140 0.92 1.06 0.2524 0.2412 0.0327 -0.0000 -0.007852 3.075971 
0.141 1.08 1.16 0.2397 0.2341 0.0331 -0.0000 -0.007852 3.075971 
0.142 1.08 1.16 0.2397 0.2341 0.0331 -0.0000 -0.007852 3.075971 
0.143 0.99 0.92 0.2468 0.2522 0.0335 -0.0001 -0.007852 3.075971 
0.144 0.84 1.18 0.2584 0.2325 0.0339 -0.0001 -0.007852 3.075970 
0.145 0.84 1.18 0.2584 0.2325 0.0339 -0.0001 -0.007852 3.075968 
0.146 0.99 1.01 0.2472 0.2450 0.0343 -0.0001 -0.007852 3.075963 
0.147 1.11 1.01 0.2373 0.2450 0.0345 -0.0001 -0.010469 3.075961 
0.148 1.11 1.24 0.2373 0.2278 0.0347 -0.0001 -0.007852 3.075962 
0.149 1.02 1.22 0.2447 0.2292 0.0351 -0.0001 -0.007852 3.075961 
0.150 1.02 1.22 0.2447 0.2292 0.0351 -0.0001 -0.007852 3.075954 
0.151 3.80 3.99 0.2459 0.2317 0.0355 -0.0001 -0.007852 3.075945 
0.152 3.68 3.99 0.2557 0.2317 0.0357 -0.0001 -0.010469 3.075940 
0.153 3.68 3.94 0.2557 0.2350 0.0359 -0.0001 -0.007852 3.075939 
0.154 3.34 3.94 0.2813 0.2350 0.0361 -0.0001 -0.010469 3.075937 
0.155 3.20 3.68 0.2925 0.2553 0.0365 -0.0001 -0.010469 3.075933 
0.156 2.50 3.00 0.3461 0.3079 0.0369 -0.0001 -0.010469 3.075930 
0.157 2.50 2.79 0.3461 0.3239 0.0371 -0.0001 -0.007852 3.075932 
0.158 2.44 2.61 0.3511 0.3374 0.0375 -0.0001 -0.007852 3.075937 
0.159 2.08 2.39 0.3788 0.3548 0.0379 -0.0001 -0.007852 3.075947 
0.160 2.02 2.39 0.3827 0.3548 0.0381 -0.0001 -0.010469 3.075958 
0.161 2.39 2.06 0.3548 0.3802 0.0385 -0.0001 -0.010469 3.075980 
0.162 1.87 2.00 0.3947 0.3849 0.0389 -0.0001 -0.010469 3.076005 
0.163 1.46 1.85 0.4262 0.3961 0.0394 -0.0001 -0.010469 3.075997 
0.164 1.75 1.93 0.4039 0.3903 0.0398 -0.0001 -0.010469 3.075964 
0.165 1.86 1.58 0.3957 0.4170 0.0402 -0.0001 -0.010469 3.075926 
0.166 1.63 1.84 0.4133 0.3969 0.0406 -0.0001 -0.010469 3.075899 
0.167 1.27 1.80 0.4406 0.3999 0.0410 -0.0001 -0.010469 3.075913 
0.168 1.56 1.92 0.4186 0.3904 0.0414 -0.0001 -0.010469 3.075955 
0.169 1.49 1.50 0.4235 0.4231 0.0418 -0.0001 -0.010469 3.075984 
0.170 1.45 1.82 0.4266 0.3985 0.0422 -0.0001 -0.010469 3.075985 
0.171 1.63 1.90 0.4134 0.3923 0.0426 -0.0001 -0.010469 3.075960 
0.172 1.24 1.84 0.4431 0.3971 0.0432 -0.0001 -0.013086 3.075931 
0.173 1.50 1.64 0.4229 0.4126 0.0436 -0.0002 -0.013086 3.075917 
0.174 1.58 1.76 0.4169 0.4028 0.0440 -0.0002 -0.013086 3.075926 
0.175 1.54 1.70 0.4196 0.4077 0.0444 -0.0002 -0.013086 3.075952 
0.176 1.44 1.78 0.4276 0.4014 0.0448 -0.0002 -0.013086 3.075974 
0.177 1.47 1.50 0.4253 0.4231 0.0452 -0.0002 -0.013086 3.075981 
0.178 1.55 1.71 0.4195 0.4073 0.0456 -0.0002 -0.013086 3.075974 
0.179 1.57 1.64 0.4176 0.4121 0.0460 -0.0002 -0.013086 3.075959 
0.180 1.58 1.75 0.4166 0.4038 0.0464 -0.0002 -0.013086 3.075951 
0.181 1.53 1.30 0.4207 0.4386 0.0469 -0.0002 -0.013086 3.075950 
0.182 1.72 1.72 0.4061 0.4059 0.0473 -0.0002 -0.013086 3.075957 
0.183 1.54 1.66 0.4198 0.4106 0.0477 -0.0002 -0.013086 3.075966 
0.184 1.35 1.79 0.4349 0.4006 0.0481 -0.0002 -0.013086 3.075973 
0.185 1.44 1.68 0.4276 0.4093 0.0485 -0.0002 -0.013086 3.075975 
0.186 1.52 1.72 0.4215 0.4060 0.0491 -0.0002 -0.010469 3.075967 
0.187 1.52 1.69 0.4217 0.4085 0.0493 -0.0002 -0.013086 3.075955 
0.188 1.29 1.79 0.4389 0.4007 0.0497 -0.0002 -0.013086 3.075948 
0.189 1.51 1.92 0.4225 0.3910 0.0501 -0.0002 -0.013086 3.075947 
0.190 1.59 1.82 0.4161 0.3982 0.0505 -0.0002 -0.013086 3.075951 
0.191 1.53 1.52 0.4208 0.4213 0.0509 -0.0002 -0.013086 3.075961 
0.192 1.45 1.90 0.4266 0.3923 0.0513 -0.0003 -0.013086 3.075973 
0.193 1.49 1.94 0.4238 0.3896 0.0517 -0.0003 -0.013086 3.075981 
0.194 1.77 1.78 0.4024 0.4018 0.0521 -0.0003 -0.013086 3.075984 
0.195 1.54 1.64 0.4202 0.4123 0.0525 -0.0003 -0.013086 3.075987 
0.196 1.50 1.78 0.4231 0.4013 0.0531 -0.0003 -0.015704 3.075988 
0.197 1.71 1.52 0.4067 0.4218 0.0535 -0.0003 -0.015704 3.075987 
0.198 1.55 1.42 0.4192 0.4289 0.0542 -0.0003 -0.013086 3.075985 
0.199 1.59 1.77 0.4159 0.4021 0.0546 -0.0003 -0.013086 3.075988 
0.200 1.46 1.81 0.4262 0.3994 0.0550 -0.0003 -0.013086 3.075990 
0.201 1.17 1.75 0.4487 0.4042 0.0554 -0.0003 -0.013086 3.075985 
0.202 1.50 1.73 0.4227 0.4058 0.0558 -0.0003 -0.013086 3.075976 
0.203 1.11 1.73 0.4528 0.4051 0.0560 -0.0003 -0.015704 3.075965 
0.204 1.51 1.39 0.4223 0.4315 0.0566 -0.0003 -0.013086 3.075956 
0.205 1.49 1.71 0.4238 0.4069 0.0570 -0.0003 -0.013086 3.075952 
0.206 1.60 1.87 0.4155 0.3948 0.0574 -0.0003 -0.013086 3.075951 
0.207 2.03 1.77 0.3824 0.4018 0.0578 -0.0003 -0.013086 3.075952 
0.208 1.55 1.60 0.4191 0.4150 0.0582 -0.0003 -0.013086 3.075954 
0.209 1.17 1.70 0.4487 0.4075 0.0586 -0.0004 -0.013086 3.075954 
0.210 1.55 1.62 0.4190 0.4136 0.0590 -0.0004 -0.013086 3.075949 
0.211 1.73 1.76 0.4054 0.4030 0.0594 -0.0004 -0.013086 3.075946 
0.212 1.55 1.45 0.4194 0.4271 0.0598 -0.0004 -0.013086 3.075945 
0.213 1.25 1.76 0.4427 0.4027 0.0602 -0.0004 -0.013086 3.075943 
0.214 1.55 1.75 0.4189 0.4038 0.0606 -0.0004 -0.013086 3.075938 
0.215 1.51 1.83 0.4223 0.3975 0.0611 -0.0004 -0.013086 3.075930 
0.216 1.49 1.43 0.4241 0.4284 0.0615 -0.0004 -0.013086 3.075918 
0.217 1.65 1.75 0.4119 0.4036 0.0619 -0.0004 -0.013086 3.075911 
0.218 1.56 1.85 0.4186 0.3960 0.0623 -0.0004 -0.013086 3.075909 
0.219 1.27 1.80 0.4405 0.3997 0.0627 -0.0004 -0.013086 3.075912 
0.220 1.50 1.59 0.4233 0.4160 0.0631 -0.0004 -0.013086 3.075916 
0.221 1.53 1.73 0.4210 0.4053 0.0637 -0.0004 -0.015704 3.075916 
0.222 1.45 1.69 0.4273 0.4081 0.0641 -0.0004 -0.015704 3.075912 
0.223 1.48 1.78 0.4247 0.4012 0.0645 -0.0004 -0.015704 3.075908 
0.224 1.56 1.55 0.4184 0.4191 0.0649 -0.0004 -0.015704 3.075908 
0.225 1.56 1.74 0.4185 0.4045 0.0653 -0.0004 -0.015704 3.075908 
0.226 1.62 1.69 0.4138 0.4082 0.0657 -0.0004 -0.015704 3.075909 
0.227 1.54 1.79 0.4200 0.4010 0.0661 -0.0005 -0.015704 3.075913 
0.228 1.72 1.34 0.4060 0.4351 0.0665 -0.0005 -0.015704 3.075916 
0.229 1.55 1.74 0.4193 0.4042 0.0669 -0.0005 -0.015704 3.075913 
0.230 1.36 1.70 0.4340 0.4077 0.0673 -0.0005 -0.015704 3.075906 
0.231 1.44 1.81 0.4281 0.3991 0.0677 -0.0005 -0.015704 3.075901 
0.232 1.52 1.69 0.4217 0.4084 0.0682 -0.0005 -0.015704 3.075898 
0.233 1.52 1.73 0.4213 0.4056 0.0686 -0.0005 -0.015704 3.075895 
0.234 1.29 1.25 0.4393 0.4421 0.0690 -0.0005 -0.015704 3.075894 
0.235 1.50 1.81 0.4228 0.3995 0.0694 -0.0005 -0.015704 3.075897 
0.236 1.59 1.92 0.4161 0.3911 0.0698 -0.0005 -0.015704 3.075899 
0.237 1.54 1.83 0.4202 0.3978 0.0702 -0.0005 -0.015704 3.075893 
0.238 1.45 1.49 0.4269 0.4239 0.0706 -0.0005 -0.015704 3.075884 
0.239 1.49 1.87 0.4239 0.3947 0.0710 -0.0005 -0.015704 3.075879 
0.240 1.75 1.97 0.4035 0.3871 0.0714 -0.0005 -0.015704 3.075880 
0.241 1.55 1.78 0.4195 0.4013 0.0718 -0.0005 -0.015704 3.075884 
0.242 1.25 1.63 0.4425 0.4132 0.0722 -0.0006 -0.015704 3.075885 
0.243 1.52 1.78 0.4212 0.4012 0.0726 -0.0006 -0.015704 3.075882 
0.244 1.74 1.31 0.4050 0.4374 0.0730 -0.0006 -0.015704 3.075877 
0.245 1.56 1.73 0.4187 0.4053 0.0734 -0.0006 -0.015704 3.075875 
0.246 1.61 1.45 0.4144 0.4272 0.0738 -0.0006 -0.015704 3.075874 
0.247 1.20 1.82 0.4463 0.3981 0.0744 -0.0006 -0.018321 3.075875 
0.248 1.51 1.75 0.4223 0.4036 0.0748 -0.0006 -0.018321 3.075880 
0.249 1.12 1.75 0.4522 0.4042 0.0752 -0.0006 -0.018321 3.075886 
0.250 1.51 1.76 0.4220 0.4031 0.0757 -0.0006 -0.018321 3.075891 
0.251 1.49 1.78 0.4241 0.4017 0.0761 -0.0006 -0.018321 3.075891 
0.252 1.60 1.40 0.4153 0.4307 0.0765 -0.0006 -0.018321 3.075888 
0.253 2.02 1.72 0.3832 0.4065 0.0769 -0.0006 -0.018321 3.075886 
0.254 1.53 1.87 0.4203 0.3947 0.0773 -0.0006 -0.018321 3.075884 
0.255 1.17 1.78 0.4481 0.4016 0.0777 -0.0006 -0.018321 3.075884 
0.256 1.54 1.60 0.4203 0.4152 0.0781 -0.0007 -0.018321 3.075887 
0.257 1.73 1.69 0.4055 0.4087 0.0785 -0.0007 -0.018321 3.075895 
0.258 1.53 1.65 0.4204 0.4115 0.0789 -0.0007 -0.018321 3.075902 
0.259 1.23 1.75 0.4435 0.4040 0.0793 -0.0007 -0.018321 3.075903 
0.260 1.55 1.44 0.4192 0.4277 0.0797 -0.0007 -0.018321 3.075901 
0.261 1.50 1.76 0.4232 0.4033 0.0801 -0.0007 -0.018321 3.075897 
0.262 1.48 1.74 0.4244 0.4045 0.0805 -0.0007 -0.018321 3.075894 
0.263 1.64 1.83 0.4126 0.3973 0.0809 -0.0007 -0.018321 3.075893 
0.264 1.53 1.43 0.4204 0.4287 0.0813 -0.0007 -0.018321 3.075895 
0.265 1.26 1.77 0.4416 0.4026 0.0817 -0.0007 -0.018321 3.075899 
0.266 1.51 1.83 0.4225 0.3973 0.0821 -0.0007 -0.018321 3.075904 
0.267 1.58 1.78 0.4168 0.4015 0.0826 -0.0007 -0.018321 3.075908 
0.268 1.54 1.58 0.4199 0.4165 0.0830 -0.0007 -0.018321 3.075909 
0.269 1.44 1.73 0.4275 0.4057 0.0834 -0.0008 -0.018321 3.075906 
0.270 1.52 1.70 0.4217 0.4079 0.0840 -0.0008 -0.020938 3.075907 
0.271 1.55 1.77 0.4194 0.4020 0.0844 -0.0008 -0.020938 3.075910 
0.272 1.61 1.56 0.4148 0.4188 0.0848 -0.0008 -0.020938 3.075912 
0.273 1.53 1.76 0.4210 0.4029 0.0852 -0.0008 -0.020938 3.075913 
0.274 1.72 1.72 0.4064 0.4065 0.0856 -0.0008 -0.020938 3.075913 
0.275 1.54 1.81 0.4201 0.3988 0.0860 -0.0008 -0.020938 3.075915 
0.276 1.34 1.36 0.4356 0.4335 0.0864 -0.0008 -0.020938 3.075914 
0.277 1.44 1.76 0.4274 0.4033 0.0868 -0.0008 -0.020938 3.075905 
0.278 1.52 1.71 0.4218 0.4072 0.0872 -0.0008 -0.020938 3.075893 
0.279 1.52 1.82 0.4217 0.3980 0.0876 -0.0008 -0.020938 3.075886 
0.280 1.29 1.70 0.4389 0.4075 0.0880 -0.0008 -0.020938 3.075888 
0.281 1.51 1.75 0.4225 0.4041 0.0884 -0.0009 -0.020938 3.075896 
0.282 1.59 1.25 0.4159 0.4422 0.0888 -0.0009 -0.020938 3.075901 
0.283 1.54 1.81 0.4202 0.3989 0.0892 -0.0009 -0.020938 3.075900 
0.284 1.45 1.92 0.4272 0.3909 0.0896 -0.0009 -0.020938 3.075899 
0.285 1.49 1.83 0.4241 0.3978 0.0901 -0.0009 -0.020938 3.075900 
0.286 1.75 1.49 0.4038 0.4239 0.0905 -0.0009 -0.020938 3.075899 
0.287 1.54 1.88 0.4198 0.3938 0.0909 -0.0009 -0.020938 3.075899 
0.288 1.23 1.96 0.4436 0.3877 0.0913 -0.0009 -0.020938 3.075902 
0.289 1.51 1.78 0.4220 0.4017 0.0917 -0.0009 -0.020938 3.075907 
0.290 1.72 1.65 0.4058 0.4115 0.0921 -0.0009 -0.020938 3.075904 
0.291 1.56 1.76 0.4187 0.4027 0.0925 -0.0009 -0.020938 3.075897 
0.292 1.60 1.30 0.4151 0.4381 0.0929 -0.0009 -0.020938 3.075893 
0.293 1.46 1.73 0.4261 0.4057 0.0933 -0.0010 -0.020938 3.075894 
0.294 1.35 1.43 0.4349 0.4282 0.0937 -0.0010 -0.020938 3.075894 
0.295 1.09 1.80 0.4542 0.3996 0.0943 -0.0010 -0.023556 3.075898 
0.296 1.49 1.75 0.4238 0.4039 0.0947 -0.0010 -0.023556 3.075903 
0.297 1.47 1.74 0.4253 0.4048 0.0951 -0.0010 -0.023556 3.075900 
0.298 1.58 1.75 0.4166 0.4036 0.0955 -0.0010 -0.023556 3.075890 
0.299 2.01 1.77 0.3838 0.4022 0.0959 -0.0010 -0.023556 3.075883 
0.300 1.52 1.39 0.4217 0.4317 0.0963 -0.0010 -0.023556 3.075880 
0.301 1.18 1.71 0.4474 0.4072 0.0967 -0.0010 -0.023556 3.075879 
0.302 1.50 1.86 0.4228 0.3956 0.0972 -0.0010 -0.023556 3.075880 
0.303 1.72 1.77 0.4060 0.4023 0.0976 -0.0011 -0.023556 3.075881 
0.304 1.52 1.60 0.4212 0.4151 0.0980 -0.0011 -0.023556 3.075885 
0.305 1.22 1.68 0.4445 0.4091 0.0984 -0.0011 -0.023556 3.075885 
0.306 1.55 1.63 0.4194 0.4128 0.0988 -0.0011 -0.023556 3.075883 
0.307 1.49 1.76 0.4238 0.4028 0.0992 -0.0011 -0.023556 3.075883 
0.308 1.48 1.44 0.4245 0.4278 0.0996 -0.0011 -0.023556 3.075885 
0.309 1.64 1.76 0.4124 0.4034 0.1000 -0.0011 -0.023556 3.075886 
0.310 1.54 1.74 0.4203 0.4050 0.1004 -0.0011 -0.023556 3.075885 
0.311 1.26 1.83 0.4417 0.3977 0.1008 -0.0011 -0.023556 3.075884 
0.312 1.51 1.43 0.4223 0.4285 0.1012 -0.0011 -0.023556 3.075886 
0.313 1.57 1.75 0.4172 0.4038 0.1016 -0.0012 -0.023556 3.075888 
0.314 1.54 1.83 0.4199 0.3974 0.1020 -0.0012 -0.023556 3.075889 
0.315 1.43 1.79 0.4282 0.4007 0.1024 -0.0012 -0.023556 3.075887 
0.316 1.49 1.59 0.4235 0.4164 0.1028 -0.0012 -0.023556 3.075889 
0.317 1.52 1.75 0.4217 0.4042 0.1032 -0.0012 -0.023556 3.075896 
0.318 1.53 1.71 0.4204 0.4067 0.1038 -0.0012 -0.026173 3.075903 
0.319 1.55 1.79 0.4194 0.4007 0.1042 -0.0012 -0.026173 3.075912 
0.320 1.69 1.52 0.4084 0.4213 0.1047 -0.0012 -0.026173 3.075919 
0.321 1.56 1.73 0.4185 0.4055 0.1051 -0.0012 -0.026173 3.075917 
0.322 1.32 1.66 0.4372 0.4111 0.1055 -0.0012 -0.026173 3.075913 
0.323 1.44 1.77 0.4275 0.4024 0.1059 -0.0013 -0.026173 3.075913 
0.324 1.51 1.31 0.4223 0.4379 0.1063 -0.0013 -0.026173 3.075916 
0.325 1.51 1.73 0.4223 0.4057 0.1067 -0.0013 -0.026173 3.075921 
0.326 1.30 1.67 0.4387 0.4099 0.1071 -0.0013 -0.026173 3.075927 
0.327 1.50 1.79 0.4229 0.4009 0.1075 -0.0013 -0.026173 3.075930 
0.328 1.59 1.67 0.4161 0.4100 0.1079 -0.0013 -0.026173 3.075930 
0.329 1.54 1.71 0.4201 0.4066 0.1083 -0.0013 -0.026173 3.075925 
0.330 1.45 1.24 0.4271 0.4433 0.1087 -0.0013 -0.026173 3.075921 
0.331 1.49 1.79 0.4237 0.4009 0.1091 -0.0013 -0.026173 3.075920 
0.332 1.76 1.91 0.4031 0.3918 0.1095 -0.0014 -0.026173 3.075921 
0.333 1.54 1.80 0.4201 0.3999 0.1099 -0.0014 -0.026173 3.075925 
0.334 1.24 1.48 0.4434 0.4250 0.1103 -0.0014 -0.026173 3.075928 
0.335 1.52 1.86 0.4213 0.3954 0.1107 -0.0014 -0.026173 3.075928 
0.336 1.72 1.95 0.4060 0.3888 0.1111 -0.0014 -0.026173 3.075926 
0.337 1.55 1.77 0.4189 0.4024 0.1115 -0.0014 -0.026173 3.075921 
0.338 1.60 1.62 0.4154 0.4140 0.1120 -0.0014 -0.026173 3.075916 
0.339 1.47 1.77 0.4256 0.4022 0.1124 -0.0014 -0.026173 3.075915 
0.340 1.20 1.29 0.4462 0.4393 0.1128 -0.0014 -0.026173 3.075918 
0.341 1.10 1.71 0.4538 0.4069 0.1134 -0.0015 -0.028790 3.075921 
0.342 1.51 1.45 0.4221 0.4273 0.1138 -0.0015 -0.028790 3.075922 
0.343 1.49 1.77 0.4241 0.4021 0.1142 -0.0015 -0.028790 3.075922 
0.344 1.61 1.73 0.4148 0.4056 0.1146 -0.0015 -0.028790 3.075921 
0.345 2.03 1.73 0.3821 0.4052 0.1150 -0.0015 -0.028790 3.075921 
0.346 1.53 1.74 0.4209 0.4043 0.1154 -0.0015 -0.028790 3.075918 
0.347 1.18 1.76 0.4477 0.4028 0.1158 -0.0015 -0.028790 3.075911 
0.348 1.54 1.39 0.4202 0.4313 0.1162 -0.0015 -0.028790 3.075907 
0.349 1.73 1.71 0.4054 0.4072 0.1166 -0.0015 -0.028790 3.075911 
0.350 1.55 1.85 0.4189 0.3959 0.1170 -0.0016 -0.028790 3.075916 
0.351 1.22 1.75 0.4450 0.4035 0.1174 -0.0016 -0.028790 3.075917 
0.352 1.55 1.60 0.4195 0.4150 0.1178 -0.0016 -0.028790 3.075916 
0.353 1.50 1.69 0.4229 0.4085 0.1182 -0.0016 -0.028790 3.075910 
0.354 1.48 1.64 0.4246 0.4121 0.1186 -0.0016 -0.028790 3.075902 
0.355 1.63 1.77 0.4127 0.4026 0.1191 -0.0016 -0.028790 3.075900 
0.356 1.53 1.45 0.4204 0.4272 0.1195 -0.0016 -0.028790 3.075903 
0.357 1.25 1.77 0.4422 0.4026 0.1199 -0.0016 -0.028790 3.075909 
0.358 1.51 1.76 0.4226 0.4029 0.1203 -0.0017 -0.028790 3.075911 
0.359 1.57 1.81 0.4173 0.3993 0.1207 -0.0017 -0.028790 3.075908 
0.360 1.54 1.53 0.4201 0.4205 0.1211 -0.0017 -0.028790 3.075904 
0.361 1.44 1.76 0.4277 0.4034 0.1215 -0.0017 -0.028790 3.075900 
0.362 1.47 1.85 0.4257 0.3962 0.1219 -0.0017 -0.028790 3.075895 
0.363 1.56 1.78 0.4181 0.4014 0.1223 -0.0017 -0.028790 3.075893 
0.364 1.53 1.60 0.4211 0.4151 0.1227 -0.0017 -0.028790 3.075896 
0.365 1.61 1.70 0.4148 0.4075 0.1231 -0.0017 -0.028790 3.075898 
0.366 1.53 1.66 0.4207 0.4107 0.1235 -0.0017 -0.028790 3.075899 
0.367 1.71 1.47 0.4066 0.4254 0.1241 -0.0018 -0.026173 3.075900 
0.368 1.34 1.71 0.4349 0.4068 0.1247 -0.0018 -0.028790 3.075902 
0.369 1.48 1.60 0.4249 0.4156 0.1251 -0.0018 -0.028790 3.075902 
0.370 1.56 1.73 0.4182 0.4054 0.1255 -0.0018 -0.028790 3.075902 
0.371 1.56 1.28 0.4186 0.4395 0.1259 -0.0018 -0.028790 3.075906 
0.0.373 1.54 1.65 0.4200 0.4114 0.1268 -0.0018 -0.028790 3.075906 
0.374 1.61 1.77 0.4146 0.4020 0.1272 -0.0019 -0.028790 3.075899 
0.375 1.56 1.66 0.4185 0.4111 0.1276 -0.0019 -0.028790 3.075893 
0.376 1.46 1.69 0.4260 0.4085 0.1280 -0.0019 -0.028790 3.075891 
0.377 1.50 1.22 0.4233 0.4446 0.1284 -0.0019 -0.028790 3.075896 
0.378 1.76 1.78 0.4033 0.4011 0.1288 -0.0019 -0.028790 3.075897 
0.379 1.54 1.91 0.4197 0.3913 0.1292 -0.0019 -0.028790 3.075896 
0.380 1.24 1.82 0.4433 0.3981 0.1296 -0.0019 -0.028790 3.075894 
0.381 1.52 1.49 0.4218 0.4240 0.1300 -0.0019 -0.028790 3.075891 
0.382 1.74 1.87 0.4049 0.3944 0.1304 -0.0019 -0.028790 3.075890 
0.383 1.56 1.96 0.4181 0.3873 0.1308 -0.0020 -0.028790 3.075889 
0.384 1.61 1.78 0.4146 0.4017 0.1312 -0.0020 -0.028790 3.075887 
0.385 1.47 1.63 0.4255 0.4128 0.1316 -0.0020 -0.028790 3.075886 
0.386 1.20 1.78 0.4462 0.4016 0.1320 -0.0020 -0.028790 3.075889 
0.387 1.51 1.31 0.4223 0.4380 0.1324 -0.0020 -0.028790 3.075890 
0.388 1.10 1.72 0.4539 0.4060 0.1328 -0.0020 -0.028790 3.075889 
0.389 1.50 1.44 0.4227 0.4274 0.1332 -0.0020 -0.028790 3.075885 
0.390 1.47 1.80 0.4251 0.4000 0.1336 -0.0020 -0.028790 3.075881 
0.391 1.58 1.75 0.4165 0.4037 0.1341 -0.0020 -0.028790 3.075879 
0.392 2.02 1.73 0.3830 0.4057 0.1345 -0.0021 -0.028790 3.075884 
0.393 1.20 1.74 0.4460 0.4043 0.1351 -0.0021 -0.031408 3.075886 
0.394 1.56 1.76 0.4187 0.4031 0.1355 -0.0021 -0.031408 3.075884 
0.395 1.75 1.38 0.4035 0.4324 0.1359 -0.0021 -0.031408 3.075884 
0.396 1.52 1.69 0.4212 0.4081 0.1363 -0.0021 -0.031408 3.075889 
0.397 1.22 1.84 0.4447 0.3965 0.1367 -0.0021 -0.031408 3.075896 
0.398 1.53 1.76 0.4205 0.4032 0.1371 -0.0021 -0.031408 3.075901 
0.399 1.49 1.59 0.4238 0.4161 0.1375 -0.0022 -0.031408 3.075901 
0.400 1.47 1.66 0.4251 0.4106 0.1379 -0.0022 -0.031408 3.075899 
0.401 1.62 1.61 0.4139 0.4144 0.1383 -0.0022 -0.031408 3.075900 
0.402 -5.45 -5.25 0.4196 0.4035 0.1387 -0.0022 -0.031408 3.075905 
0.403 -5.76 -5.59 0.4434 0.4297 0.1391 -0.0022 -0.031408 3.075912 
0.404 -5.31 -5.03 0.4083 0.3868 0.1395 -0.0022 -0.031408 3.075917 
0.405 -4.57 -4.43 0.3513 0.3405 0.1399 -0.0022 -0.031408 3.075919 
0.406 -4.10 -4.43 0.3152 0.3405 0.1399 -0.0022 -0.031408 3.075923 
0.407 -3.60 -3.38 0.2771 0.2604 0.1403 -0.0022 -0.031408 3.075933 
0.408 -2.90 -3.36 0.2228 0.2585 0.1403 -0.0022 -0.031408 3.075946 
0.409 -2.41 -2.40 0.1854 0.1850 0.1407 -0.0023 -0.031408 3.075951 
0.410 -2.41 -2.40 0.1854 0.1850 0.1407 -0.0023 -0.031408 3.075947 
0.411 -2.00 -2.22 0.1538 0.1705 0.1407 -0.0023 -0.031408 3.075903 
0.412 -1.45 -1.56 0.1116 0.1201 0.1407 -0.0023 -0.031408 3.075879 
0.413 -1.14 -1.20 0.0875 0.0926 0.1407 -0.0023 -0.031408 3.075893 
0.414 -0.94 -0.98 0.0720 0.0754 0.1407 -0.0023 -0.031408 3.075860 
0.415 -0.79 -0.83 0.0611 0.0636 0.1407 -0.0023 -0.031408 3.075858 
0.416 -0.69 -0.71 0.0531 0.0550 0.1407 -0.0023 -0.031408 3.075868 
0.417 -0.61 -0.63 0.0470 0.0484 0.1407 -0.0023 -0.031408 3.075829 
0.418 -0.55 -0.56 0.0421 0.0433 0.1407 -0.0023 -0.031408 3.075843 
0.419 -0.49 -0.51 0.0381 0.0391 0.1407 -0.0023 -0.031408 3.075906 
0.420 -0.45 -0.46 0.0349 0.0357 0.1407 -0.0023 -0.031408 3.075967 
0.421 -0.42 -0.43 0.0321 0.0328 0.1407 -0.0023 -0.031408 3.076022 
0.422 -0.39 -0.39 0.0297 0.0303 0.1407 -0.0023 -0.031408 3.076055 
0.423 -0.36 -0.37 0.0277 0.0282 0.1407 -0.0023 -0.031408 3.076040 
0.424 -0.34 -0.34 0.0259 0.0264 0.1407 -0.0023 -0.031408 3.075985 
0.425 -0.32 -0.32 0.0244 0.0248 0.1407 -0.0023 -0.031408 3.075924 
0.426 0.30 0.31 -0.0234 -0.0237 0.1403 -0.0022 -0.031408 3.075886 
0.427 0.30 0.31 -0.0234 -0.0237 0.1403 -0.0022 -0.031408 3.075876 
0.428 0.30 0.31 -0.0234 -0.0237 0.1403 -0.0022 -0.031408 3.075881 
0.429 0.30 0.31 -0.0234 -0.0237 0.1403 -0.0022 -0.031408 3.075904 
0.430 0.30 0.31 -0.0234 -0.0237 0.1403 -0.0022 -0.031408 3.075922 
0.431 0.30 0.31 -0.0234 -0.0237 0.1403 -0.0022 -0.031408 3.075929 
0.432 0.30 0.31 -0.0234 -0.0237 0.1403 -0.0022 -0.031408 3.075952 
0.433 0.30 0.31 -0.0234 -0.0237 0.1403 -0.0022 -0.031408 3.075965 
0.434 0.30 0.31 -0.0234 -0.0237 0.1403 -0.0022 -0.031408 3.075943 
0.435 0.30 0.31 -0.0234 -0.0237 0.1403 -0.0022 -0.031408 3.075921 
0.436 0.30 0.31 -0.0234 -0.0237 0.1403 -0.0022 -0.031408 3.075919 
0.437 0.30 0.31 -0.0234 -0.0237 0.1403 -0.0022 -0.031408 3.075925 
0.438 0.30 0.31 -0.0234 -0.0237 0.1403 -0.0022 -0.031408 3.075934 
0.439 0.30 0.31 -0.0234 -0.0237 0.1403 -0.0022 -0.031408 3.075934 
0.440 0.30 0.31 -0.0234 -0.0237 0.1403 -0.0022 -0.031408 3.075927 
0.441 0.30 0.31 -0.0234 -0.0237 0.1403 -0.0022 -0.031408 3.075923 
0.442 0.30 0.31 -0.0234 -0.0237 0.1403 -0.0022 -0.031408 3.075918 
0.443 0.30 0.30 -0.0234 -0.0235 0.1403 -0.0022 -0.031408 3.075918 
0.444 0.29 0.29 -0.0221 -0.0222 0.1403 -0.0022 -0.031408 3.075931 
0.445 0.27 0.27 -0.0210 -0.0211 0.1403 -0.0022 -0.031408 3.075945 
0.446 0.26 0.26 -0.0200 -0.0200 0.1403 -0.0022 -0.031408 3.075948 
0.447 0.25 0.25 -0.0190 -0.0191 0.1403 -0.0022 -0.031408 3.075936 
0.448 0.24 0.24 -0.0182 -0.0182 0.1403 -0.0022 -0.031408 3.075920 
0.449 -0.23 0.23 0.0174 -0.0174 0.1405 -0.0023 -0.034025 3.075905 
0.450 -0.23 0.22 0.0174 -0.0167 0.1405 -0.0023 -0.034025 3.075893 
0.451 -0.23 -0.22 0.0174 0.0167 0.1407 -0.0023 -0.031408 3.075897 
0.452 -0.23 -0.22 0.0174 0.0167 0.1407 -0.0023 -0.031408 3.075910 
0.453 -0.23 -0.22 0.0174 0.0167 0.1407 -0.0023 -0.031408 3.075912 
0.454 -0.23 -0.22 0.0174 0.0167 0.1407 -0.0023 -0.031408 3.075916 
0.455 -0.23 -0.22 0.0174 0.0167 0.1407 -0.0023 -0.031408 3.075921 
0.456 -0.23 -0.22 0.0174 0.0167 0.1407 -0.0023 -0.031408 3.075931 
0.457 -0.23 -0.22 0.0174 0.0167 0.1407 -0.0023 -0.031408 3.075942 
0.458 -0.23 -0.22 0.0174 0.0167 0.1407 -0.0023 -0.031408 3.075946 
0.459 -0.23 -0.22 0.0174 0.0167 0.1407 -0.0023 -0.031408 3.075945 
0.460 -0.23 -0.22 0.0174 0.0167 0.1407 -0.0023 -0.031408 3.075937 
0.461 -0.23 -0.22 0.0174 0.0167 0.1407 -0.0023 -0.031408 3.075931 
0.462 -0.23 -0.22 0.0174 0.0167 0.1407 -0.0023 -0.031408 3.075929 
0.463 -0.23 -0.22 0.0174 0.0167 0.1407 -0.0023 -0.031408 3.075929 
0.464 -0.23 -0.22 0.0174 0.0167 0.1407 -0.0023 -0.031408 3.075933 
0.465 -0.23 -0.22 0.0174 0.0167 0.1407 -0.0023 -0.031408 3.075938 
0.466 -0.23 -0.22 0.0174 0.0167 0.1407 -0.0023 -0.031408 3.075935 
0.467 -0.23 -0.22 0.0174 0.0167 0.1407 -0.0023 -0.031408 3.075925 
0.468 -0.23 -0.22 0.0174 0.0167 0.1407 -0.0023 -0.031408 3.075911 
0.469 -0.23 -0.22 0.0174 0.0167 0.1407 -0.0023 -0.031408 3.075902 
0.470 -0.23 -0.22 0.0174 0.0167 0.1407 -0.0023 -0.031408 3.075900 
0.471 -0.23 -0.22 0.0174 0.0167 0.1407 -0.0023 -0.031408 3.075904 
0.472 -0.23 -0.22 0.0174 0.0167 0.1407 -0.0023 -0.031408 3.075912 
0.473 -0.22 -0.22 0.0169 0.0167 0.1407 -0.0023 -0.031408 3.075910 
0.474 -0.21 -0.22 0.0162 0.0167 0.1407 -0.0023 -0.031408 3.075905 
0.475 -0.20 -0.21 0.0156 0.0163 0.1407 -0.0023 -0.031408 3.075905 
0.476 -0.20 -0.20 0.0150 0.0157 0.1407 -0.0023 -0.031408 3.075907 
0.477 -0.19 -0.20 0.0145 0.0151 0.1407 -0.0023 -0.031408 3.075908 
0.478 -0.18 -0.19 0.0140 0.0145 0.1407 -0.0023 -0.031408 3.075905 
0.479 -0.17 -0.18 0.0135 0.0140 0.1407 -0.0023 -0.031408 3.075901 
0.480 -0.17 -0.18 0.0131 0.0136 0.1407 -0.0023 -0.031408 3.075902 
0.481 -0.16 -0.17 0.0127 0.0131 0.1407 -0.0023 -0.031408 3.075903 
0.482 -0.16 -0.17 0.0123 0.0127 0.1407 -0.0023 -0.031408 3.075897 
0.483 -0.15 -0.16 0.0119 0.0123 0.1407 -0.0023 -0.031408 3.075883 
0.484 -0.15 -0.15 0.0116 0.0120 0.1407 -0.0023 -0.031408 3.075874 
0.485 -0.15 -0.15 0.0113 0.0116 0.1407 -0.0023 -0.031408 3.075871 
0.486 -0.14 -0.15 0.0110 0.0113 0.1407 -0.0023 -0.031408 3.075874 
0.487 -0.14 -0.14 0.0107 0.0110 0.1407 -0.0023 -0.031408 3.075884 
0.488 -0.14 -0.14 0.0104 0.0107 0.1407 -0.0023 -0.031408 3.075895 
0.489 -0.13 -0.14 0.0101 0.0104 0.1407 -0.0023 -0.031408 3.075902 
0.490 -0.13 -0.13 0.0099 0.0102 0.1407 -0.0023 -0.031408 3.075907 
0.491 -0.12 -0.13 0.0097 0.0099 0.1407 -0.0023 -0.031408 3.075911 
0.492 -0.12 -0.12 0.0094 0.0097 0.1407 -0.0023 -0.031408 3.075915 
0.493 -0.12 -0.12 0.0092 0.0095 0.1407 -0.0023 -0.031408 3.075918 
0.494 -0.12 -0.12 0.0090 0.0092 0.1407 -0.0023 -0.031408 3.075921 
0.495 -0.11 -0.12 0.0088 0.0090 0.1407 -0.0023 -0.031408 3.075926 
0.496 -0.11 -0.11 0.0086 0.0088 0.1407 -0.0023 -0.031408 3.075930 
0.497 -0.11 -0.11 0.0084 0.0086 0.1407 -0.0023 -0.031408 3.075934 
0.498 -0.11 -0.11 0.0083 0.0085 0.1407 -0.0023 -0.031408 3.075932 
0.499 -0.10 -0.11 0.0081 0.0083 0.1407 -0.0023 -0.031408 3.075926 
0.500 -0.10 -0.10 0.0080 0.0081 0.1407 -0.0023 -0.031408 3.075922 
0.501 -0.10 -0.10 0.0078 0.0080 0.1407 -0.0023 -0.031408 3.075920 
0.502 -0.10 -0.10 0.0077 0.0078 0.1407 -0.0023 -0.031408 3.075920 
0.503 -0.10 -0.10 0.0075 0.0077 0.1407 -0.0023 -0.031408 3.075921 
0.504 -0.10 -0.10 0.0074 0.0075 0.1407 -0.0023 -0.031408 3.075919 
0.505 -0.09 -0.10 0.0072 0.0074 0.1407 -0.0023 -0.031408 3.075916 
0.506 -0.09 -0.09 0.0071 0.0073 0.1407 -0.0023 -0.031408 3.075914 
0.507 -0.09 -0.09 0.0070 0.0071 0.1407 -0.0023 -0.031408 3.075912 
0.508 -0.09 -0.09 0.0069 0.0070 0.1407 -0.0023 -0.031408 3.075912 
0.509 -0.09 -0.09 0.0068 0.0069 0.1407 -0.0023 -0.031408 3.075918 
0.510 -0.09 -0.09 0.0066 0.0068 0.1407 -0.0023 -0.031408 3.075927 
0.511 -0.09 -0.09 0.0065 0.0067 0.1407 -0.0023 -0.031408 3.075931 
0.512 -0.08 -0.09 0.0064 0.0066 0.1407 -0.0023 -0.031408 3.075926 
0.513 -0.08 -0.08 0.0063 0.0064 0.1407 -0.0023 -0.031408 3.075917 
0.514 -0.08 -0.08 0.0062 0.0063 0.1407 -0.0023 -0.031408 3.075910 
0.515 -0.08 -0.08 0.0061 0.0062 0.1407 -0.0023 -0.031408 3.075910 
0.516 -0.08 -0.08 0.0061 0.0062 0.1407 -0.0023 -0.031408 3.075911 
0.517 -0.08 -0.08 0.0060 0.0061 0.1407 -0.0023 -0.031408 3.075912 
0.518 -0.08 -0.08 0.0059 0.0060 0.1407 -0.0023 -0.031408 3.075914 
0.519 -0.07 -0.08 0.0058 0.0059 0.1407 -0.0023 -0.031408 3.075918 
0.520 -0.07 -0.07 0.0057 0.0058 0.1407 -0.0023 -0.031408 3.075920 
0.521 -0.07 -0.07 0.0056 0.0057 0.1407 -0.0023 -0.031408 3.075921 
0.522 -0.07 -0.07 0.0056 0.0056 0.1407 -0.0023 -0.031408 3.075921 
0.523 -0.07 -0.07 0.0055 0.0056 0.1407 -0.0023 -0.031408 3.075921 
0.524 -0.07 -0.07 0.0054 0.0055 0.1407 -0.0023 -0.031408 3.075922 
0.525 -0.07 -0.07 0.0053 0.0054 0.1407 -0.0023 -0.031408 3.075924 
0.526 -0.07 -0.07 0.0053 0.0053 0.1407 -0.0023 -0.031408 3.075925 
0.527 -0.07 -0.07 0.0052 0.0053 0.1407 -0.0023 -0.031408 3.075925 
0.528 -0.07 -0.07 0.0051 0.0052 0.1407 -0.0023 -0.031408 3.075924 
0.529 -0.07 -0.07 0.0051 0.0051 0.1407 -0.0023 -0.031408 3.075925 
0.530 -0.07 -0.07 0.0050 0.0051 0.1407 -0.0023 -0.031408 3.075928 
0.531 -0.06 -0.07 0.0049 0.0050 0.1407 -0.0023 -0.031408 3.075931 
0.532 -0.06 -0.06 0.0049 0.0050 0.1407 -0.0023 -0.031408 3.075932 
0.533 -0.06 -0.06 0.0048 0.0049 0.1407 -0.0023 -0.031408 3.075933 
0.534 -0.06 -0.06 0.0048 0.0048 0.1407 -0.0023 -0.031408 3.075933 
0.535 -0.06 -0.06 0.0047 0.0048 0.1407 -0.0023 -0.031408 3.075931 
0.536 -0.06 -0.06 0.0047 0.0047 0.1407 -0.0023 -0.031408 3.075927 
0.537 -0.06 -0.06 0.0046 0.0047 0.1407 -0.0023 -0.031408 3.075922 
0.538 -0.06 -0.06 0.0046 0.0046 0.1407 -0.0023 -0.031408 3.075915 
0.539 -0.06 -0.06 0.0045 0.0046 0.1407 -0.0023 -0.031408 3.075911 
0.540 -0.06 -0.06 0.0045 0.0045 0.1407 -0.0023 -0.031408 3.075910 
0.541 -0.06 -0.06 0.0044 0.0045 0.1407 -0.0023 -0.031408 3.075909 
0.542 -0.06 -0.06 0.0044 0.0044 0.1407 -0.0023 -0.031408 3.075908 
0.543 -0.06 -0.06 0.0043 0.0044 0.1407 -0.0023 -0.031408 3.075911 
0.544 -0.06 -0.06 0.0043 0.0043 0.1407 -0.0023 -0.031408 3.075913 
0.545 -0.05 -0.06 0.0042 0.0043 0.1407 -0.0023 -0.031408 3.075916 
0.546 -0.05 -0.05 0.0042 0.0042 0.1407 -0.0023 -0.031408 3.075921 
0.547 -0.05 -0.05 0.0041 0.0042 0.1407 -0.0023 -0.031408 3.075925 
0.548 -0.05 -0.05 0.0041 0.0041 0.1407 -0.0023 -0.031408 3.075924 
0.549 -0.05 -0.05 0.0041 0.0041 0.1407 -0.0023 -0.031408 3.075922 
0.550 -0.05 -0.05 0.0040 0.0041 0.1407 -0.0023 -0.031408 3.075922 
0.551 -0.05 -0.05 0.0040 0.0040 0.1407 -0.0023 -0.031408 3.075924 
0.552 -0.05 -0.05 0.0039 0.0040 0.1407 -0.0023 -0.031408 3.075929 
0.553 -0.05 -0.05 0.0039 0.0039 0.1407 -0.0023 -0.031408 3.075932 
0.554 -0.05 -0.05 0.0039 0.0039 0.1407 -0.0023 -0.031408 3.075928 
0.555 -0.05 -0.05 0.0038 0.0039 0.1407 -0.0023 -0.031408 3.075925 
0.556 -0.05 -0.05 0.0038 0.0038 0.1407 -0.0023 -0.031408 3.075925 
0.557 -0.05 -0.05 0.0038 0.0038 0.1407 -0.0023 -0.031408 3.075924 
0.558 -0.05 -0.05 0.0037 0.0038 0.1407 -0.0023 -0.031408 3.075921 
0.559 -0.05 -0.05 0.0037 0.0037 0.1407 -0.0023 -0.031408 3.075917 
0.560 -0.05 -0.05 0.0037 0.0037 0.1407 -0.0023 -0.031408 3.075913 
0.561 -0.05 -0.05 0.0036 0.0037 0.1407 -0.0023 -0.031408 3.075913 
0.562 -0.05 -0.05 0.0036 0.0036 0.1407 -0.0023 -0.031408 3.075914 
0.563 -0.05 -0.05 0.0036 0.0036 0.1407 -0.0023 -0.031408 3.075914 
0.564 -0.04 -0.05 0.0035 0.0036 0.1407 -0.0023 -0.031408 3.075915 
0.565 -0.04 -0.04 0.0035 0.0035 0.1407 -0.0023 -0.031408 3.075912 
0.566 -0.04 -0.04 0.0035 0.0035 0.1407 -0.0023 -0.031408 3.075907 
0.567 -0.04 -0.04 0.0034 0.0035 0.1407 -0.0023 -0.031408 3.075903 
0.568 -0.04 -0.04 0.0034 0.0034 0.1407 -0.0023 -0.031408 3.075902 
0.569 -0.04 -0.04 0.0034 0.0034 0.1407 -0.0023 -0.031408 3.075902 
0.570 -0.04 -0.04 0.0034 0.0034 0.1407 -0.0023 -0.031408 3.075900 
0.571 -0.04 -0.04 0.0033 0.0034 0.1407 -0.0023 -0.031408 3.075896 
0.572 -0.04 -0.04 0.0033 0.0033 0.1407 -0.0023 -0.031408 3.075892 
0.573 -0.04 -0.04 0.0033 0.0033 0.1407 -0.0023 -0.031408 3.075891 
0.574 -0.04 -0.04 0.0032 0.0033 0.1407 -0.0023 -0.031408 3.075893 
0.575 -0.04 -0.04 0.0032 0.0032 0.1407 -0.0023 -0.031408 3.075896 
0.576 -0.04 -0.04 0.0032 0.0032 0.1407 -0.0023 -0.031408 3.075896 
0.577 -0.04 -0.04 0.0032 0.0032 0.1407 -0.0023 -0.031408 3.075894 
0.578 -0.04 -0.04 0.0031 0.0032 0.1407 -0.0023 -0.031408 3.075891 
0.579 -0.04 -0.04 0.0031 0.0031 0.1407 -0.0023 -0.031408 3.075889 
0.580 -0.04 -0.04 0.0031 0.0031 0.1407 -0.0023 -0.031408 3.075891 
0.581 -0.04 -0.04 0.0031 0.0031 0.1407 -0.0023 -0.031408 3.075895 
0.582 -0.04 -0.04 0.0030 0.0031 0.1407 -0.0023 -0.031408 3.075900 
0.583 -0.04 -0.04 0.0030 0.0031 0.1407 -0.0023 -0.031408 3.075904 
0.584 -0.04 -0.04 0.0030 0.0030 0.1407 -0.0023 -0.031408 3.075903 
0.585 -0.04 -0.04 0.0030 0.0030 0.1407 -0.0023 -0.031408 3.075900 
0.586 -0.04 -0.04 0.0030 0.0030 0.1407 -0.0023 -0.031408 3.075898 
0.587 -0.04 -0.04 0.0029 0.0030 0.1407 -0.0023 -0.031408 3.075901 
0.588 -0.04 -0.04 0.0029 0.0029 0.1407 -0.0023 -0.031408 3.075904 
0.589 -0.04 -0.04 0.0029 0.0029 0.1407 -0.0023 -0.031408 3.075905 
0.590 -0.04 -0.04 0.0029 0.0029 0.1407 -0.0023 -0.031408 3.075907 
0.591 -0.04 -0.04 0.0029 0.0029 0.1407 -0.0023 -0.031408 3.075906 
0.592 -0.04 -0.04 0.0028 0.0029 0.1407 -0.0023 -0.031408 3.075904 
0.593 -0.04 -0.04 0.0028 0.0028 0.1407 -0.0023 -0.031408 3.075900 
0.594 -0.04 -0.04 0.0028 0.0028 0.1407 -0.0023 -0.031408 3.075896 
0.595 -0.04 -0.04 0.0028 0.0028 0.1407 -0.0023 -0.031408 3.075893 
0.596 -0.04 -0.04 0.0028 0.0028 0.1407 -0.0023 -0.031408 3.075893 
0.597 -0.04 -0.04 0.0027 0.0028 0.1407 -0.0023 -0.031408 3.075895 
0.598 -0.04 -0.04 0.0027 0.0027 0.1407 -0.0023 -0.031408 3.075895 
0.599 -0.04 -0.04 0.0027 0.0027 0.1407 -0.0023 -0.031408 3.075892 
0.600 -0.03 -0.04 0.0027 0.0027 0.1407 -0.0023 -0.031408 3.075891 
0.601 -0.03 -0.03 0.0027 0.0027 0.1407 -0.0023 -0.031408 3.075893 
0.602 -0.03 -0.03 0.0027 0.0027 0.1407 -0.0023 -0.031408 3.075897 
0.603 -0.03 -0.03 0.0026 0.0027 0.1407 -0.0023 -0.031408 3.075898 
0.604 -0.03 -0.03 0.0026 0.0026 0.1407 -0.0023 -0.031408 3.075897 
0.605 -0.03 -0.03 0.0026 0.0026 0.1407 -0.0023 -0.031408 3.075899 
0.606 -0.03 -0.03 0.0026 0.0026 0.1407 -0.0023 -0.031408 3.075904 
0.607 -0.03 -0.03 0.0026 0.0026 0.1407 -0.0023 -0.031408 3.075907 
0.608 -0.03 -0.03 0.0026 0.0026 0.1407 -0.0023 -0.031408 3.075907 
0.609 -0.03 -0.03 0.0025 0.0026 0.1407 -0.0023 -0.031408 3.075905 
0.610 -0.03 -0.03 0.0025 0.0025 0.1407 -0.0023 -0.031408 3.075904 
0.611 -0.03 -0.03 0.0025 0.0025 0.1407 -0.0023 -0.031408 3.075905 
0.612 -0.03 -0.03 0.0025 0.0025 0.1407 -0.0023 -0.031408 3.075904 
0.613 -0.03 -0.03 0.0025 0.0025 0.1407 -0.0023 -0.031408 3.075901 
0.614 -0.03 -0.03 0.0025 0.0025 0.1407 -0.0023 -0.031408 3.075901 
0.615 -0.03 -0.03 0.0024 0.0025 0.1407 -0.0023 -0.031408 3.075903 
0.616 -0.03 -0.03 0.0024 0.0024 0.1407 -0.0023 -0.031408 3.075906 
0.617 -0.03 -0.03 0.0024 0.0024 0.1407 -0.0023 -0.031408 3.075912 
0.618 -0.03 -0.03 0.0024 0.0024 0.1407 -0.0023 -0.031408 3.075917 
0.619 -0.03 -0.03 0.0024 0.0024 0.1407 -0.0023 -0.031408 3.075917 
0.620 -0.03 -0.03 0.0024 0.0024 0.1407 -0.0023 -0.031408 3.075914 
0.621 -0.03 -0.03 0.0024 0.0024 0.1407 -0.0023 -0.031408 3.075910 
0.622 -0.03 -0.03 0.0023 0.0024 0.1407 -0.0023 -0.031408 3.075914 
0.623 -0.03 -0.03 0.0023 0.0023 0.1407 -0.0023 -0.031408 3.075921 
0.624 -0.03 -0.03 0.0023 0.0023 0.1407 -0.0023 -0.031408 3.075922 
0.625 -0.03 -0.03 0.0023 0.0023 0.1407 -0.0023 -0.031408 3.075919 
0.626 -0.03 -0.03 0.0023 0.0023 0.1407 -0.0023 -0.031408 3.075919 
0.627 -0.03 -0.03 0.0023 0.0023 0.1407 -0.0023 -0.031408 3.075924 
0.628 -0.03 -0.03 0.0023 0.0023 0.1407 -0.0023 -0.031408 3.075929 
0.629 -0.03 -0.03 0.0023 0.0023 0.1407 -0.0023 -0.031408 3.075932 
0.630 -0.03 -0.03 0.0022 0.0023 0.1407 -0.0023 -0.031408 3.075933 
0.631 -0.03 -0.03 0.0022 0.0022 0.1407 -0.0023 -0.031408 3.075936 
0.632 -0.03 -0.03 0.0022 0.0022 0.1407 -0.0023 -0.031408 3.075937 
0.633 -0.03 -0.03 0.0022 0.0022 0.1407 -0.0023 -0.031408 3.075938 
0.634 -0.03 -0.03 0.0022 0.0022 0.1407 -0.0023 -0.031408 3.075938 
0.635 -0.03 -0.03 0.0022 0.0022 0.1407 -0.0023 -0.031408 3.075937 
0.636 -0.03 -0.03 0.0022 0.0022 0.1407 -0.0023 -0.031408 3.075934 
0.637 -0.03 -0.03 0.0022 0.0022 0.1407 -0.0023 -0.031408 3.075933 
0.638 -0.03 -0.03 0.0021 0.0022 0.1407 -0.0023 -0.031408 3.075935 
0.639 -0.03 -0.03 0.0021 0.0021 0.1407 -0.0023 -0.031408 3.075932 
0.640 -0.03 -0.03 0.0021 0.0021 0.1407 -0.0023 -0.031408 3.075929 
0.641 -0.03 -0.03 0.0021 0.0021 0.1407 -0.0023 -0.031408 3.075928 
0.642 -0.03 -0.03 0.0021 0.0021 0.1407 -0.0023 -0.031408 3.075926 
0.643 -0.03 -0.03 0.0021 0.0021 0.1407 -0.0023 -0.031408 3.075922 
0.644 -0.03 -0.03 0.0021 0.0021 0.1407 -0.0023 -0.031408 3.075918 
0.645 -0.03 -0.03 0.0021 0.0021 0.1407 -0.0023 -0.031408 3.075917 
0.646 -0.03 -0.03 0.0021 0.0021 0.1407 -0.0023 -0.031408 3.075918 
0.647 -0.03 -0.03 0.0020 0.0021 0.1407 -0.0023 -0.031408 3.075922 
0.648 -0.03 -0.03 0.0020 0.0020 0.1407 -0.0023 -0.031408 3.075925 
0.649 -0.03 -0.03 0.0020 0.0020 0.1407 -0.0023 -0.031408 3.075928 
0.650 -0.03 -0.03 0.0020 0.0020 0.1407 -0.0023 -0.031408 3.075928 
0.651 -0.03 -0.03 0.0020 0.0020 0.1407 -0.0023 -0.031408 3.075927 
0.652 -0.03 -0.03 0.0020 0.0020 0.1407 -0.0023 -0.031408 3.075928 
0.653 -0.03 -0.03 0.0020 0.0020 0.1407 -0.0023 -0.031408 3.075930 
0.654 -0.03 -0.03 0.0020 0.0020 0.1407 -0.0023 -0.031408 3.075931 
0.655 -0.03 -0.03 0.0020 0.0020 0.1407 -0.0023 -0.031408 3.075927 
0.656 -0.03 -0.03 0.0020 0.0020 0.1407 -0.0023 -0.031408 3.075924 
0.657 -0.03 -0.03 0.0020 0.0020 0.1407 -0.0023 -0.031408 3.075922 
0.658 -0.03 -0.03 0.0019 0.0020 0.1407 -0.0023 -0.031408 3.075922 
0.659 -0.03 -0.03 0.0019 0.0019 0.1407 -0.0023 -0.031408 3.075922 
0.660 -0.02 -0.03 0.0019 0.0019 0.1407 -0.0023 -0.031408 3.075923 
0.661 -0.02 -0.03 0.0019 0.0019 0.1407 -0.0023 -0.031408 3.075923 
0.662 -0.02 -0.02 0.0019 0.0019 0.1407 -0.0023 -0.031408 3.075921 
0.663 -0.02 -0.02 0.0019 0.0019 0.1407 -0.0023 -0.031408 3.075916 
0.664 -0.02 -0.02 0.0019 0.0019 0.1407 -0.0023 -0.031408 3.075913 
0.665 -0.02 -0.02 0.0019 0.0019 0.1407 -0.0023 -0.031408 3.075912 
0.666 -0.02 -0.02 0.0019 0.0019 0.1407 -0.0023 -0.031408 3.075911 
0.667 -0.02 -0.02 0.0019 0.0019 0.1407 -0.0023 -0.031408 3.075907 
0.668 -0.02 -0.02 0.0019 0.0019 0.1407 -0.0023 -0.031408 3.075906 
0.669 -0.02 -0.02 0.0018 0.0019 0.1407 -0.0023 -0.031408 3.075906 
0.670 -0.02 -0.02 0.0018 0.0018 0.1407 -0.0023 -0.031408 3.075902 
0.671 -0.02 -0.02 0.0018 0.0018 0.1407 -0.0023 -0.031408 3.075902 
0.672 -0.02 -0.02 0.0018 0.0018 0.1407 -0.0023 -0.031408 3.075906 
0.673 -0.02 -0.02 0.0018 0.0018 0.1407 -0.0023 -0.031408 3.075908 
0.674 -0.02 -0.02 0.0018 0.0018 0.1407 -0.0023 -0.031408 3.075908 
0.675 -0.02 -0.02 0.0018 0.0018 0.1407 -0.0023 -0.031408 3.075908 
0.676 -0.02 -0.02 0.0018 0.0018 0.1407 -0.0023 -0.031408 3.075912 
0.677 -0.02 -0.02 0.0018 0.0018 0.1407 -0.0023 -0.031408 3.075916 
0.678 -0.02 -0.02 0.0018 0.0018 0.1407 -0.0023 -0.031408 3.075920 
0.679 -0.02 -0.02 0.0018 0.0018 0.1407 -0.0023 -0.031408 3.075922 
0.680 -0.02 -0.02 0.0018 0.0018 0.1407 -0.0023 -0.031408 3.075924 
0.681 -0.02 -0.02 0.0017 0.0018 0.1407 -0.0023 -0.031408 3.075927 
0.682 -0.02 -0.02 0.0017 0.0017 0.1407 -0.0023 -0.031408 3.075930 
0.683 -0.02 -0.02 0.0017 0.0017 0.1407 -0.0023 -0.031408 3.075932 
0.684 -0.02 -0.02 0.0017 0.0017 0.1407 -0.0023 -0.031408 3.075934 
0.685 -0.02 -0.02 0.0017 0.0017 0.1407 -0.0023 -0.031408 3.075939 
0.686 -0.02 -0.02 0.0017 0.0017 0.1407 -0.0023 -0.031408 3.075943 
0.687 -0.02 -0.02 0.0017 0.0017 0.1407 -0.0023 -0.031408 3.075942 
0.688 -0.02 -0.02 0.0017 0.0017 0.1407 -0.0023 -0.031408 3.075940 
0.689 -0.02 -0.02 0.0017 0.0017 0.1407 -0.0023 -0.031408 3.075938 
0.690 -0.02 -0.02 0.0017 0.0017 0.1407 -0.0023 -0.031408 3.075935 
0.691 -0.02 -0.02 0.0017 0.0017 0.1407 -0.0023 -0.031408 3.075932 
0.692 -0.02 -0.02 0.0017 0.0017 0.1407 -0.0023 -0.031408 3.075932 
0.693 -0.02 -0.02 0.0017 0.0017 0.1407 -0.0023 -0.031408 3.075931 
0.694 -0.02 -0.02 0.0017 0.0017 0.1407 -0.0023 -0.031408 3.075929 
0.695 -0.02 -0.02 0.0016 0.0017 0.1407 -0.0023 -0.031408 3.075927 
0.696 -0.02 -0.02 0.0016 0.0016 0.1407 -0.0023 -0.031408 3.075928 
0.697 -0.02 -0.02 0.0016 0.0016 0.1407 -0.0023 -0.031408 3.075927 
0.698 -0.02 -0.02 0.0016 0.0016 0.1407 -0.0023 -0.031408 3.075925 
0.699 -0.02 -0.02 0.0016 0.0016 0.1407 -0.0023 -0.031408 3.075927 
0.700 -0.02 -0.02 0.0016 0.0016 0.1407 -0.0023 -0.031408 3.075934 
0.701 -0.02 -0.02 0.0016 0.0016 0.1407 -0.0023 -0.031408 3.075940 
0.702 -0.02 -0.02 0.0016 0.0016 0.1407 -0.0023 -0.031408 3.075944 
0.703 -0.02 -0.02 0.0016 0.0016 0.1407 -0.0023 -0.031408 3.075947 
0.704 -0.02 -0.02 0.0016 0.0016 0.1407 -0.0023 -0.031408 3.075948 
0.705 -0.02 -0.02 0.0016 0.0016 0.1407 -0.0023 -0.031408 3.075946 
0.706 -0.02 -0.02 0.0016 0.0016 0.1407 -0.0023 -0.031408 3.075940 
0.707 -0.02 -0.02 0.0016 0.0016 0.1407 -0.0023 -0.031408 3.075937 
0.708 -0.02 -0.02 0.0016 0.0016 0.1407 -0.0023 -0.031408 3.075938 
0.709 -0.02 -0.02 0.0016 0.0016 0.1407 -0.0023 -0.031408 3.075943 
0.710 -0.02 -0.02 0.0016 0.0016 0.1407 -0.0023 -0.031408 3.075946 
0.711 -0.02 -0.02 0.0015 0.0016 0.1407 -0.0023 -0.031408 3.075946 
0.712 -0.02 -0.02 0.0015 0.0015 0.1407 -0.0023 -0.031408 3.075944 
0.713 -0.02 -0.02 0.0015 0.0015 0.1407 -0.0023 -0.031408 3.075941 
0.714 -0.02 -0.02 0.0015 0.0015 0.1407 -0.0023 -0.031408 3.075940 
0.715 -0.02 -0.02 0.0015 0.0015 0.1407 -0.0023 -0.031408 3.075938 
0.716 -0.02 -0.02 0.0015 0.0015 0.1407 -0.0023 -0.031408 3.075936 
0.717 -0.02 -0.02 0.0015 0.0015 0.1407 -0.0023 -0.031408 3.075935 
0.718 -0.02 -0.02 0.0015 0.0015 0.1407 -0.0023 -0.031408 3.075935 
0.719 -0.02 -0.02 0.0015 0.0015 0.1407 -0.0023 -0.031408 3.075935 
0.720 -0.02 -0.02 0.0015 0.0015 0.1407 -0.0023 -0.031408 3.075935 
0.721 -0.02 -0.02 0.0015 0.0015 0.1407 -0.0023 -0.031408 3.075936 
0.722 -0.02 -0.02 0.0015 0.0015 0.1407 -0.0023 -0.031408 3.075937 
0.723 -0.02 -0.02 0.0015 0.0015 0.1407 -0.0023 -0.031408 3.075937 
0.724 -0.02 -0.02 0.0015 0.0015 0.1407 -0.0023 -0.031408 3.075936 
0.725 -0.02 -0.02 0.0015 0.0015 0.1407 -0.0023 -0.031408 3.075935 
0.726 -0.02 -0.02 0.0015 0.0015 0.1407 -0.0023 -0.031408 3.075935 
0.727 -0.02 -0.02 0.0015 0.0015 0.1407 -0.0023 -0.031408 3.075935 
0.728 -0.02 -0.02 0.0015 0.0015 0.1407 -0.0023 -0.031408 3.075934 
0.729 -0.02 -0.02 0.0014 0.0015 0.1407 -0.0023 -0.031408 3.075933 
0.730 -0.02 -0.02 0.0014 0.0014 0.1407 -0.0023 -0.031408 3.075934 
0.731 -0.02 -0.02 0.0014 0.0014 0.1407 -0.0023 -0.031408 3.075935 
0.732 -0.02 -0.02 0.0014 0.0014 0.1407 -0.0023 -0.031408 3.075935 
0.733 -0.02 -0.02 0.0014 0.0014 0.1407 -0.0023 -0.031408 3.075935 
0.734 -0.02 -0.02 0.0014 0.0014 0.1407 -0.0023 -0.031408 3.075935 
0.735 -0.02 -0.02 0.0014 0.0014 0.1407 -0.0023 -0.031408 3.075934 
0.736 -0.02 -0.02 0.0014 0.0014 0.1407 -0.0023 -0.031408 3.075933 
0.737 -0.02 -0.02 0.0014 0.0014 0.1407 -0.0023 -0.031408 3.075932 
0.738 -0.02 -0.02 0.0014 0.0014 0.1407 -0.0023 -0.031408 3.075932 
0.739 -0.02 -0.02 0.0014 0.0014 0.1407 -0.0023 -0.031408 3.075933 
0.740 -0.02 -0.02 0.0014 0.0014 0.1407 -0.0023 -0.031408 3.075933 
0.741 -0.02 -0.02 0.0014 0.0014 0.1407 -0.0023 -0.031408 3.075935 
0.742 -0.02 -0.02 0.0014 0.0014 0.1407 -0.0023 -0.031408 3.075939 
0.743 -0.02 -0.02 0.0014 0.0014 0.1407 -0.0023 -0.031408 3.075944 
0.744 -0.02 -0.02 0.0014 0.0014 0.1407 -0.0023 -0.031408 3.075946 
0.745 -0.02 -0.02 0.0014 0.0014 0.1407 -0.0023 -0.031408 3.075944 
0.746 -0.02 -0.02 0.0014 0.0014 0.1407 -0.0023 -0.031408 3.075942 
0.747 -0.02 -0.02 0.0014 0.0014 0.1407 -0.0023 -0.031408 3.075941 
0.748 -0.02 -0.02 0.0014 0.0014 0.1407 -0.0023 -0.031408 3.075939 
0.749 -0.02 -0.02 0.0014 0.0014 0.1407 -0.0023 -0.031408 3.075936 
0.750 -0.02 -0.02 0.0013 0.0014 0.1407 -0.0023 -0.031408 3.075934 
0.751 -0.02 -0.02 0.0013 0.0013 0.1407 -0.0023 -0.031408 3.075933 
0.752 -0.02 -0.02 0.0013 0.0013 0.1407 -0.0023 -0.031408 3.075934 
0.753 -0.02 -0.02 0.0013 0.0013 0.1407 -0.0023 -0.031408 3.075932 
0.754 -0.02 -0.02 0.0013 0.0013 0.1407 -0.0023 -0.031408 3.075931 
0.755 -0.02 -0.02 0.0013 0.0013 0.1407 -0.0023 -0.031408 3.075931 
0.756 -0.02 -0.02 0.0013 0.0013 0.1407 -0.0023 -0.031408 3.075927 
0.757 -0.02 -0.02 0.0013 0.0013 0.1407 -0.0023 -0.031408 3.075923 
0.758 -0.02 -0.02 0.0013 0.0013 0.1407 -0.0023 -0.031408 3.075921 
0.759 -0.02 -0.02 0.0013 0.0013 0.1407 -0.0023 -0.031408 3.075921 
0.760 -0.02 -0.02 0.0013 0.0013 0.1407 -0.0023 -0.031408 3.075924 
0.761 -0.02 -0.02 0.0013 0.0013 0.1407 -0.0023 -0.031408 3.075928 
0.762 -0.02 -0.02 0.0013 0.0013 0.1407 -0.0023 -0.031408 3.075928 
0.763 -0.02 -0.02 0.0013 0.0013 0.1407 -0.0023 -0.031408 3.075923 
0.764 -0.02 -0.02 0.0013 0.0013 0.1407 -0.0023 -0.031408 3.075922 
0.765 -0.02 -0.02 0.0013 0.0013 0.1407 -0.0023 -0.031408 3.075923 
0.766 -0.02 -0.02 0.0013 0.0013 0.1407 -0.0023 -0.031408 3.075923 
0.767 -0.02 -0.02 0.0013 0.0013 0.1407 -0.0023 -0.031408 3.075925 
0.768 -0.02 -0.02 0.0013 0.0013 0.1407 -0.0023 -0.031408 3.075927 
0.769 -0.02 -0.02 0.0013 0.0013 0.1407 -0.0023 -0.031408 3.075928 
0.770 -0.02 -0.02 0.0013 0.0013 0.1407 -0.0023 -0.031408 3.075926 
0.771 -0.02 -0.02 0.0013 0.0013 0.1407 -0.0023 -0.031408 3.075923 
0.772 -0.02 -0.02 0.0013 0.0013 0.1407 -0.0023 -0.031408 3.075921 
0.773 -0.02 -0.02 0.0013 0.0013 0.1407 -0.0023 -0.031408 3.075919 
0.774 -0.02 -0.02 0.0012 0.0013 0.1407 -0.0023 -0.031408 3.075918 
0.775 -0.02 -0.02 0.0012 0.0012 0.1407 -0.0023 -0.031408 3.075917 
0.776 -0.02 -0.02 0.0012 0.0012 0.1407 -0.0023 -0.031408 3.075913 
0.777 -0.02 -0.02 0.0012 0.0012 0.1407 -0.0023 -0.031408 3.075909 
0.778 -0.02 -0.02 0.0012 0.0012 0.1407 -0.0023 -0.031408 3.075904 
0.779 -0.01 -0.02 0.0012 0.0012 0.1407 -0.0023 -0.031408 3.075900 
0.780 -0.01 -0.01 0.0012 0.0012 0.1407 -0.0023 -0.031408 3.075897 
0.781 -0.01 -0.01 0.0012 0.0012 0.1407 -0.0023 -0.031408 3.075893 
0.782 -0.01 -0.01 0.0012 0.0012 0.1407 -0.0023 -0.031408 3.075893 
0.783 -0.01 -0.01 0.0012 0.0012 0.1407 -0.0023 -0.031408 3.075894 
0.784 -0.01 -0.01 0.0012 0.0012 0.1407 -0.0023 -0.031408 3.075896 
0.785 -0.01 -0.01 0.0012 0.0012 0.1407 -0.0023 -0.031408 3.075897 
0.786 -0.01 -0.01 0.0012 0.0012 0.1407 -0.0023 -0.031408 3.075898 
0.787 -0.01 -0.01 0.0012 0.0012 0.1407 -0.0023 -0.031408 3.075898 
0.788 -0.01 -0.01 0.0012 0.0012 0.1407 -0.0023 -0.031408 3.075894 
0.789 -0.01 -0.01 0.0012 0.0012 0.1407 -0.0023 -0.031408 3.075891 
0.790 -0.01 -0.01 0.0012 0.0012 0.1407 -0.0023 -0.031408 3.075892 
0.791 -0.01 -0.01 0.0012 0.0012 0.1407 -0.0023 -0.031408 3.075894 
0.792 -0.01 -0.01 0.0012 0.0012 0.1407 -0.0023 -0.031408 3.075895 
0.793 -0.01 -0.01 0.0012 0.0012 0.1407 -0.0023 -0.031408 3.075892 
0.794 -0.01 -0.01 0.0012 0.0012 0.1407 -0.0023 -0.031408 3.075887 
0.795 -0.01 -0.01 0.0012 0.0012 0.1407 -0.0023 -0.031408 3.075885 
0.796 -0.01 -0.01 0.0012 0.0012 0.1407 -0.0023 -0.031408 3.075886 
0.797 -0.01 -0.01 0.0012 0.0012 0.1407 -0.0023 -0.031408 3.075890 
0.798 -0.01 -0.01 0.0012 0.0012 0.1407 -0.0023 -0.031408 3.075888 
0.799 -0.01 -0.01 0.0012 0.0012 0.1407 -0.0023 -0.031408 3.075883 
0.800 -0.01 -0.01 0.0012 0.0012 0.1407 -0.0023 -0.031408 3.075881 
0.801 -0.01 -0.01 0.0012 0.0012 0.1407 -0.0023 -0.031408 3.075884 
0.802 -0.01 -0.01 0.0011 0.0012 0.1407 -0.0023 -0.031408 3.075890 
0.803 -0.01 -0.01 0.0011 0.0011 0.1407 -0.0023 -0.031408 3.075896 
0.804 -0.01 -0.01 0.0011 0.0011 0.1407 -0.0023 -0.031408 3.075897 
0.805 -0.01 -0.01 0.0011 0.0011 0.1407 -0.0023 -0.031408 3.075894 
0.806 -0.01 -0.01 0.0011 0.0011 0.1407 -0.0023 -0.031408 3.075889 
0.807 -0.01 -0.01 0.0011 0.0011 0.1407 -0.0023 -0.031408 3.075885 
0.808 -0.01 -0.01 0.0011 0.0011 0.1407 -0.0023 -0.031408 3.075886 
0.809 -0.01 -0.01 0.0011 0.0011 0.1407 -0.0023 -0.031408 3.075891 
0.810 -0.01 -0.01 0.0011 0.0011 0.1407 -0.0023 -0.031408 3.075896 
0.811 -0.01 -0.01 0.0011 0.0011 0.1407 -0.0023 -0.031408 3.075898 
0.812 -0.01 -0.01 0.0011 0.0011 0.1407 -0.0023 -0.031408 3.075899 
0.813 -0.01 -0.01 0.0011 0.0011 0.1407 -0.0023 -0.031408 3.075899 
0.814 -0.01 -0.01 0.0011 0.0011 0.1407 -0.0023 -0.031408 3.075900 
0.815 -0.01 -0.01 0.0011 0.0011 0.1407 -0.0023 -0.031408 3.075901 
0.816 -0.01 -0.01 0.0011 0.0011 0.1407 -0.0023 -0.031408 3.075901 
0.817 -0.01 -0.01 0.0011 0.0011 0.1407 -0.0023 -0.031408 3.075902 
0.818 -0.01 -0.01 0.0011 0.0011 0.1407 -0.0023 -0.031408 3.075903 
0.819 -0.01 -0.01 0.0011 0.0011 0.1407 -0.0023 -0.031408 3.075904 
0.820 -0.01 -0.01 0.0011 0.0011 0.1407 -0.0023 -0.031408 3.075905 
0.821 -0.01 -0.01 0.0011 0.0011 0.1407 -0.0023 -0.031408 3.075905 
0.822 -0.01 -0.01 0.0011 0.0011 0.1407 -0.0023 -0.031408 3.075903 
0.823 -0.01 -0.01 0.0011 0.0011 0.1407 -0.0023 -0.031408 3.075900 
0.824 -0.01 -0.01 0.0011 0.0011 0.1407 -0.0023 -0.031408 3.075899 
0.825 -0.01 -0.01 0.0011 0.0011 0.1407 -0.0023 -0.031408 3.075901 
0.826 -0.01 -0.01 0.0011 0.0011 0.1407 -0.0023 -0.031408 3.075904 
0.827 -0.01 -0.01 0.0011 0.0011 0.1407 -0.0023 -0.031408 3.075902 
0.828 -0.01 -0.01 0.0011 0.0011 0.1407 -0.0023 -0.031408 3.075900 
0.829 -0.01 -0.01 0.0011 0.0011 0.1407 -0.0023 -0.031408 3.075899 
0.830 -0.01 -0.01 0.0011 0.0011 0.1407 -0.0023 -0.031408 3.075898 
0.831 -0.01 -0.01 0.0011 0.0011 0.1407 -0.0023 -0.031408 3.075897 
0.832 -0.01 -0.01 0.0011 0.0011 0.1407 -0.0023 -0.031408 3.075898 
0.833 -0.01 -0.01 0.0011 0.0011 0.1407 -0.0023 -0.031408 3.075900 
0.834 -0.01 -0.01 0.0011 0.0011 0.1407 -0.0023 -0.031408 3.075899 
0.835 -0.01 -0.01 0.0011 0.0011 0.1407 -0.0023 -0.031408 3.075893 
0.836 -0.01 -0.01 0.0010 0.0011 0.1407 -0.0023 -0.031408 3.075887 
0.837 -0.01 -0.01 0.0010 0.0010 0.1407 -0.0023 -0.031408 3.075884 
0.838 -0.01 -0.01 0.0010 0.0010 0.1407 -0.0023 -0.031408 3.075884 
0.839 -0.01 -0.01 0.0010 0.0010 0.1407 -0.0023 -0.031408 3.075888 
0.840 -0.01 -0.01 0.0010 0.0010 0.1407 -0.0023 -0.031408 3.075892 
0.841 -0.01 -0.01 0.0010 0.0010 0.1407 -0.0023 -0.031408 3.075895 
0.842 -0.01 -0.01 0.0010 0.0010 0.1407 -0.0023 -0.031408 3.075896 
0.843 -0.01 -0.01 0.0010 0.0010 0.1407 -0.0023 -0.031408 3.075896 
0.844 -0.01 -0.01 0.0010 0.0010 0.1407 -0.0023 -0.031408 3.075895 
0.845 -0.01 -0.01 0.0010 0.0010 0.1407 -0.0023 -0.031408 3.075896 
0.846 -0.01 -0.01 0.0010 0.0010 0.1407 -0.0023 -0.031408 3.075896 
0.847 -0.01 -0.01 0.0010 0.0010 0.1407 -0.0023 -0.031408 3.075895 
0.848 -0.01 -0.01 0.0010 0.0010 0.1407 -0.0023 -0.031408 3.075891 
0.849 -0.01 -0.01 0.0010 0.0010 0.1407 -0.0023 -0.031408 3.075885 
0.850 -0.01 -0.01 0.0010 0.0010 0.1407 -0.0023 -0.031408 3.075882 
0.851 -0.01 -0.01 0.0010 0.0010 0.1407 -0.0023 -0.031408 3.075881 
0.852 -0.01 -0.01 0.0010 0.0010 0.1407 -0.0023 -0.031408 3.075879 
0.853 -0.01 -0.01 0.0010 0.0010 0.1407 -0.0023 -0.031408 3.075878 
0.854 -0.01 -0.01 0.0010 0.0010 0.1407 -0.0023 -0.031408 3.075879 
0.855 -0.01 -0.01 0.0010 0.0010 0.1407 -0.0023 -0.031408 3.075880 
0.856 -0.01 -0.01 0.0010 0.0010 0.1407 -0.0023 -0.031408 3.075880 
0.857 -0.01 -0.01 0.0010 0.0010 0.1407 -0.0023 -0.031408 3.075876 
0.858 -0.01 -0.01 0.0010 0.0010 0.1407 -0.0023 -0.031408 3.075872 
0.859 -0.01 -0.01 0.0010 0.0010 0.1407 -0.0023 -0.031408 3.075869 
0.860 -0.01 -0.01 0.0010 0.0010 0.1407 -0.0023 -0.031408 3.075868 
0.861 -0.01 -0.01 0.0010 0.0010 0.1407 -0.0023 -0.031408 3.075866 
0.862 -0.01 -0.01 0.0010 0.0010 0.1407 -0.0023 -0.031408 3.075863 
0.863 -0.01 -0.01 0.0010 0.0010 0.1407 -0.0023 -0.031408 3.075864 
0.864 -0.01 -0.01 0.0010 0.0010 0.1407 -0.0023 -0.031408 3.075865 
0.865 -0.01 -0.01 0.0010 0.0010 0.1407 -0.0023 -0.031408 3.075863 
0.866 -0.01 -0.01 0.0010 0.0010 0.1407 -0.0023 -0.031408 3.075856 
0.867 -0.01 -0.01 0.0010 0.0010 0.1407 -0.0023 -0.031408 3.075849 
0.868 -0.01 -0.01 0.0010 0.0010 0.1407 -0.0023 -0.031408 3.075845 
0.869 -0.01 -0.01 0.0010 0.0010 0.1407 -0.0023 -0.031408 3.075844 
0.870 -0.01 -0.01 0.0010 0.0010 0.1407 -0.0023 -0.031408 3.075843 
0.871 -0.01 -0.01 0.0010 0.0010 0.1407 -0.0023 -0.031408 3.075844 
0.872 -0.01 -0.01 0.0010 0.0010 0.1407 -0.0023 -0.031408 3.075848 
0.873 -0.01 -0.01 0.0010 0.0010 0.1407 -0.0023 -0.031408 3.075852 
0.874 -0.01 -0.01 0.0010 0.0010 0.1407 -0.0023 -0.031408 3.075856 
0.875 -0.01 -0.01 0.0010 0.0010 0.1407 -0.0023 -0.031408 3.075862 
0.876 -0.01 -0.01 0.0010 0.0010 0.1407 -0.0023 -0.031408 3.075868 
0.877 -0.01 -0.01 0.0009 0.0010 0.1407 -0.0023 -0.031408 3.075871 
0.878 -0.01 -0.01 0.0009 0.0009 0.1407 -0.0023 -0.031408 3.075870 
0.879 -0.01 -0.01 0.0009 0.0009 0.1407 -0.0023 -0.031408 3.075871 
0.880 -0.01 -0.01 0.0009 0.0009 0.1407 -0.0023 -0.031408 3.075870 
0.881 -0.01 -0.01 0.0009 0.0009 0.1407 -0.0023 -0.031408 3.075867 
0.882 -0.01 -0.01 0.0009 0.0009 0.1407 -0.0023 -0.031408 3.075867 
0.883 -0.01 -0.01 0.0009 0.0009 0.1407 -0.0023 -0.031408 3.075867 
0.884 -0.01 -0.01 0.0009 0.0009 0.1407 -0.0023 -0.031408 3.075869 
0.885 -0.01 -0.01 0.0009 0.0009 0.1407 -0.0023 -0.031408 3.075873 
0.886 -0.01 -0.01 0.0009 0.0009 0.1407 -0.0023 -0.031408 3.075876 
0.887 -0.01 -0.01 0.0009 0.0009 0.1407 -0.0023 -0.031408 3.075877 
0.888 -0.01 -0.01 0.0009 0.0009 0.1407 -0.0023 -0.031408 3.075878 
0.889 -0.01 -0.01 0.0009 0.0009 0.1407 -0.0023 -0.031408 3.075879 
0.890 -0.01 -0.01 0.0009 0.0009 0.1407 -0.0023 -0.031408 3.075878 
0.891 -0.01 -0.01 0.0009 0.0009 0.1407 -0.0023 -0.031408 3.075879 
0.892 -0.01 -0.01 0.0009 0.0009 0.1407 -0.0023 -0.031408 3.075881 
0.893 -0.01 -0.01 0.0009 0.0009 0.1407 -0.0023 -0.031408 3.075882 
0.894 -0.01 -0.01 0.0009 0.0009 0.1407 -0.0023 -0.031408 3.075880 
0.895 -0.01 -0.01 0.0009 0.0009 0.1407 -0.0023 -0.031408 3.075877 
0.896 -0.01 -0.01 0.0009 0.0009 0.1407 -0.0023 -0.031408 3.075872 
0.897 -0.01 -0.01 0.0009 0.0009 0.1407 -0.0023 -0.031408 3.075868 
0.898 -0.01 -0.01 0.0009 0.0009 0.1407 -0.0023 -0.031408 3.075869 
0.899 -0.01 -0.01 0.0009 0.0009 0.1407 -0.0023 -0.031408 3.075871 
0.900 -0.01 -0.01 0.0009 0.0009 0.1407 -0.0023 -0.031408 3.075868 
0.901 -0.01 -0.01 0.0009 0.0009 0.1407 -0.0023 -0.031408 3.075863 
0.902 -0.01 -0.01 0.0009 0.0009 0.1407 -0.0023 -0.031408 3.075861 
0.903 -0.01 -0.01 0.0009 0.0009 0.1407 -0.0023 -0.031408 3.075862 
0.904 -0.01 -0.01 0.0009 0.0009 0.1407 -0.0023 -0.031408 3.075864 
0.905 -0.01 -0.01 0.0009 0.0009 0.1407 -0.0023 -0.031408 3.075866 
0.906 -0.01 -0.01 0.0009 0.0009 0.1407 -0.0023 -0.031408 3.075867 
0.907 -0.01 -0.01 0.0009 0.0009 0.1407 -0.0023 -0.031408 3.075870 
0.908 -0.01 -0.01 0.0009 0.0009 0.1407 -0.0023 -0.031408 3.075872 
0.909 -0.01 -0.01 0.0009 0.0009 0.1407 -0.0023 -0.031408 3.075875 
0.910 -0.01 -0.01 0.0009 0.0009 0.1407 -0.0023 -0.031408 3.075876 
0.911 -0.01 -0.01 0.0009 0.0009 0.1407 -0.0023 -0.031408 3.075878 
0.912 -0.01 -0.01 0.0009 0.0009 0.1407 -0.0023 -0.031408 3.075880 
0.913 -0.01 -0.01 0.0009 0.0009 0.1407 -0.0023 -0.031408 3.075881 
0.914 -0.01 -0.01 0.0009 0.0009 0.1407 -0.0023 -0.031408 3.075879 
0.915 -0.01 -0.01 0.0009 0.0009 0.1407 -0.0023 -0.031408 3.075878 
0.916 -0.01 -0.01 0.0009 0.0009 0.1407 -0.0023 -0.031408 3.075876 
0.917 -0.01 -0.01 0.0009 0.0009 0.1407 -0.0023 -0.031408 3.075871 
0.918 -0.01 -0.01 0.0009 0.0009 0.1407 -0.0023 -0.031408 3.075868 
0.919 -0.01 -0.01 0.0009 0.0009 0.1407 -0.0023 -0.031408 3.075868 
0.920 -0.01 -0.01 0.0009 0.0009 0.1407 -0.0023 -0.031408 3.075871 
0.921 -0.01 -0.01 0.0009 0.0009 0.1407 -0.0023 -0.031408 3.075872 
0.922 -0.01 -0.01 0.0009 0.0009 0.1407 -0.0023 -0.031408 3.075870 
0.923 -0.01 -0.01 0.0009 0.0009 0.1407 -0.0023 -0.031408 3.075870 
0.924 -0.01 -0.01 0.0009 0.0009 0.1407 -0.0023 -0.031408 3.075872 
0.925 -0.01 -0.01 0.0009 0.0009 0.1407 -0.0023 -0.031408 3.075876 
0.926 -0.01 -0.01 0.0009 0.0009 0.1407 -0.0023 -0.031408 3.075876 
0.927 -0.01 -0.01 0.0008 0.0009 0.1407 -0.0023 -0.031408 3.075874 
0.928 -0.01 -0.01 0.0008 0.0008 0.1407 -0.0023 -0.031408 3.075874 
0.929 -0.01 -0.01 0.0008 0.0008 0.1407 -0.0023 -0.031408 3.075877 
0.930 -0.01 -0.01 0.0008 0.0008 0.1407 -0.0023 -0.031408 3.075878 
0.931 -0.01 -0.01 0.0008 0.0008 0.1407 -0.0023 -0.031408 3.075876 
0.932 -0.01 -0.01 0.0008 0.0008 0.1407 -0.0023 -0.031408 3.075875 
0.933 -0.01 -0.01 0.0008 0.0008 0.1407 -0.0023 -0.031408 3.075876 
0.934 -0.01 -0.01 0.0008 0.0008 0.1407 -0.0023 -0.031408 3.075878 
0.935 -0.01 -0.01 0.0008 0.0008 0.1407 -0.0023 -0.031408 3.075879 
