%% logfile from robot Freja (4)
% Freja (4)
%  1    time 0.000 sec
%  2  3 Motor voltage [V] left, right: 4.50 4.50
%  4  5 Wheel velocity [m/s] left, right: -0.0000 -0.0000
%  6  7  8  9 Pose x,y,h,tilt [m,m,rad,rad]: 0 0 0 3.07698
0.000 4.50 4.50 -0.0000 -0.0000 0.0000 0.0000 0.000000 3.076983 
0.001 4.50 4.50 -0.0000 -0.0000 0.0000 0.0000 0.000000 3.076984 
0.002 4.50 4.50 -0.0000 -0.0000 0.0000 0.0000 0.000000 3.076983 
0.003 4.50 4.50 -0.0000 -0.0000 0.0000 0.0000 0.000000 3.076982 
0.004 4.50 4.50 -0.0000 -0.0000 0.0000 0.0000 0.000000 3.076983 
0.005 4.50 4.50 -0.0000 0.0000 0.0002 0.0000 0.002617 3.076985 
0.006 4.50 4.50 0.0000 0.0000 0.0004 0.0000 0.000000 3.076985 
0.007 4.50 4.50 0.0000 0.0000 0.0004 0.0000 0.000000 3.076991 
0.008 1.77 2.27 0.1818 0.1483 0.0008 0.0000 0.000000 3.077004 
0.009 1.77 2.27 0.1818 0.1483 0.0010 0.0000 0.002617 3.077016 
0.010 0.93 1.25 0.2381 0.2169 0.0012 0.0000 0.000000 3.077019 
0.011 0.33 0.83 0.2777 0.2447 0.0016 0.0000 0.000000 3.077013 
0.012 0.33 0.83 0.2777 0.2447 0.0016 0.0000 0.000000 3.077028 
0.013 0.53 0.72 0.2644 0.2522 0.0020 0.0000 0.000000 3.077072 
0.014 0.47 0.45 0.2684 0.2700 0.0024 0.0000 0.000000 3.077079 
0.015 0.47 0.45 0.2684 0.2700 0.0024 0.0000 0.000000 3.077015 
0.016 0.62 0.74 0.2583 0.2508 0.0028 0.0000 0.000000 3.076962 
0.017 0.62 0.74 0.2583 0.2508 0.0028 0.0000 0.000000 3.076962 
0.018 1.01 0.81 0.2325 0.2457 0.0032 0.0000 0.000000 3.077000 
0.019 0.74 0.97 0.2503 0.2354 0.0037 0.0000 0.000000 3.077047 
0.020 0.74 0.97 0.2503 0.2354 0.0037 0.0000 0.000000 3.077063 
0.021 0.58 0.75 0.2614 0.2500 0.0041 0.0000 0.000000 3.077042 
0.022 0.66 0.75 0.2560 0.2500 0.0041 0.0000 0.000000 3.077008 
0.023 0.92 0.98 0.2385 0.2347 0.0045 0.0000 0.000000 3.076991 
0.024 1.14 1.06 0.2237 0.2292 0.0049 0.0000 0.000000 3.076997 
0.025 1.14 1.06 0.2237 0.2292 0.0049 0.0000 0.000000 3.077020 
0.026 1.03 1.09 0.2316 0.2275 0.0053 0.0000 0.000000 3.077045 
0.027 1.03 1.09 0.2316 0.2275 0.0053 0.0000 0.000000 3.077055 
0.028 0.76 0.97 0.2493 0.2354 0.0057 0.0000 0.000000 3.077042 
0.029 0.89 0.97 0.2404 0.2354 0.0059 0.0000 -0.002617 3.077019 
0.030 0.93 1.04 0.2382 0.2305 0.0061 0.0000 0.000000 3.077008 
0.031 0.87 1.00 0.2418 0.2330 0.0065 0.0000 0.000000 3.077014 
0.032 0.87 1.00 0.2418 0.2330 0.0065 0.0000 0.000000 3.077021 
0.033 0.82 1.06 0.2449 0.2294 0.0069 0.0000 0.000000 3.077025 
0.034 0.82 1.06 0.2449 0.2294 0.0069 0.0000 0.000000 3.077029 
0.035 0.95 0.87 0.2368 0.2419 0.0073 0.0000 0.000000 3.077031 
0.036 0.94 0.87 0.2372 0.2419 0.0075 0.0000 -0.002617 3.077026 
0.037 0.94 0.97 0.2372 0.2352 0.0077 0.0000 0.000000 3.077013 
0.038 0.82 0.94 0.2454 0.2377 0.0081 0.0000 0.000000 3.077006 
0.039 0.82 0.94 0.2454 0.2377 0.0081 0.0000 0.000000 3.077012 
0.040 1.00 1.03 0.2332 0.2314 0.0085 0.0000 0.000000 3.077025 
0.041 1.05 1.03 0.2296 0.2314 0.0087 -0.0000 -0.002617 3.077027 
0.042 1.05 0.77 0.2296 0.2489 0.0089 -0.0000 0.000000 3.077013 
0.043 1.02 1.03 0.2320 0.2310 0.0093 -0.0000 0.000000 3.076996 
0.044 1.02 1.03 0.2320 0.2310 0.0093 -0.0000 0.000000 3.076993 
0.045 0.91 1.00 0.2395 0.2335 0.0097 -0.0000 0.000000 3.077003 
0.046 0.91 1.00 0.2395 0.2335 0.0097 -0.0000 0.000000 3.077013 
0.047 0.90 1.07 0.2399 0.2289 0.0101 -0.0000 0.000000 3.077016 
0.048 0.96 1.07 0.2358 0.2289 0.0103 -0.0000 -0.002617 3.077014 
0.049 0.96 0.98 0.2358 0.2344 0.0105 -0.0000 0.000000 3.077013 
0.050 1.00 0.98 0.2335 0.2345 0.0110 -0.0000 0.000000 3.077015 
0.051 1.00 0.98 0.2335 0.2345 0.0110 -0.0000 0.000000 3.077017 
0.052 1.06 0.68 0.2296 0.2547 0.0114 -0.0000 0.000000 3.077013 
0.053 1.06 0.68 0.2296 0.2547 0.0114 -0.0000 0.000000 3.077007 
0.054 1.01 1.09 0.2329 0.2275 0.0118 -0.0000 0.000000 3.077006 
0.055 1.09 1.09 0.2270 0.2275 0.0120 -0.0000 -0.002617 3.077011 
0.056 1.09 1.22 0.2270 0.2186 0.0122 -0.0000 0.000000 3.077013 
0.057 0.94 1.21 0.2372 0.2192 0.0126 -0.0000 0.000000 3.077011 
0.058 0.94 1.21 0.2372 0.2192 0.0126 -0.0000 0.000000 3.077006 
0.059 0.75 1.01 0.2500 0.2324 0.0130 -0.0000 0.000000 3.077005 
0.060 0.78 1.01 0.2480 0.2324 0.0132 -0.0000 -0.002617 3.077008 
0.061 0.78 1.24 0.2480 0.2172 0.0134 -0.0000 0.000000 3.077013 
0.062 0.84 1.24 0.2439 0.2172 0.0136 -0.0000 -0.002617 3.077016 
0.063 0.84 1.29 0.2439 0.2137 0.0138 -0.0000 0.000000 3.077016 
0.064 0.91 1.29 0.2394 0.2137 0.0140 -0.0000 -0.002617 3.077016 
0.065 0.83 1.13 0.2444 0.2249 0.0144 -0.0000 -0.002617 3.077012 
0.066 0.83 1.13 0.2444 0.2249 0.0144 -0.0000 -0.002617 3.077007 
0.067 1.04 0.99 0.2306 0.2343 0.0148 -0.0000 -0.002617 3.077003 
0.068 1.04 1.08 0.2306 0.2280 0.0150 -0.0000 0.000000 3.077004 
0.069 1.11 1.08 0.2257 0.2280 0.0152 -0.0000 -0.002617 3.077011 
0.070 1.11 0.80 0.2257 0.2464 0.0154 -0.0000 0.000000 3.077017 
0.071 1.06 0.80 0.2292 0.2464 0.0156 -0.0000 -0.002617 3.077018 
0.072 0.96 1.10 0.2361 0.2263 0.0160 -0.0000 -0.002617 3.077018 
0.073 0.96 1.01 0.2361 0.2324 0.0162 -0.0000 0.000000 3.077017 
0.074 0.95 1.01 0.2365 0.2324 0.0164 -0.0000 -0.002617 3.077023 
0.075 0.95 1.25 0.2365 0.2163 0.0166 -0.0000 0.000000 3.077038 
0.076 1.12 1.25 0.2253 0.2163 0.0168 -0.0000 -0.002617 3.077046 
0.077 1.12 1.20 0.2253 0.2200 0.0170 -0.0000 0.000000 3.077037 
0.078 1.04 1.20 0.2308 0.2200 0.0172 -0.0000 -0.002617 3.077020 
0.079 0.83 1.12 0.2444 0.2254 0.0176 -0.0000 -0.002617 3.077006 
0.080 0.83 1.12 0.2444 0.2254 0.0176 -0.0000 -0.002617 3.077005 
0.081 0.99 1.09 0.2341 0.2276 0.0181 -0.0000 -0.002617 3.077013 
0.082 0.99 1.09 0.2341 0.2276 0.0181 -0.0000 -0.002617 3.077018 
0.083 1.11 1.10 0.2261 0.2267 0.0185 -0.0000 -0.002617 3.077017 
0.084 1.11 0.85 0.2261 0.2432 0.0187 -0.0000 0.000000 3.077012 
0.085 0.98 0.85 0.2346 0.2432 0.0189 -0.0000 -0.002617 3.077006 
0.086 0.96 1.04 0.2357 0.2306 0.0193 -0.0000 -0.002617 3.077003 
0.087 0.96 1.04 0.2357 0.2306 0.0193 -0.0000 -0.002617 3.077003 
0.088 0.82 1.14 0.2452 0.2240 0.0197 -0.0000 -0.002617 3.077004 
0.089 0.65 1.14 0.2568 0.2240 0.0199 -0.0000 -0.005235 3.077007 
0.090 0.65 1.09 0.2568 0.2270 0.0201 -0.0000 -0.002617 3.077008 
0.091 0.92 0.95 0.2389 0.2366 0.0205 -0.0000 -0.002617 3.077011 
0.092 0.92 0.95 0.2389 0.2366 0.0205 -0.0000 -0.002617 3.077013 
0.093 0.73 0.98 0.2510 0.2348 0.0209 -0.0000 -0.002617 3.077008 
0.094 0.90 0.98 0.2399 0.2348 0.0209 -0.0000 -0.002617 3.077001 
0.095 1.03 0.94 0.2316 0.2372 0.0213 -0.0000 -0.002617 3.076995 
0.096 1.01 1.03 0.2327 0.2316 0.0215 -0.0000 -0.005235 3.076992 
0.097 1.01 1.08 0.2327 0.2280 0.0217 -0.0000 -0.002617 3.076992 
0.098 1.06 0.92 0.2293 0.2385 0.0221 -0.0000 -0.002617 3.076990 
0.099 1.06 0.92 0.2293 0.2385 0.0221 -0.0000 -0.002617 3.076985 
0.100 1.30 1.14 0.2133 0.2240 0.0225 -0.0000 -0.002617 3.076984 
0.101 1.30 1.14 0.2133 0.2240 0.0225 -0.0000 -0.002617 3.076988 
0.102 0.98 1.14 0.2344 0.2237 0.0229 -0.0000 -0.002617 3.076996 
0.103 0.72 1.14 0.2520 0.2237 0.0231 -0.0000 -0.005235 3.077001 
0.104 0.72 1.18 0.2520 0.2210 0.0233 -0.0000 -0.002617 3.076995 
0.105 0.95 0.89 0.2364 0.2408 0.0237 -0.0000 -0.002617 3.076987 
0.106 0.95 0.89 0.2364 0.2408 0.0237 -0.0000 -0.002617 3.076985 
0.107 1.11 1.04 0.2256 0.2303 0.0241 -0.0000 -0.002617 3.076988 
0.108 1.11 1.04 0.2256 0.2303 0.0241 -0.0000 -0.002617 3.076995 
0.109 1.00 1.10 0.2332 0.2268 0.0245 -0.0000 -0.002617 3.077000 
0.110 0.77 1.10 0.2487 0.2268 0.0247 -0.0000 -0.005235 3.077000 
0.111 0.77 1.08 0.2487 0.2279 0.0249 -0.0000 -0.002617 3.076995 
0.112 0.94 0.95 0.2375 0.2369 0.0254 -0.0000 -0.002617 3.076987 
0.113 0.94 0.95 0.2375 0.2369 0.0254 -0.0000 -0.002617 3.076983 
0.114 0.89 1.02 0.2406 0.2319 0.0258 -0.0000 -0.002617 3.076985 
0.115 0.84 1.02 0.2442 0.2319 0.0260 -0.0000 -0.005235 3.076989 
0.116 0.84 0.98 0.2442 0.2345 0.0262 -0.0000 -0.002617 3.076992 
0.117 0.96 0.98 0.2359 0.2345 0.0264 -0.0000 -0.005235 3.076993 
0.118 0.96 1.05 0.2359 0.2300 0.0266 -0.0000 -0.002617 3.076993 
0.119 0.95 0.87 0.2364 0.2419 0.0270 -0.0000 -0.002617 3.076990 
0.120 0.82 0.87 0.2456 0.2419 0.0272 -0.0000 -0.005235 3.076989 
0.121 0.82 0.99 0.2456 0.2339 0.0274 -0.0000 -0.002617 3.076990 
0.122 0.99 0.99 0.2336 0.2339 0.0276 -0.0000 -0.005235 3.076992 
0.123 0.99 0.96 0.2336 0.2360 0.0278 -0.0000 -0.002617 3.076993 
0.124 1.05 0.96 0.2302 0.2360 0.0280 -0.0000 -0.005235 3.076991 
0.125 1.05 1.05 0.2302 0.2297 0.0282 -0.0000 -0.002617 3.076992 
0.126 1.01 0.79 0.2328 0.2472 0.0286 -0.0000 -0.002617 3.076992 
0.127 0.91 0.79 0.2395 0.2472 0.0288 -0.0000 -0.005235 3.076990 
0.128 0.91 1.06 0.2395 0.2293 0.0290 -0.0000 -0.002617 3.076987 
0.129 0.92 1.06 0.2390 0.2293 0.0292 -0.0000 -0.005235 3.076987 
0.130 0.92 1.04 0.2390 0.2306 0.0294 -0.0000 -0.002617 3.076990 
0.131 0.99 1.07 0.2342 0.2288 0.0296 -0.0000 -0.005235 3.076988 
0.132 1.02 1.11 0.2321 0.2260 0.0300 -0.0000 -0.005235 3.076979 
0.133 1.02 1.01 0.2321 0.2328 0.0302 -0.0000 -0.002617 3.076971 
0.134 1.07 1.01 0.2288 0.2328 0.0304 -0.0001 -0.005235 3.076964 
0.135 1.07 0.99 0.2288 0.2339 0.0306 -0.0001 -0.002617 3.076962 
0.136 1.00 0.99 0.2330 0.2339 0.0308 -0.0001 -0.005235 3.076962 
0.137 1.00 0.67 0.2330 0.2551 0.0310 -0.0001 -0.002617 3.076962 
0.138 1.09 1.07 0.2273 0.2284 0.0314 -0.0001 -0.002617 3.076962 
0.139 0.95 1.07 0.2368 0.2284 0.0316 -0.0001 -0.005235 3.076958 
0.140 0.95 1.20 0.2368 0.2202 0.0318 -0.0001 -0.002617 3.076949 
0.141 0.78 1.20 0.2479 0.2202 0.0320 -0.0001 -0.005235 3.076944 
0.142 0.78 1.18 0.2479 0.2215 0.0323 -0.0001 -0.002617 3.076942 
0.143 0.82 1.18 0.2454 0.2215 0.0325 -0.0001 -0.005235 3.076942 
0.144 0.88 0.98 0.2410 0.2343 0.0329 -0.0001 -0.005235 3.076945 
0.145 0.88 0.98 0.2410 0.2343 0.0329 -0.0001 -0.005235 3.076947 
0.146 0.95 1.22 0.2368 0.2188 0.0333 -0.0001 -0.005235 3.076950 
0.147 0.95 1.26 0.2368 0.2162 0.0335 -0.0001 -0.002617 3.076950 
0.148 0.86 1.27 0.2428 0.2153 0.0337 -0.0001 -0.005235 3.076947 
0.149 0.87 1.11 0.2422 0.2256 0.0339 -0.0001 -0.002617 3.076946 
0.150 0.99 1.11 0.2339 0.2256 0.0341 -0.0001 -0.005235 3.076946 
0.151 4.03 3.98 0.2314 0.2344 0.0345 -0.0001 -0.005235 3.076946 
0.152 4.03 3.98 0.2314 0.2344 0.0345 -0.0001 -0.005235 3.076949 
0.153 3.93 4.06 0.2382 0.2293 0.0349 -0.0001 -0.005235 3.076953 
0.154 3.93 3.44 0.2382 0.2709 0.0351 -0.0001 -0.002617 3.076955 
0.155 3.47 3.44 0.2687 0.2709 0.0353 -0.0001 -0.005235 3.076954 
0.156 2.99 3.20 0.3004 0.2867 0.0357 -0.0001 -0.005235 3.076948 
0.157 2.76 2.44 0.3158 0.3370 0.0361 -0.0001 -0.005235 3.076941 
0.158 2.17 2.38 0.3552 0.3415 0.0365 -0.0001 -0.005235 3.076940 
0.159 1.56 2.08 0.3962 0.3609 0.0369 -0.0001 -0.005235 3.076952 
0.160 1.77 2.05 0.3817 0.3635 0.0373 -0.0001 -0.005235 3.076967 
0.161 1.88 1.98 0.3745 0.3678 0.0377 -0.0001 -0.005235 3.076986 
0.162 1.88 1.98 0.3745 0.3678 0.0379 -0.0001 -0.007852 3.077026 
0.163 1.58 1.89 0.3944 0.3739 0.0381 -0.0001 -0.005235 3.077037 
0.164 1.56 1.43 0.3958 0.4044 0.0387 -0.0001 -0.007852 3.076991 
0.165 1.01 1.70 0.4324 0.3867 0.0391 -0.0001 -0.007852 3.076936 
0.166 1.37 1.80 0.4083 0.3797 0.0396 -0.0001 -0.007852 3.076909 
0.167 0.93 1.67 0.4381 0.3887 0.0400 -0.0001 -0.007852 3.076932 
0.168 1.38 1.45 0.4077 0.4031 0.0404 -0.0001 -0.007852 3.076976 
0.169 1.38 1.54 0.4081 0.3975 0.0408 -0.0001 -0.007852 3.076983 
0.170 1.51 1.47 0.3991 0.4020 0.0412 -0.0001 -0.007852 3.076954 
0.171 2.00 1.63 0.3670 0.3913 0.0416 -0.0001 -0.007852 3.076933 
0.172 1.47 1.27 0.4021 0.4153 0.0420 -0.0001 -0.007852 3.076939 
0.173 1.07 1.63 0.4283 0.3914 0.0424 -0.0001 -0.007852 3.076956 
0.174 1.47 1.63 0.4019 0.3914 0.0428 -0.0001 -0.007852 3.076970 
0.175 1.69 1.74 0.3872 0.3842 0.0432 -0.0001 -0.007852 3.076977 
0.176 1.69 1.29 0.3872 0.4141 0.0436 -0.0001 -0.007852 3.076977 
0.177 1.14 1.64 0.4238 0.3904 0.0440 -0.0001 -0.007852 3.076976 
0.178 1.48 1.75 0.4014 0.3832 0.0444 -0.0001 -0.007852 3.076972 
0.179 1.42 1.70 0.4052 0.3868 0.0448 -0.0001 -0.007852 3.076964 
0.180 1.40 1.46 0.4066 0.4024 0.0452 -0.0001 -0.007852 3.076962 
0.181 1.55 1.60 0.3964 0.3935 0.0456 -0.0001 -0.007852 3.076967 
0.182 1.58 1.54 0.3948 0.3973 0.0460 -0.0001 -0.007852 3.076969 
0.183 1.16 1.63 0.4225 0.3910 0.0465 -0.0002 -0.007852 3.076965 
0.184 1.44 1.32 0.4040 0.4120 0.0469 -0.0002 -0.007852 3.076962 
0.185 1.53 1.55 0.3976 0.3967 0.0473 -0.0002 -0.007852 3.076958 
0.186 1.53 1.50 0.3976 0.3999 0.0477 -0.0002 -0.007852 3.076948 
0.187 1.51 1.63 0.3996 0.3913 0.0481 -0.0002 -0.007852 3.076945 
0.188 1.40 1.09 0.4070 0.4271 0.0485 -0.0002 -0.007852 3.076957 
0.189 1.42 1.58 0.4052 0.3943 0.0489 -0.0002 -0.007852 3.076968 
0.190 1.48 1.51 0.4011 0.3993 0.0493 -0.0002 -0.007852 3.076968 
0.191 1.46 1.66 0.4029 0.3893 0.0495 -0.0002 -0.005235 3.076960 
0.192 1.52 1.52 0.3986 0.3987 0.0499 -0.0002 -0.005235 3.076954 
0.193 1.44 1.56 0.4041 0.3961 0.0503 -0.0002 -0.005235 3.076959 
0.194 1.67 1.04 0.3889 0.4305 0.0507 -0.0002 -0.005235 3.076972 
0.195 1.47 1.64 0.4021 0.3909 0.0511 -0.0002 -0.005235 3.076986 
0.196 1.23 1.77 0.4177 0.3817 0.0515 -0.0002 -0.005235 3.076993 
0.197 1.37 1.67 0.4089 0.3888 0.0519 -0.0002 -0.005235 3.076987 
0.198 1.43 1.32 0.4045 0.4120 0.0523 -0.0002 -0.005235 3.076978 
0.199 1.41 1.75 0.4057 0.3831 0.0527 -0.0002 -0.005235 3.076972 
0.200 1.29 1.88 0.4141 0.3749 0.0531 -0.0002 -0.005235 3.076967 
0.201 1.43 1.67 0.4048 0.3888 0.0535 -0.0002 -0.005235 3.076961 
0.202 1.52 1.67 0.3989 0.3888 0.0540 -0.0002 -0.005235 3.076957 
0.203 1.47 1.51 0.4020 0.3996 0.0542 -0.0002 -0.007852 3.076958 
0.204 1.36 1.68 0.4093 0.3882 0.0546 -0.0002 -0.007852 3.076963 
0.205 1.42 1.34 0.4053 0.4109 0.0550 -0.0002 -0.007852 3.076967 
0.206 1.71 1.60 0.3860 0.3931 0.0554 -0.0002 -0.007852 3.076968 
0.207 1.49 1.28 0.4007 0.4143 0.0558 -0.0002 -0.007852 3.076966 
0.208 1.17 1.68 0.4221 0.3877 0.0562 -0.0002 -0.007852 3.076967 
0.209 1.48 1.60 0.4011 0.3930 0.0566 -0.0002 -0.007852 3.076972 
0.210 1.69 1.59 0.3871 0.3937 0.0570 -0.0002 -0.007852 3.076979 
0.211 1.52 1.62 0.3988 0.3922 0.0574 -0.0002 -0.007852 3.076987 
0.212 1.56 1.64 0.3957 0.3905 0.0578 -0.0002 -0.007852 3.076991 
0.213 1.41 1.23 0.4059 0.4182 0.0582 -0.0002 -0.007852 3.076989 
0.214 1.09 1.57 0.4270 0.3949 0.0586 -0.0002 -0.007852 3.076982 
0.215 1.44 1.73 0.4042 0.3845 0.0590 -0.0002 -0.007852 3.076978 
0.216 1.05 1.64 0.4297 0.3905 0.0594 -0.0002 -0.007852 3.076980 
0.217 1.44 1.45 0.4043 0.4032 0.0598 -0.0002 -0.007852 3.076986 
0.218 1.41 1.53 0.4058 0.3976 0.0602 -0.0002 -0.007852 3.076995 
0.219 1.54 1.48 0.3976 0.4014 0.0606 -0.0003 -0.007852 3.077001 
0.220 2.02 1.62 0.3654 0.3917 0.0611 -0.0003 -0.007852 3.077003 
0.221 1.50 1.27 0.4003 0.4154 0.0615 -0.0003 -0.007852 3.077001 
0.222 1.15 1.64 0.4236 0.3908 0.0619 -0.0003 -0.007852 3.076995 
0.223 1.55 1.62 0.3963 0.3917 0.0623 -0.0003 -0.007852 3.076993 
0.224 1.76 1.74 0.3826 0.3841 0.0627 -0.0003 -0.007852 3.076998 
0.225 1.57 1.27 0.3955 0.4151 0.0631 -0.0003 -0.007852 3.077000 
0.226 1.23 1.64 0.4178 0.3903 0.0635 -0.0003 -0.007852 3.077000 
0.227 1.56 1.74 0.3961 0.3839 0.0639 -0.0003 -0.007852 3.076998 
0.228 1.49 1.69 0.4009 0.3872 0.0643 -0.0003 -0.007852 3.076995 
0.229 1.46 1.45 0.4029 0.4034 0.0647 -0.0003 -0.007852 3.076998 
0.230 1.62 1.60 0.3919 0.3935 0.0651 -0.0003 -0.007852 3.077003 
0.231 1.50 1.53 0.4000 0.3978 0.0655 -0.0003 -0.007852 3.077004 
0.232 1.19 1.66 0.4208 0.3896 0.0659 -0.0003 -0.007852 3.077002 
0.233 1.47 1.38 0.4022 0.4080 0.0663 -0.0003 -0.007852 3.077002 
0.234 1.54 1.61 0.3973 0.3925 0.0667 -0.0003 -0.007852 3.077003 
0.235 1.50 1.55 0.4000 0.3968 0.0671 -0.0003 -0.007852 3.077004 
0.236 1.38 1.66 0.4081 0.3890 0.0675 -0.0003 -0.007852 3.077002 
0.237 1.43 1.15 0.4050 0.4232 0.0680 -0.0003 -0.007852 3.076996 
0.238 1.53 1.61 0.3983 0.3929 0.0684 -0.0003 -0.007852 3.076993 
0.239 1.49 1.55 0.4008 0.3968 0.0688 -0.0003 -0.007852 3.076990 
0.240 1.57 1.68 0.3950 0.3882 0.0692 -0.0003 -0.007852 3.076983 
0.241 1.48 1.53 0.4010 0.3978 0.0696 -0.0003 -0.007852 3.076978 
0.242 1.71 1.56 0.3861 0.3957 0.0700 -0.0003 -0.007852 3.076977 
0.243 1.50 1.04 0.3999 0.4307 0.0704 -0.0003 -0.007852 3.076977 
0.244 1.27 1.67 0.4156 0.3888 0.0708 -0.0003 -0.007852 3.076980 
0.245 1.39 1.79 0.4074 0.3805 0.0712 -0.0003 -0.007852 3.076986 
0.246 1.46 1.67 0.4029 0.3884 0.0716 -0.0003 -0.007852 3.076990 
0.247 1.45 1.33 0.4035 0.4113 0.0720 -0.0003 -0.007852 3.076991 
0.248 1.21 1.56 0.4196 0.3957 0.0722 -0.0003 -0.010469 3.076991 
0.249 1.45 1.76 0.4036 0.3827 0.0726 -0.0003 -0.010469 3.076994 
0.250 1.53 1.89 0.3981 0.3737 0.0730 -0.0003 -0.010469 3.077000 
0.251 1.49 1.68 0.4010 0.3880 0.0734 -0.0004 -0.010469 3.077004 
0.252 1.38 1.54 0.4078 0.3974 0.0738 -0.0004 -0.010469 3.077004 
0.253 1.43 1.70 0.4047 0.3869 0.0742 -0.0004 -0.010469 3.077001 
0.254 1.72 1.15 0.3856 0.4230 0.0746 -0.0004 -0.010469 3.077000 
0.255 1.49 1.62 0.4007 0.3923 0.0750 -0.0004 -0.010469 3.077003 
0.256 1.16 1.29 0.4225 0.4137 0.0755 -0.0004 -0.010469 3.077007 
0.257 1.46 1.71 0.4028 0.3859 0.0759 -0.0004 -0.010469 3.077009 
0.258 1.71 1.64 0.3860 0.3909 0.0763 -0.0004 -0.010469 3.077010 
0.259 1.49 1.62 0.4007 0.3918 0.0767 -0.0004 -0.010469 3.077008 
0.260 1.55 1.64 0.3964 0.3909 0.0771 -0.0004 -0.010469 3.077005 
0.261 1.39 1.66 0.4071 0.3894 0.0775 -0.0004 -0.010469 3.077002 
0.262 1.07 1.24 0.4284 0.4174 0.0779 -0.0004 -0.010469 3.077001 
0.263 1.44 1.58 0.4043 0.3946 0.0783 -0.0004 -0.010469 3.077002 
0.264 1.00 1.74 0.4334 0.3837 0.0787 -0.0004 -0.010469 3.077004 
0.265 1.44 1.66 0.4037 0.3891 0.0791 -0.0004 -0.010469 3.077005 
0.266 1.42 1.44 0.4055 0.4039 0.0795 -0.0004 -0.010469 3.077004 
0.267 1.55 1.54 0.3967 0.3974 0.0799 -0.0004 -0.010469 3.077000 
0.268 2.02 1.48 0.3652 0.4011 0.0803 -0.0004 -0.010469 3.076994 
0.269 1.50 1.63 0.4000 0.3916 0.0807 -0.0004 -0.010469 3.076990 
0.270 1.10 1.27 0.4264 0.4150 0.0811 -0.0004 -0.010469 3.076989 
0.271 1.49 1.64 0.4007 0.3907 0.0815 -0.0004 -0.010469 3.076991 
0.272 1.69 1.64 0.3871 0.3907 0.0819 -0.0004 -0.010469 3.076997 
0.273 1.47 1.72 0.4018 0.3850 0.0824 -0.0004 -0.010469 3.077000 
0.274 1.13 1.27 0.4246 0.4151 0.0828 -0.0005 -0.010469 3.076999 
0.275 1.47 1.63 0.4019 0.3912 0.0832 -0.0005 -0.010469 3.076995 
0.276 1.42 1.74 0.4057 0.3839 0.0836 -0.0005 -0.010469 3.076993 
0.277 1.40 1.69 0.4064 0.3875 0.0840 -0.0005 -0.010469 3.076992 
0.278 1.59 1.44 0.3941 0.4037 0.0844 -0.0005 -0.010469 3.076988 
0.279 1.53 1.59 0.3977 0.3943 0.0848 -0.0005 -0.010469 3.076989 
0.280 1.24 1.54 0.4173 0.3975 0.0852 -0.0005 -0.010469 3.076994 
0.281 1.54 1.62 0.3970 0.3918 0.0856 -0.0005 -0.010469 3.077000 
0.282 1.61 1.31 0.3924 0.4127 0.0860 -0.0005 -0.010469 3.077005 
0.283 1.57 1.55 0.3953 0.3968 0.0864 -0.0005 -0.010469 3.077002 
0.284 1.43 1.54 0.4048 0.3975 0.0868 -0.0005 -0.010469 3.076994 
0.285 1.47 1.66 0.4023 0.3894 0.0872 -0.0005 -0.010469 3.076991 
0.286 1.54 1.16 0.3970 0.4228 0.0876 -0.0005 -0.010469 3.077002 
0.287 1.52 1.61 0.3983 0.3925 0.0880 -0.0005 -0.010469 3.077021 
0.288 1.58 1.56 0.3946 0.3961 0.0884 -0.0005 -0.010469 3.077028 
0.289 1.49 1.56 0.4006 0.3961 0.0886 -0.0005 -0.013086 3.077020 
0.290 1.70 1.69 0.3870 0.3876 0.0890 -0.0005 -0.013086 3.077008 
0.291 1.48 1.54 0.4010 0.3973 0.0895 -0.0005 -0.013086 3.077000 
0.292 1.26 1.57 0.4161 0.3953 0.0899 -0.0005 -0.013086 3.076999 
0.293 1.37 1.27 0.4084 0.4151 0.0903 -0.0005 -0.013086 3.077003 
0.294 1.46 1.65 0.4028 0.3897 0.0907 -0.0005 -0.013086 3.077007 
0.295 1.45 1.76 0.4034 0.3828 0.0911 -0.0005 -0.013086 3.077011 
0.296 1.21 1.66 0.4193 0.3895 0.0915 -0.0006 -0.013086 3.077013 
0.297 1.45 1.30 0.4033 0.4132 0.0919 -0.0006 -0.013086 3.077012 
0.298 1.53 1.74 0.3976 0.3841 0.0923 -0.0006 -0.013086 3.077007 
0.299 1.48 1.85 0.4010 0.3767 0.0927 -0.0006 -0.013086 3.076999 
0.300 1.38 1.66 0.4080 0.3893 0.0931 -0.0006 -0.013086 3.076994 
0.301 1.43 1.50 0.4048 0.4003 0.0935 -0.0006 -0.013086 3.076996 
0.302 1.72 1.67 0.3856 0.3888 0.0939 -0.0006 -0.013086 3.077000 
0.303 1.50 1.13 0.4003 0.4248 0.0943 -0.0006 -0.013086 3.077003 
0.304 1.16 1.60 0.4229 0.3935 0.0947 -0.0006 -0.013086 3.077000 
0.305 1.46 1.29 0.4025 0.4143 0.0951 -0.0006 -0.013086 3.076995 
0.306 1.71 1.70 0.3862 0.3864 0.0955 -0.0006 -0.013086 3.076993 
0.307 1.52 1.63 0.3988 0.3911 0.0959 -0.0006 -0.013086 3.076996 
0.308 1.57 1.62 0.3954 0.3918 0.0963 -0.0006 -0.013086 3.077005 
0.309 1.41 1.64 0.4063 0.3908 0.0968 -0.0006 -0.013086 3.077015 
0.310 1.11 1.66 0.4260 0.3896 0.0972 -0.0006 -0.013086 3.077018 
0.311 1.46 1.24 0.4028 0.4172 0.0976 -0.0006 -0.013086 3.077015 
0.312 1.04 1.58 0.4305 0.3946 0.0980 -0.0006 -0.013086 3.077013 
0.313 1.48 1.75 0.4012 0.3835 0.0984 -0.0006 -0.013086 3.077014 
0.314 1.47 1.65 0.4019 0.3898 0.0988 -0.0006 -0.013086 3.077016 
0.315 1.61 1.45 0.3928 0.4031 0.0992 -0.0007 -0.013086 3.077018 
0.316 1.88 1.54 0.3749 0.3973 0.0994 -0.0007 -0.010469 3.077024 
0.317 2.08 1.48 0.3616 0.4012 0.0998 -0.0007 -0.010469 3.077032 
0.318 1.55 1.63 0.3965 0.3915 0.1004 -0.0007 -0.013086 3.077036 
0.319 1.30 1.27 0.4134 0.4156 0.1006 -0.0007 -0.010469 3.077036 
0.320 1.51 1.63 0.3994 0.3911 0.1010 -0.0007 -0.010469 3.077034 
0.321 1.67 1.64 0.3888 0.3908 0.1014 -0.0007 -0.010469 3.077031 
0.322 1.44 1.75 0.4037 0.3834 0.1018 -0.0007 -0.010469 3.077030 
0.323 1.20 1.32 0.4202 0.4123 0.1022 -0.0007 -0.010469 3.077032 
0.324 1.46 1.69 0.4026 0.3873 0.1026 -0.0007 -0.010469 3.077035 
0.325 1.40 1.79 0.4069 0.3806 0.1030 -0.0007 -0.010469 3.077033 
0.326 1.38 1.73 0.4082 0.3848 0.1034 -0.0007 -0.010469 3.077024 
0.327 1.55 1.47 0.3963 0.4019 0.1039 -0.0007 -0.010469 3.077016 
0.328 1.45 1.47 0.4036 0.4019 0.1041 -0.0007 -0.013086 3.077011 
0.329 1.27 1.63 0.4152 0.3915 0.1045 -0.0007 -0.013086 3.077008 
0.330 1.44 1.54 0.4039 0.3975 0.1049 -0.0007 -0.013086 3.077011 
0.331 1.52 1.68 0.3986 0.3881 0.1053 -0.0007 -0.013086 3.077017 
0.332 1.48 1.31 0.4015 0.4123 0.1057 -0.0007 -0.013086 3.077020 
0.333 1.38 1.57 0.4082 0.3954 0.1061 -0.0007 -0.013086 3.077019 
0.334 1.39 1.51 0.4073 0.3989 0.1065 -0.0007 -0.013086 3.077021 
0.335 1.50 1.62 0.4001 0.3920 0.1069 -0.0007 -0.013086 3.077028 
0.336 1.48 1.14 0.4013 0.4239 0.1073 -0.0007 -0.013086 3.077032 
0.337 1.55 1.55 0.3965 0.3963 0.1077 -0.0008 -0.013086 3.077035 
0.338 1.48 1.51 0.4016 0.3995 0.1081 -0.0008 -0.013086 3.077033 
0.339 1.69 1.65 0.3873 0.3899 0.1085 -0.0008 -0.013086 3.077027 
0.340 1.51 1.52 0.3994 0.3989 0.1089 -0.0008 -0.013086 3.077026 
0.341 1.27 1.55 0.4155 0.3968 0.1093 -0.0008 -0.013086 3.077029 
0.342 1.36 1.03 0.4094 0.4309 0.1097 -0.0008 -0.013086 3.077033 
0.343 1.47 1.66 0.4021 0.3890 0.1101 -0.0008 -0.013086 3.077039 
0.344 1.42 1.77 0.4056 0.3821 0.1105 -0.0008 -0.013086 3.077045 
0.345 1.22 1.68 0.4187 0.3883 0.1110 -0.0008 -0.013086 3.077046 
0.346 1.46 1.31 0.4025 0.4129 0.1114 -0.0008 -0.013086 3.077044 
0.347 1.56 1.75 0.3956 0.3835 0.1118 -0.0008 -0.013086 3.077043 
0.348 1.48 1.85 0.4011 0.3764 0.1122 -0.0008 -0.013086 3.077040 
0.349 1.41 1.66 0.4061 0.3893 0.1126 -0.0008 -0.013086 3.077038 
0.350 1.44 1.50 0.4042 0.3998 0.1130 -0.0008 -0.013086 3.077039 
0.351 1.72 1.67 0.3852 0.3887 0.1134 -0.0008 -0.013086 3.077042 
0.352 1.50 1.13 0.4003 0.4249 0.1138 -0.0008 -0.013086 3.077041 
0.353 1.17 1.60 0.4222 0.3933 0.1142 -0.0008 -0.013086 3.077038 
0.354 1.47 1.28 0.4017 0.4143 0.1146 -0.0008 -0.013086 3.077036 
0.355 1.70 1.71 0.3869 0.3863 0.1150 -0.0008 -0.013086 3.077037 
0.356 1.51 1.63 0.3991 0.3912 0.1154 -0.0009 -0.013086 3.077041 
0.357 1.57 1.62 0.3950 0.3918 0.1158 -0.0009 -0.013086 3.077048 
0.358 1.46 1.63 0.4024 0.3912 0.1162 -0.0009 -0.013086 3.077051 
0.359 1.17 1.65 0.4222 0.3900 0.1166 -0.0009 -0.013086 3.077054 
0.360 1.51 1.23 0.3994 0.4180 0.1170 -0.0009 -0.013086 3.077058 
0.361 1.07 1.58 0.4288 0.3946 0.1174 -0.0009 -0.013086 3.077051 
0.362 1.49 1.75 0.4005 0.3836 0.1178 -0.0009 -0.013086 3.077044 
0.363 1.45 1.66 0.4036 0.3895 0.1183 -0.0009 -0.013086 3.077046 
0.364 1.58 1.45 0.3949 0.4031 0.1187 -0.0009 -0.013086 3.077060 
0.365 2.03 1.54 0.3644 0.3976 0.1191 -0.0009 -0.013086 3.077074 
0.366 1.50 1.49 0.4001 0.4005 0.1195 -0.0009 -0.013086 3.077076 
0.367 1.12 1.63 0.4254 0.3911 0.1199 -0.0009 -0.013086 3.077070 
0.368 1.49 1.27 0.4006 0.4151 0.1203 -0.0009 -0.013086 3.077063 
0.369 1.68 1.64 0.3877 0.3907 0.1207 -0.0009 -0.013086 3.077060 
0.370 1.48 1.63 0.4016 0.3911 0.1211 -0.0009 -0.013086 3.077061 
0.371 1.14 1.74 0.4241 0.3840 0.1215 -0.0009 -0.013086 3.077065 
0.372 1.48 1.26 0.4017 0.4158 0.1219 -0.0009 -0.013086 3.077070 
0.373 1.42 1.59 0.4051 0.3937 0.1223 -0.0009 -0.013086 3.077074 
0.374 1.39 1.63 0.4070 0.3911 0.1225 -0.0009 -0.015704 3.077071 
0.375 1.57 1.73 0.3949 0.3849 0.1229 -0.0010 -0.015704 3.077065 
0.376 1.46 1.68 0.4024 0.3882 0.1233 -0.0010 -0.015704 3.077059 
0.377 1.16 1.46 0.4228 0.4025 0.1237 -0.0010 -0.015704 3.077056 
0.378 1.44 1.55 0.4037 0.3963 0.1241 -0.0010 -0.015704 3.077060 
0.379 1.52 1.53 0.3989 0.3982 0.1245 -0.0010 -0.015704 3.077068 
0.380 1.48 1.60 0.4011 0.3930 0.1249 -0.0010 -0.015704 3.077072 
0.381 1.37 1.33 0.4086 0.4111 0.1254 -0.0010 -0.015704 3.077071 
0.382 1.41 1.60 0.4062 0.3936 0.1258 -0.0010 -0.015704 3.077064 
0.383 1.50 1.54 0.4001 0.3971 0.1262 -0.0010 -0.015704 3.077058 
0.384 1.49 1.65 0.4006 0.3898 0.1266 -0.0010 -0.015704 3.077058 
0.385 1.56 1.15 0.3957 0.4230 0.1270 -0.0010 -0.015704 3.077056 
0.386 1.48 1.61 0.4011 0.3928 0.1274 -0.0010 -0.015704 3.077052 
0.387 1.69 1.54 0.3873 0.3975 0.1278 -0.0010 -0.015704 3.077047 
0.388 1.49 1.67 0.4007 0.3888 0.1282 -0.0010 -0.015704 3.077041 
0.389 1.25 1.53 0.4163 0.3978 0.1286 -0.0010 -0.015704 3.077034 
0.390 1.37 1.56 0.4089 0.3957 0.1290 -0.0010 -0.015704 3.077026 
0.391 1.44 1.04 0.4040 0.4308 0.1294 -0.0011 -0.015704 3.077023 
0.392 1.44 1.66 0.4042 0.3891 0.1298 -0.0011 -0.015704 3.077027 
0.393 1.22 1.77 0.4187 0.3822 0.1302 -0.0011 -0.015704 3.077034 
0.394 1.48 1.67 0.4013 0.3886 0.1306 -0.0011 -0.015704 3.077044 
0.395 1.59 1.32 0.3942 0.4121 0.1310 -0.0011 -0.015704 3.077049 
0.396 1.53 1.75 0.3981 0.3834 0.1314 -0.0011 -0.015704 3.077044 
0.397 1.43 1.86 0.4047 0.3759 0.1318 -0.0011 -0.015704 3.077039 
0.398 1.47 1.66 0.4023 0.3890 0.1322 -0.0011 -0.015704 3.077037 
0.399 1.74 1.50 0.3838 0.3996 0.1327 -0.0011 -0.015704 3.077037 
0.400 1.52 1.69 0.3987 0.3874 0.1331 -0.0011 -0.015704 3.077040 
0.401 1.17 1.11 0.4221 0.4258 0.1335 -0.0011 -0.015704 3.077043 
0.402 -6.03 -5.90 0.4022 0.3933 0.1339 -0.0011 -0.015704 3.077042 
0.403 -5.80 -6.20 0.3865 0.4136 0.1343 -0.0011 -0.015704 3.077035 
0.404 -5.68 -5.47 0.3785 0.3650 0.1347 -0.0011 -0.015704 3.077028 
0.405 -4.86 -4.90 0.3241 0.3267 0.1349 -0.0011 -0.018321 3.077028 
0.406 -4.86 -4.72 0.3241 0.3145 0.1351 -0.0011 -0.015704 3.077037 
0.407 -3.90 -3.53 0.2603 0.2355 0.1355 -0.0012 -0.015704 3.077051 
0.408 -3.90 -3.53 0.2603 0.2355 0.1355 -0.0012 -0.015704 3.077058 
0.409 -2.75 -2.73 0.1834 0.1822 0.1357 -0.0012 -0.018321 3.077054 
0.410 -2.75 -2.15 0.1834 0.1436 0.1359 -0.0012 -0.015704 3.077041 
0.411 -2.67 -2.15 0.1781 0.1436 0.1359 -0.0012 -0.015704 3.077037 
0.412 -1.86 -2.15 0.1237 0.1436 0.1359 -0.0012 -0.015704 3.077038 
0.413 -1.42 -1.79 0.0949 0.1194 0.1359 -0.0012 -0.015704 3.077022 
0.414 -1.15 -1.38 0.0769 0.0922 0.1359 -0.0012 -0.015704 3.077012 
0.415 -0.97 -1.13 0.0646 0.0751 0.1359 -0.0012 -0.015704 3.077018 
0.416 -0.84 -0.95 0.0558 0.0634 0.1359 -0.0012 -0.015704 3.077018 
0.417 -0.73 -0.82 0.0490 0.0548 0.1359 -0.0012 -0.015704 3.076996 
0.418 0.72 -0.72 -0.0477 0.0483 0.1357 -0.0012 -0.013086 3.076977 
0.419 0.72 0.68 -0.0477 -0.0451 0.1355 -0.0012 -0.015704 3.077017 
0.420 0.72 0.68 -0.0477 -0.0451 0.1355 -0.0012 -0.015704 3.077113 
0.421 0.72 0.68 -0.0477 -0.0451 0.1355 -0.0012 -0.015704 3.077185 
0.422 1.52 0.68 -0.1013 -0.0451 0.1353 -0.0011 -0.013086 3.077174 
0.423 1.52 0.68 -0.1013 -0.0451 0.1353 -0.0011 -0.013086 3.077123 
0.424 1.52 0.68 -0.1013 -0.0451 0.1353 -0.0011 -0.013086 3.077092 
0.425 1.52 0.68 -0.1013 -0.0451 0.1353 -0.0011 -0.013086 3.077068 
0.426 1.27 0.68 -0.0849 -0.0451 0.1353 -0.0011 -0.013086 3.077048 
0.427 1.05 0.82 -0.0702 -0.0547 0.1351 -0.0011 -0.015704 3.077039 
0.428 0.90 0.82 -0.0599 -0.0547 0.1351 -0.0011 -0.015704 3.077053 
0.429 0.78 0.82 -0.0522 -0.0547 0.1351 -0.0011 -0.015704 3.077080 
0.430 0.69 0.82 -0.0462 -0.0547 0.1351 -0.0011 -0.015704 3.077092 
0.431 0.62 0.82 -0.0415 -0.0547 0.1351 -0.0011 -0.015704 3.077102 
0.432 0.56 0.82 -0.0376 -0.0547 0.1351 -0.0011 -0.015704 3.077107 
0.433 0.52 0.82 -0.0344 -0.0547 0.1351 -0.0011 -0.015704 3.077093 
0.434 0.48 0.76 -0.0318 -0.0508 0.1351 -0.0011 -0.015704 3.077071 
0.435 0.44 0.68 -0.0294 -0.0452 0.1351 -0.0011 -0.015704 3.077064 
0.436 0.41 0.61 -0.0275 -0.0406 0.1351 -0.0011 -0.015704 3.077077 
0.437 0.39 0.55 -0.0257 -0.0369 0.1351 -0.0011 -0.015704 3.077087 
0.438 0.36 -0.54 -0.0242 0.0362 0.1353 -0.0011 -0.013086 3.077068 
0.439 0.34 -0.54 -0.0228 0.0362 0.1353 -0.0011 -0.013086 3.077031 
0.440 0.32 -0.54 -0.0216 0.0362 0.1353 -0.0011 -0.013086 3.077008 
0.441 0.31 -0.54 -0.0205 0.0362 0.1353 -0.0011 -0.013086 3.077014 
0.442 -0.30 -0.54 0.0198 0.0362 0.1355 -0.0012 -0.015704 3.077051 
0.443 -0.30 -0.54 0.0198 0.0362 0.1355 -0.0012 -0.015704 3.077083 
0.444 -0.30 -0.54 0.0198 0.0362 0.1355 -0.0012 -0.015704 3.077081 
0.445 -0.30 -0.54 0.0198 0.0362 0.1355 -0.0012 -0.015704 3.077057 
0.446 -0.30 -0.54 0.0198 0.0362 0.1355 -0.0012 -0.015704 3.077045 
0.447 -0.30 -0.54 0.0198 0.0362 0.1355 -0.0012 -0.015704 3.077055 
0.448 -0.30 -0.54 0.0198 0.0362 0.1355 -0.0012 -0.015704 3.077056 
0.449 -0.30 -0.52 0.0198 0.0345 0.1355 -0.0012 -0.015704 3.077041 
0.450 -0.30 -0.48 0.0198 0.0318 0.1355 -0.0012 -0.015704 3.077028 
0.451 -0.30 -0.44 0.0198 0.0294 0.1355 -0.0012 -0.015704 3.077026 
0.452 -0.30 -0.41 0.0198 0.0275 0.1355 -0.0012 -0.015704 3.077020 
0.453 -0.30 -0.39 0.0198 0.0257 0.1355 -0.0012 -0.015704 3.077011 
0.454 -0.30 -0.36 0.0198 0.0242 0.1355 -0.0012 -0.015704 3.077017 
0.455 -0.30 0.36 0.0198 -0.0241 0.1353 -0.0011 -0.018321 3.077042 
0.456 -0.30 0.36 0.0198 -0.0241 0.1353 -0.0011 -0.018321 3.077069 
0.457 0.41 0.36 -0.0276 -0.0241 0.1351 -0.0011 -0.015704 3.077079 
0.458 0.41 0.36 -0.0276 -0.0241 0.1351 -0.0011 -0.015704 3.077078 
0.459 0.41 0.36 -0.0276 -0.0241 0.1351 -0.0011 -0.015704 3.077080 
0.460 0.41 0.36 -0.0276 -0.0241 0.1351 -0.0011 -0.015704 3.077075 
0.461 0.41 0.36 -0.0276 -0.0241 0.1351 -0.0011 -0.015704 3.077068 
0.462 0.41 0.36 -0.0276 -0.0241 0.1351 -0.0011 -0.015704 3.077071 
0.463 0.41 0.36 -0.0276 -0.0241 0.1351 -0.0011 -0.015704 3.077081 
0.464 0.41 0.36 -0.0276 -0.0241 0.1351 -0.0011 -0.015704 3.077087 
0.465 0.41 0.36 -0.0276 -0.0241 0.1351 -0.0011 -0.015704 3.077085 
0.466 0.41 0.36 -0.0276 -0.0241 0.1351 -0.0011 -0.015704 3.077089 
0.467 0.41 0.36 -0.0276 -0.0241 0.1351 -0.0011 -0.015704 3.077102 
0.468 0.41 0.36 -0.0276 -0.0241 0.1351 -0.0011 -0.015704 3.077111 
0.469 0.41 0.36 -0.0276 -0.0241 0.1351 -0.0011 -0.015704 3.077107 
0.470 0.41 0.36 -0.0276 -0.0241 0.1351 -0.0011 -0.015704 3.077094 
0.471 0.41 0.36 -0.0276 -0.0240 0.1351 -0.0011 -0.015704 3.077092 
0.472 0.39 0.34 -0.0261 -0.0226 0.1351 -0.0011 -0.015704 3.077103 
0.473 0.37 0.32 -0.0245 -0.0214 0.1351 -0.0011 -0.015704 3.077116 
0.474 0.35 0.30 -0.0231 -0.0204 0.1351 -0.0011 -0.015704 3.077113 
0.475 0.33 0.29 -0.0219 -0.0194 0.1351 -0.0011 -0.015704 3.077095 
0.476 0.31 -0.29 -0.0208 0.0194 0.1353 -0.0011 -0.013086 3.077076 
0.477 0.30 -0.29 -0.0197 0.0194 0.1353 -0.0011 -0.013086 3.077069 
0.478 0.28 -0.29 -0.0188 0.0194 0.1353 -0.0011 -0.013086 3.077072 
0.479 0.27 -0.29 -0.0180 0.0194 0.1353 -0.0011 -0.013086 3.077073 
0.480 0.26 -0.29 -0.0172 0.0194 0.1353 -0.0011 -0.013086 3.077074 
0.481 0.25 -0.29 -0.0165 0.0194 0.1353 -0.0011 -0.013086 3.077074 
0.482 0.24 -0.29 -0.0159 0.0194 0.1353 -0.0011 -0.013086 3.077073 
0.483 0.23 -0.29 -0.0153 0.0194 0.1353 -0.0011 -0.013086 3.077073 
0.484 0.22 -0.29 -0.0147 0.0194 0.1353 -0.0011 -0.013086 3.077070 
0.485 0.21 -0.29 -0.0142 0.0194 0.1353 -0.0011 -0.013086 3.077062 
0.486 0.20 -0.29 -0.0137 0.0194 0.1353 -0.0011 -0.013086 3.077048 
0.487 0.20 -0.29 -0.0133 0.0194 0.1353 -0.0011 -0.013086 3.077037 
0.488 0.19 -0.29 -0.0129 0.0194 0.1353 -0.0011 -0.013086 3.077035 
0.489 0.19 -0.29 -0.0125 0.0194 0.1353 -0.0011 -0.013086 3.077037 
0.490 0.18 -0.29 -0.0121 0.0194 0.1353 -0.0011 -0.013086 3.077040 
0.491 0.18 -0.29 -0.0117 0.0194 0.1353 -0.0011 -0.013086 3.077045 
0.492 0.17 -0.29 -0.0114 0.0194 0.1353 -0.0011 -0.013086 3.077057 
0.493 0.17 -0.29 -0.0111 0.0194 0.1353 -0.0011 -0.013086 3.077072 
0.494 0.16 -0.29 -0.0108 0.0194 0.1353 -0.0011 -0.013086 3.077086 
0.495 0.16 -0.29 -0.0105 0.0194 0.1353 -0.0011 -0.013086 3.077092 
0.496 0.15 0.30 -0.0103 -0.0201 0.1351 -0.0011 -0.015704 3.077091 
0.497 0.15 0.30 -0.0100 -0.0201 0.1351 -0.0011 -0.015704 3.077090 
0.498 0.15 0.30 -0.0098 -0.0201 0.1351 -0.0011 -0.015704 3.077092 
0.499 0.14 0.30 -0.0095 -0.0201 0.1351 -0.0011 -0.015704 3.077096 
0.500 0.14 0.30 -0.0093 -0.0201 0.1351 -0.0011 -0.015704 3.077099 
0.501 0.14 0.30 -0.0091 -0.0201 0.1351 -0.0011 -0.015704 3.077099 
0.502 0.13 0.30 -0.0089 -0.0201 0.1351 -0.0011 -0.015704 3.077098 
0.503 0.13 0.30 -0.0087 -0.0201 0.1351 -0.0011 -0.015704 3.077097 
0.504 0.13 0.30 -0.0085 -0.0201 0.1351 -0.0011 -0.015704 3.077099 
0.505 0.12 0.30 -0.0084 -0.0201 0.1351 -0.0011 -0.015704 3.077100 
0.506 0.12 0.30 -0.0082 -0.0201 0.1351 -0.0011 -0.015704 3.077100 
0.507 0.12 0.30 -0.0080 -0.0201 0.1351 -0.0011 -0.015704 3.077102 
0.508 0.12 0.30 -0.0079 -0.0201 0.1351 -0.0011 -0.015704 3.077105 
0.509 0.12 0.30 -0.0077 -0.0201 0.1351 -0.0011 -0.015704 3.077104 
0.510 0.11 -0.41 -0.0076 0.0277 0.1353 -0.0011 -0.013086 3.077101 
0.511 0.11 -0.41 -0.0074 0.0277 0.1353 -0.0011 -0.013086 3.077094 
0.512 0.11 -0.41 -0.0073 0.0277 0.1353 -0.0011 -0.013086 3.077085 
0.513 0.11 -0.41 -0.0072 0.0277 0.1353 -0.0011 -0.013086 3.077080 
0.514 0.10 -0.41 -0.0070 0.0277 0.1353 -0.0011 -0.013086 3.077080 
0.515 0.10 -0.41 -0.0069 0.0277 0.1353 -0.0011 -0.013086 3.077079 
0.516 0.10 -0.41 -0.0068 0.0277 0.1353 -0.0011 -0.013086 3.077078 
0.517 0.10 -0.41 -0.0067 0.0277 0.1353 -0.0011 -0.013086 3.077080 
0.518 0.10 -0.41 -0.0066 0.0277 0.1353 -0.0011 -0.013086 3.077081 
0.519 0.10 -0.41 -0.0065 0.0277 0.1353 -0.0011 -0.013086 3.077079 
0.520 0.10 0.61 -0.0064 -0.0408 0.1351 -0.0011 -0.015704 3.077075 
0.521 0.09 0.61 -0.0063 -0.0408 0.1351 -0.0011 -0.015704 3.077075 
0.522 0.09 0.61 -0.0062 -0.0408 0.1351 -0.0011 -0.015704 3.077074 
0.523 0.09 0.61 -0.0061 -0.0408 0.1351 -0.0011 -0.015704 3.077069 
0.524 0.09 0.61 -0.0060 -0.0408 0.1351 -0.0011 -0.015704 3.077064 
0.525 0.09 0.61 -0.0059 -0.0408 0.1351 -0.0011 -0.015704 3.077063 
0.526 0.09 0.61 -0.0058 -0.0408 0.1351 -0.0011 -0.015704 3.077063 
0.527 0.09 0.61 -0.0058 -0.0408 0.1351 -0.0011 -0.015704 3.077063 
0.528 0.09 0.61 -0.0057 -0.0408 0.1351 -0.0011 -0.015704 3.077065 
0.529 0.08 0.61 -0.0056 -0.0408 0.1351 -0.0011 -0.015704 3.077067 
0.530 0.08 -0.63 -0.0055 0.0421 0.1353 -0.0011 -0.013086 3.077072 
0.531 0.08 -0.63 -0.0054 0.0421 0.1353 -0.0011 -0.013086 3.077079 
0.532 0.08 -0.63 -0.0054 0.0421 0.1353 -0.0011 -0.013086 3.077086 
0.533 0.08 -0.63 -0.0053 0.0421 0.1353 -0.0011 -0.013086 3.077087 
0.534 0.08 -0.63 -0.0052 0.0421 0.1353 -0.0011 -0.013086 3.077081 
0.535 0.08 -0.63 -0.0052 0.0421 0.1353 -0.0011 -0.013086 3.077073 
0.536 0.08 -0.63 -0.0051 0.0421 0.1353 -0.0011 -0.013086 3.077071 
0.537 0.07 -0.63 -0.0050 0.0421 0.1353 -0.0011 -0.013086 3.077072 
0.538 0.07 -0.63 -0.0050 0.0421 0.1353 -0.0011 -0.013086 3.077072 
0.539 0.07 -0.63 -0.0049 0.0421 0.1353 -0.0011 -0.013086 3.077076 
0.540 0.07 -0.58 -0.0049 0.0387 0.1353 -0.0011 -0.013086 3.077083 
0.541 0.07 -0.53 -0.0048 0.0353 0.1353 -0.0011 -0.013086 3.077083 
0.542 0.07 -0.49 -0.0047 0.0325 0.1353 -0.0011 -0.013086 3.077076 
0.543 0.07 0.48 -0.0047 -0.0322 0.1351 -0.0011 -0.015704 3.077068 
0.544 0.07 0.48 -0.0046 -0.0322 0.1351 -0.0011 -0.015704 3.077062 
0.545 0.07 0.48 -0.0046 -0.0322 0.1351 -0.0011 -0.015704 3.077059 
0.546 0.07 0.48 -0.0045 -0.0322 0.1351 -0.0011 -0.015704 3.077054 
0.547 0.07 0.48 -0.0045 -0.0322 0.1351 -0.0011 -0.015704 3.077049 
0.548 0.07 0.48 -0.0044 -0.0322 0.1351 -0.0011 -0.015704 3.077049 
0.549 0.07 0.48 -0.0044 -0.0322 0.1351 -0.0011 -0.015704 3.077049 
0.550 0.07 0.48 -0.0043 -0.0322 0.1351 -0.0011 -0.015704 3.077047 
0.551 0.06 0.48 -0.0043 -0.0322 0.1351 -0.0011 -0.015704 3.077043 
0.552 0.06 0.48 -0.0042 -0.0322 0.1351 -0.0011 -0.015704 3.077039 
0.553 0.06 0.48 -0.0042 -0.0322 0.1351 -0.0011 -0.015704 3.077039 
0.554 0.06 0.48 -0.0042 -0.0322 0.1351 -0.0011 -0.015704 3.077043 
0.555 0.06 0.47 -0.0041 -0.0314 0.1351 -0.0011 -0.015704 3.077051 
0.556 0.06 0.44 -0.0041 -0.0292 0.1351 -0.0011 -0.015704 3.077058 
0.557 0.06 0.41 -0.0040 -0.0272 0.1351 -0.0011 -0.015704 3.077062 
0.558 0.06 0.38 -0.0040 -0.0255 0.1351 -0.0011 -0.015704 3.077064 
0.559 0.06 0.36 -0.0040 -0.0240 0.1351 -0.0011 -0.015704 3.077064 
0.560 0.06 0.34 -0.0039 -0.0227 0.1351 -0.0011 -0.015704 3.077060 
0.561 0.06 -0.34 -0.0039 0.0223 0.1353 -0.0011 -0.013086 3.077054 
0.562 0.06 -0.34 -0.0038 0.0223 0.1353 -0.0011 -0.013086 3.077052 
0.563 0.06 -0.34 -0.0038 0.0223 0.1353 -0.0011 -0.013086 3.077054 
0.564 0.06 -0.34 -0.0038 0.0223 0.1353 -0.0011 -0.013086 3.077055 
0.565 0.06 -0.34 -0.0037 0.0223 0.1353 -0.0011 -0.013086 3.077057 
0.566 0.06 -0.34 -0.0037 0.0223 0.1353 -0.0011 -0.013086 3.077062 
0.567 0.06 -0.34 -0.0037 0.0223 0.1353 -0.0011 -0.013086 3.077070 
0.568 0.05 -0.34 -0.0036 0.0223 0.1353 -0.0011 -0.013086 3.077073 
0.569 0.05 -0.34 -0.0036 0.0223 0.1353 -0.0011 -0.013086 3.077071 
0.570 0.05 -0.34 -0.0036 0.0223 0.1353 -0.0011 -0.013086 3.077070 
0.571 0.05 -0.34 -0.0035 0.0223 0.1353 -0.0011 -0.013086 3.077068 
0.572 0.05 -0.34 -0.0035 0.0223 0.1353 -0.0011 -0.013086 3.077062 
0.573 0.05 -0.34 -0.0035 0.0223 0.1353 -0.0011 -0.013086 3.077054 
0.574 0.05 -0.34 -0.0035 0.0223 0.1353 -0.0011 -0.013086 3.077044 
0.575 0.05 -0.34 -0.0034 0.0223 0.1353 -0.0011 -0.013086 3.077039 
0.576 0.05 -0.34 -0.0034 0.0223 0.1353 -0.0011 -0.013086 3.077037 
0.577 0.05 -0.34 -0.0034 0.0223 0.1353 -0.0011 -0.013086 3.077039 
0.578 0.05 -0.34 -0.0033 0.0223 0.1353 -0.0011 -0.013086 3.077041 
0.579 0.05 -0.32 -0.0033 0.0216 0.1353 -0.0011 -0.013086 3.077037 
0.580 0.05 -0.31 -0.0033 0.0205 0.1353 -0.0011 -0.013086 3.077032 
0.581 0.05 0.31 -0.0033 -0.0205 0.1351 -0.0011 -0.015704 3.077030 
0.582 0.05 0.31 -0.0032 -0.0205 0.1351 -0.0011 -0.015704 3.077027 
0.583 0.05 0.31 -0.0032 -0.0205 0.1351 -0.0011 -0.015704 3.077024 
0.584 0.05 0.31 -0.0032 -0.0205 0.1351 -0.0011 -0.015704 3.077024 
0.585 0.05 0.31 -0.0032 -0.0205 0.1351 -0.0011 -0.015704 3.077024 
0.586 0.05 0.31 -0.0031 -0.0205 0.1351 -0.0011 -0.015704 3.077022 
0.587 0.05 0.31 -0.0031 -0.0205 0.1351 -0.0011 -0.015704 3.077021 
0.588 0.05 0.31 -0.0031 -0.0205 0.1351 -0.0011 -0.015704 3.077022 
0.589 0.04 0.31 -0.0031 -0.0205 0.1351 -0.0011 -0.015704 3.077024 
0.590 0.04 0.31 -0.0030 -0.0205 0.1351 -0.0011 -0.015704 3.077025 
0.591 0.04 0.31 -0.0030 -0.0205 0.1351 -0.0011 -0.015704 3.077025 
0.592 0.04 0.31 -0.0030 -0.0205 0.1351 -0.0011 -0.015704 3.077029 
0.593 0.04 0.31 -0.0030 -0.0205 0.1351 -0.0011 -0.015704 3.077037 
0.594 0.04 0.31 -0.0029 -0.0205 0.1351 -0.0011 -0.015704 3.077043 
0.595 0.04 0.31 -0.0029 -0.0205 0.1351 -0.0011 -0.015704 3.077044 
0.596 0.04 0.31 -0.0029 -0.0205 0.1351 -0.0011 -0.015704 3.077038 
0.597 0.04 0.31 -0.0029 -0.0205 0.1351 -0.0011 -0.015704 3.077030 
0.598 0.04 -0.35 -0.0029 0.0232 0.1353 -0.0011 -0.013086 3.077026 
0.599 0.04 -0.35 -0.0028 0.0232 0.1353 -0.0011 -0.013086 3.077021 
0.600 0.04 -0.35 -0.0028 0.0232 0.1353 -0.0011 -0.013086 3.077014 
0.601 0.04 -0.35 -0.0028 0.0232 0.1353 -0.0011 -0.013086 3.077008 
0.602 0.04 -0.35 -0.0028 0.0232 0.1353 -0.0011 -0.013086 3.077004 
0.603 0.04 -0.35 -0.0028 0.0232 0.1353 -0.0011 -0.013086 3.076997 
0.604 0.04 -0.35 -0.0027 0.0232 0.1353 -0.0011 -0.013086 3.076990 
0.605 0.04 -0.35 -0.0027 0.0232 0.1353 -0.0011 -0.013086 3.076984 
0.606 0.04 -0.35 -0.0027 0.0232 0.1353 -0.0011 -0.013086 3.076974 
0.607 0.04 -0.35 -0.0027 0.0232 0.1353 -0.0011 -0.013086 3.076964 
0.608 0.04 -0.35 -0.0027 0.0232 0.1353 -0.0011 -0.013086 3.076957 
0.609 0.04 -0.35 -0.0027 0.0232 0.1353 -0.0011 -0.013086 3.076953 
0.610 0.04 -0.35 -0.0026 0.0232 0.1353 -0.0011 -0.013086 3.076949 
0.611 0.04 0.47 -0.0026 -0.0312 0.1351 -0.0011 -0.015704 3.076944 
0.612 0.04 0.47 -0.0026 -0.0312 0.1351 -0.0011 -0.015704 3.076937 
0.613 0.04 0.47 -0.0026 -0.0312 0.1351 -0.0011 -0.015704 3.076930 
0.614 0.04 0.47 -0.0026 -0.0312 0.1351 -0.0011 -0.015704 3.076925 
0.615 0.04 0.47 -0.0026 -0.0312 0.1351 -0.0011 -0.015704 3.076923 
0.616 0.04 0.47 -0.0025 -0.0312 0.1351 -0.0011 -0.015704 3.076922 
0.617 0.04 0.47 -0.0025 -0.0312 0.1351 -0.0011 -0.015704 3.076918 
0.618 0.04 0.47 -0.0025 -0.0312 0.1351 -0.0011 -0.015704 3.076914 
0.619 0.04 0.47 -0.0025 -0.0312 0.1351 -0.0011 -0.015704 3.076908 
0.620 0.04 0.47 -0.0025 -0.0312 0.1351 -0.0011 -0.015704 3.076904 
0.621 0.04 0.47 -0.0025 -0.0312 0.1351 -0.0011 -0.015704 3.076900 
0.622 0.04 0.47 -0.0025 -0.0312 0.1351 -0.0011 -0.015704 3.076896 
0.623 0.04 -0.53 -0.0024 0.0351 0.1353 -0.0011 -0.013086 3.076893 
0.624 0.04 -0.53 -0.0024 0.0351 0.1353 -0.0011 -0.013086 3.076892 
0.625 0.04 -0.53 -0.0024 0.0351 0.1353 -0.0011 -0.013086 3.076891 
0.626 0.04 -0.53 -0.0024 0.0351 0.1353 -0.0011 -0.013086 3.076886 
0.627 0.04 -0.53 -0.0024 0.0351 0.1353 -0.0011 -0.013086 3.076880 
0.628 0.04 -0.53 -0.0024 0.0351 0.1353 -0.0011 -0.013086 3.076877 
0.629 0.04 -0.53 -0.0024 0.0351 0.1353 -0.0011 -0.013086 3.076876 
0.630 0.04 -0.53 -0.0023 0.0351 0.1353 -0.0011 -0.013086 3.076876 
0.631 0.03 -0.53 -0.0023 0.0351 0.1353 -0.0011 -0.013086 3.076877 
0.632 0.03 -0.53 -0.0023 0.0351 0.1353 -0.0011 -0.013086 3.076874 
0.633 0.03 -0.53 -0.0023 0.0351 0.1353 -0.0011 -0.013086 3.076869 
0.634 0.03 -0.51 -0.0023 0.0342 0.1353 -0.0011 -0.013086 3.076861 
0.635 0.03 -0.47 -0.0023 0.0315 0.1353 -0.0011 -0.013086 3.076850 
0.636 0.03 0.46 -0.0023 -0.0308 0.1351 -0.0011 -0.015704 3.076838 
0.637 0.03 0.46 -0.0022 -0.0308 0.1351 -0.0011 -0.015704 3.076828 
0.638 0.03 0.46 -0.0022 -0.0308 0.1351 -0.0011 -0.015704 3.076824 
0.639 0.03 0.46 -0.0022 -0.0308 0.1351 -0.0011 -0.015704 3.076823 
0.640 0.03 0.46 -0.0022 -0.0308 0.1351 -0.0011 -0.015704 3.076823 
0.641 0.03 0.46 -0.0022 -0.0308 0.1351 -0.0011 -0.015704 3.076822 
0.642 0.03 0.46 -0.0022 -0.0308 0.1351 -0.0011 -0.015704 3.076815 
0.643 0.03 0.46 -0.0022 -0.0308 0.1351 -0.0011 -0.015704 3.076808 
0.644 0.03 0.46 -0.0022 -0.0308 0.1351 -0.0011 -0.015704 3.076804 
0.645 0.03 0.46 -0.0022 -0.0308 0.1351 -0.0011 -0.015704 3.076804 
0.646 0.03 0.46 -0.0021 -0.0308 0.1351 -0.0011 -0.015704 3.076802 
0.647 0.03 0.46 -0.0021 -0.0308 0.1351 -0.0011 -0.015704 3.076799 
0.648 0.03 0.46 -0.0021 -0.0308 0.1351 -0.0011 -0.015704 3.076795 
0.649 0.03 0.44 -0.0021 -0.0296 0.1351 -0.0011 -0.015704 3.076791 
0.650 0.03 0.41 -0.0021 -0.0276 0.1351 -0.0011 -0.015704 3.076790 
0.651 0.03 0.39 -0.0021 -0.0258 0.1351 -0.0011 -0.015704 3.076792 
0.652 0.03 0.36 -0.0021 -0.0243 0.1351 -0.0011 -0.015704 3.076795 
0.653 0.03 -0.36 -0.0021 0.0242 0.1353 -0.0011 -0.013086 3.076794 
0.654 0.03 -0.36 -0.0021 0.0242 0.1353 -0.0011 -0.013086 3.076788 
0.655 0.03 -0.36 -0.0020 0.0242 0.1353 -0.0011 -0.013086 3.076780 
0.656 0.03 -0.36 -0.0020 0.0242 0.1353 -0.0011 -0.013086 3.076772 
0.657 0.03 -0.36 -0.0020 0.0242 0.1353 -0.0011 -0.013086 3.076768 
0.658 0.03 -0.36 -0.0020 0.0242 0.1353 -0.0011 -0.013086 3.076764 
0.659 0.03 -0.36 -0.0020 0.0242 0.1353 -0.0011 -0.013086 3.076763 
0.660 0.03 -0.36 -0.0020 0.0242 0.1353 -0.0011 -0.013086 3.076764 
0.661 0.03 -0.36 -0.0020 0.0242 0.1353 -0.0011 -0.013086 3.076767 
0.662 0.03 -0.36 -0.0020 0.0242 0.1353 -0.0011 -0.013086 3.076768 
0.663 0.03 -0.36 -0.0020 0.0242 0.1353 -0.0011 -0.013086 3.076762 
0.664 0.03 -0.36 -0.0020 0.0242 0.1353 -0.0011 -0.013086 3.076755 
0.665 0.03 -0.36 -0.0019 0.0242 0.1353 -0.0011 -0.013086 3.076752 
0.666 0.03 -0.36 -0.0019 0.0242 0.1353 -0.0011 -0.013086 3.076751 
0.667 0.03 -0.36 -0.0019 0.0242 0.1353 -0.0011 -0.013086 3.076751 
0.668 0.03 -0.36 -0.0019 0.0242 0.1353 -0.0011 -0.013086 3.076749 
0.669 0.03 -0.36 -0.0019 0.0240 0.1353 -0.0011 -0.013086 3.076744 
0.670 0.03 -0.34 -0.0019 0.0226 0.1353 -0.0011 -0.013086 3.076739 
0.671 0.03 0.33 -0.0019 -0.0222 0.1351 -0.0011 -0.015704 3.076734 
0.672 0.03 0.33 -0.0019 -0.0222 0.1351 -0.0011 -0.015704 3.076730 
0.673 0.03 0.33 -0.0019 -0.0222 0.1351 -0.0011 -0.015704 3.076729 
0.674 0.03 0.33 -0.0019 -0.0222 0.1351 -0.0011 -0.015704 3.076725 
0.675 0.03 0.33 -0.0019 -0.0222 0.1351 -0.0011 -0.015704 3.076720 
0.676 0.03 0.33 -0.0018 -0.0222 0.1351 -0.0011 -0.015704 3.076717 
0.677 0.03 0.33 -0.0018 -0.0222 0.1351 -0.0011 -0.015704 3.076714 
0.678 0.03 0.33 -0.0018 -0.0222 0.1351 -0.0011 -0.015704 3.076710 
0.679 0.03 0.33 -0.0018 -0.0222 0.1351 -0.0011 -0.015704 3.076708 
0.680 0.03 0.33 -0.0018 -0.0222 0.1351 -0.0011 -0.015704 3.076707 
0.681 0.03 0.33 -0.0018 -0.0222 0.1351 -0.0011 -0.015704 3.076709 
0.682 0.03 0.33 -0.0018 -0.0222 0.1351 -0.0011 -0.015704 3.076712 
0.683 0.03 0.33 -0.0018 -0.0222 0.1351 -0.0011 -0.015704 3.076714 
0.684 0.03 0.33 -0.0018 -0.0222 0.1351 -0.0011 -0.015704 3.076714 
0.685 0.03 0.33 -0.0018 -0.0222 0.1351 -0.0011 -0.015704 3.076717 
0.686 0.03 0.33 -0.0018 -0.0222 0.1351 -0.0011 -0.015704 3.076717 
0.687 0.03 -0.37 -0.0018 0.0250 0.1353 -0.0011 -0.013086 3.076714 
0.688 0.03 -0.37 -0.0018 0.0250 0.1353 -0.0011 -0.013086 3.076713 
0.689 0.03 -0.37 -0.0017 0.0250 0.1353 -0.0011 -0.013086 3.076715 
0.690 0.03 -0.37 -0.0017 0.0250 0.1353 -0.0011 -0.013086 3.076712 
0.691 0.03 -0.37 -0.0017 0.0250 0.1353 -0.0011 -0.013086 3.076704 
0.692 0.03 -0.37 -0.0017 0.0250 0.1353 -0.0011 -0.013086 3.076695 
0.693 0.03 -0.37 -0.0017 0.0250 0.1353 -0.0011 -0.013086 3.076689 
0.694 0.03 -0.37 -0.0017 0.0250 0.1353 -0.0011 -0.013086 3.076684 
0.695 0.03 -0.37 -0.0017 0.0250 0.1353 -0.0011 -0.013086 3.076681 
0.696 0.03 -0.37 -0.0017 0.0250 0.1353 -0.0011 -0.013086 3.076677 
0.697 0.03 -0.37 -0.0017 0.0250 0.1353 -0.0011 -0.013086 3.076674 
0.698 0.03 -0.37 -0.0017 0.0250 0.1353 -0.0011 -0.013086 3.076673 
0.699 0.03 -0.37 -0.0017 0.0250 0.1353 -0.0011 -0.013086 3.076669 
0.700 0.02 -0.37 -0.0017 0.0250 0.1353 -0.0011 -0.013086 3.076667 
0.701 0.02 0.45 -0.0017 -0.0300 0.1351 -0.0011 -0.015704 3.076667 
0.702 0.02 0.45 -0.0017 -0.0300 0.1351 -0.0011 -0.015704 3.076665 
0.703 0.02 0.45 -0.0016 -0.0300 0.1351 -0.0011 -0.015704 3.076661 
0.704 0.02 0.45 -0.0016 -0.0300 0.1351 -0.0011 -0.015704 3.076657 
0.705 0.02 0.45 -0.0016 -0.0300 0.1351 -0.0011 -0.015704 3.076651 
0.706 0.02 0.45 -0.0016 -0.0300 0.1351 -0.0011 -0.015704 3.076648 
0.707 0.02 0.45 -0.0016 -0.0300 0.1351 -0.0011 -0.015704 3.076645 
0.708 0.02 0.45 -0.0016 -0.0300 0.1351 -0.0011 -0.015704 3.076640 
0.709 0.02 0.45 -0.0016 -0.0300 0.1351 -0.0011 -0.015704 3.076632 
0.710 0.02 0.45 -0.0016 -0.0300 0.1351 -0.0011 -0.015704 3.076626 
0.711 0.02 0.45 -0.0016 -0.0300 0.1351 -0.0011 -0.015704 3.076622 
0.712 0.02 0.45 -0.0016 -0.0300 0.1351 -0.0011 -0.015704 3.076620 
0.713 0.02 0.45 -0.0016 -0.0300 0.1351 -0.0011 -0.015704 3.076620 
0.714 0.02 -0.44 -0.0016 0.0295 0.1353 -0.0011 -0.013086 3.076623 
0.715 0.02 -0.44 -0.0016 0.0295 0.1353 -0.0011 -0.013086 3.076626 
0.716 0.02 -0.44 -0.0016 0.0295 0.1353 -0.0011 -0.013086 3.076627 
0.717 0.02 -0.44 -0.0016 0.0295 0.1353 -0.0011 -0.013086 3.076627 
0.718 0.02 -0.44 -0.0016 0.0295 0.1353 -0.0011 -0.013086 3.076627 
0.719 0.02 -0.44 -0.0015 0.0295 0.1353 -0.0011 -0.013086 3.076629 
0.720 0.02 -0.44 -0.0015 0.0295 0.1353 -0.0011 -0.013086 3.076634 
0.721 0.02 -0.44 -0.0015 0.0295 0.1353 -0.0011 -0.013086 3.076633 
0.722 0.02 -0.44 -0.0015 0.0295 0.1353 -0.0011 -0.013086 3.076628 
0.723 0.02 -0.44 -0.0015 0.0295 0.1353 -0.0011 -0.013086 3.076623 
0.724 0.02 -0.44 -0.0015 0.0295 0.1353 -0.0011 -0.013086 3.076616 
0.725 0.02 -0.44 -0.0015 0.0295 0.1353 -0.0011 -0.013086 3.076608 
0.726 0.02 -0.44 -0.0015 0.0295 0.1353 -0.0011 -0.013086 3.076603 
0.727 0.02 -0.44 -0.0015 0.0295 0.1353 -0.0011 -0.013086 3.076596 
0.728 0.02 0.45 -0.0015 -0.0302 0.1351 -0.0011 -0.015704 3.076591 
0.729 0.02 0.45 -0.0015 -0.0302 0.1351 -0.0011 -0.015704 3.076589 
0.730 0.02 0.45 -0.0015 -0.0302 0.1351 -0.0011 -0.015704 3.076582 
0.731 0.02 0.45 -0.0015 -0.0302 0.1351 -0.0011 -0.015704 3.076575 
0.732 0.02 0.45 -0.0015 -0.0302 0.1351 -0.0011 -0.015704 3.076574 
0.733 0.02 0.45 -0.0015 -0.0302 0.1351 -0.0011 -0.015704 3.076576 
0.734 0.02 0.45 -0.0015 -0.0302 0.1351 -0.0011 -0.015704 3.076575 
0.735 0.02 0.45 -0.0015 -0.0302 0.1351 -0.0011 -0.015704 3.076576 
0.736 0.02 0.45 -0.0015 -0.0302 0.1351 -0.0011 -0.015704 3.076580 
0.737 0.02 0.45 -0.0014 -0.0302 0.1351 -0.0011 -0.015704 3.076581 
0.738 0.02 0.45 -0.0014 -0.0302 0.1351 -0.0011 -0.015704 3.076578 
0.739 0.02 0.45 -0.0014 -0.0302 0.1351 -0.0011 -0.015704 3.076575 
0.740 0.02 0.45 -0.0014 -0.0302 0.1351 -0.0011 -0.015704 3.076574 
0.741 0.02 0.45 -0.0014 -0.0297 0.1351 -0.0011 -0.015704 3.076571 
0.742 0.02 0.41 -0.0014 -0.0277 0.1351 -0.0011 -0.015704 3.076568 
0.743 0.02 -0.41 -0.0014 0.0273 0.1353 -0.0011 -0.013086 3.076566 
0.744 0.02 -0.41 -0.0014 0.0273 0.1353 -0.0011 -0.013086 3.076569 
0.745 0.02 -0.41 -0.0014 0.0273 0.1353 -0.0011 -0.013086 3.076573 
0.746 0.02 -0.41 -0.0014 0.0273 0.1353 -0.0011 -0.013086 3.076577 
0.747 0.02 -0.41 -0.0014 0.0273 0.1353 -0.0011 -0.013086 3.076583 
0.748 0.02 -0.41 -0.0014 0.0273 0.1353 -0.0011 -0.013086 3.076585 
0.749 0.02 -0.41 -0.0014 0.0273 0.1353 -0.0011 -0.013086 3.076581 
0.750 0.02 -0.41 -0.0014 0.0273 0.1353 -0.0011 -0.013086 3.076579 
0.751 0.02 -0.41 -0.0014 0.0273 0.1353 -0.0011 -0.013086 3.076578 
0.752 0.02 -0.41 -0.0014 0.0273 0.1353 -0.0011 -0.013086 3.076580 
0.753 0.02 -0.41 -0.0014 0.0273 0.1353 -0.0011 -0.013086 3.076583 
0.754 0.02 -0.41 -0.0014 0.0273 0.1353 -0.0011 -0.013086 3.076584 
0.755 0.02 -0.41 -0.0014 0.0273 0.1353 -0.0011 -0.013086 3.076587 
0.756 0.02 -0.41 -0.0014 0.0273 0.1353 -0.0011 -0.013086 3.076591 
0.757 0.02 -0.41 -0.0013 0.0273 0.1353 -0.0011 -0.013086 3.076590 
0.758 0.02 0.39 -0.0013 -0.0263 0.1351 -0.0011 -0.015704 3.076585 
0.759 0.02 0.39 -0.0013 -0.0263 0.1351 -0.0011 -0.015704 3.076576 
0.760 0.02 0.39 -0.0013 -0.0263 0.1351 -0.0011 -0.015704 3.076566 
0.761 0.02 0.39 -0.0013 -0.0263 0.1351 -0.0011 -0.015704 3.076561 
0.762 0.02 0.39 -0.0013 -0.0263 0.1351 -0.0011 -0.015704 3.076559 
0.763 0.02 0.39 -0.0013 -0.0263 0.1351 -0.0011 -0.015704 3.076552 
0.764 0.02 0.39 -0.0013 -0.0263 0.1351 -0.0011 -0.015704 3.076543 
0.765 0.02 0.39 -0.0013 -0.0263 0.1351 -0.0011 -0.015704 3.076536 
0.766 0.02 0.39 -0.0013 -0.0263 0.1351 -0.0011 -0.015704 3.076530 
0.767 0.02 0.39 -0.0013 -0.0263 0.1351 -0.0011 -0.015704 3.076524 
0.768 0.02 0.39 -0.0013 -0.0263 0.1351 -0.0011 -0.015704 3.076524 
0.769 0.02 0.39 -0.0013 -0.0263 0.1351 -0.0011 -0.015704 3.076531 
0.770 0.02 0.39 -0.0013 -0.0263 0.1351 -0.0011 -0.015704 3.076541 
0.771 0.02 0.39 -0.0013 -0.0263 0.1351 -0.0011 -0.015704 3.076550 
0.772 0.02 0.39 -0.0013 -0.0263 0.1351 -0.0011 -0.015704 3.076555 
0.773 0.02 -0.42 -0.0013 0.0280 0.1353 -0.0011 -0.013086 3.076559 
0.774 0.02 -0.42 -0.0013 0.0280 0.1353 -0.0011 -0.013086 3.076566 
0.775 0.02 -0.42 -0.0013 0.0280 0.1353 -0.0011 -0.013086 3.076569 
0.776 0.02 -0.42 -0.0013 0.0280 0.1353 -0.0011 -0.013086 3.076569 
0.777 0.02 -0.42 -0.0013 0.0280 0.1353 -0.0011 -0.013086 3.076570 
0.778 0.02 -0.42 -0.0013 0.0280 0.1353 -0.0011 -0.013086 3.076574 
0.779 0.02 -0.42 -0.0013 0.0280 0.1353 -0.0011 -0.013086 3.076577 
0.780 0.02 -0.42 -0.0013 0.0280 0.1353 -0.0011 -0.013086 3.076576 
0.781 0.02 -0.42 -0.0013 0.0280 0.1353 -0.0011 -0.013086 3.076569 
0.782 0.02 -0.42 -0.0012 0.0280 0.1353 -0.0011 -0.013086 3.076564 
0.783 0.02 -0.42 -0.0012 0.0280 0.1353 -0.0011 -0.013086 3.076565 
0.784 0.02 -0.42 -0.0012 0.0280 0.1353 -0.0011 -0.013086 3.076569 
0.785 0.02 -0.42 -0.0012 0.0280 0.1353 -0.0011 -0.013086 3.076573 
0.786 0.02 -0.42 -0.0012 0.0280 0.1353 -0.0011 -0.013086 3.076576 
0.787 0.02 -0.41 -0.0012 0.0273 0.1353 -0.0011 -0.013086 3.076577 
0.788 0.02 0.40 -0.0012 -0.0267 0.1351 -0.0011 -0.015704 3.076577 
0.789 0.02 0.40 -0.0012 -0.0267 0.1351 -0.0011 -0.015704 3.076576 
0.790 0.02 0.40 -0.0012 -0.0267 0.1351 -0.0011 -0.015704 3.076575 
0.791 0.02 0.40 -0.0012 -0.0267 0.1351 -0.0011 -0.015704 3.076575 
0.792 0.02 0.40 -0.0012 -0.0267 0.1351 -0.0011 -0.015704 3.076576 
0.793 0.02 0.40 -0.0012 -0.0267 0.1351 -0.0011 -0.015704 3.076576 
0.794 0.02 0.40 -0.0012 -0.0267 0.1351 -0.0011 -0.015704 3.076575 
0.795 0.02 0.40 -0.0012 -0.0267 0.1351 -0.0011 -0.015704 3.076576 
0.796 0.02 0.40 -0.0012 -0.0267 0.1351 -0.0011 -0.015704 3.076580 
0.797 0.02 0.40 -0.0012 -0.0267 0.1351 -0.0011 -0.015704 3.076582 
0.798 0.02 0.40 -0.0012 -0.0267 0.1351 -0.0011 -0.015704 3.076580 
0.799 0.02 0.40 -0.0012 -0.0267 0.1351 -0.0011 -0.015704 3.076577 
0.800 0.02 0.40 -0.0012 -0.0267 0.1351 -0.0011 -0.015704 3.076574 
0.801 0.02 0.40 -0.0012 -0.0267 0.1351 -0.0011 -0.015704 3.076572 
0.802 0.02 0.40 -0.0012 -0.0267 0.1351 -0.0011 -0.015704 3.076574 
0.803 0.02 0.39 -0.0012 -0.0259 0.1351 -0.0011 -0.015704 3.076578 
0.804 0.02 -0.37 -0.0012 0.0247 0.1353 -0.0011 -0.013086 3.076581 
0.805 0.02 -0.37 -0.0012 0.0247 0.1353 -0.0011 -0.013086 3.076585 
0.806 0.02 -0.37 -0.0012 0.0247 0.1353 -0.0011 -0.013086 3.076591 
0.807 0.02 -0.37 -0.0012 0.0247 0.1353 -0.0011 -0.013086 3.076596 
0.808 0.02 -0.37 -0.0012 0.0247 0.1353 -0.0011 -0.013086 3.076601 
0.809 0.02 -0.37 -0.0012 0.0247 0.1353 -0.0011 -0.013086 3.076605 
0.810 0.02 -0.37 -0.0011 0.0247 0.1353 -0.0011 -0.013086 3.076604 
0.811 0.02 -0.37 -0.0011 0.0247 0.1353 -0.0011 -0.013086 3.076597 
0.812 0.02 -0.37 -0.0011 0.0247 0.1353 -0.0011 -0.013086 3.076591 
0.813 0.02 -0.37 -0.0011 0.0247 0.1353 -0.0011 -0.013086 3.076588 
0.814 0.02 -0.37 -0.0011 0.0247 0.1353 -0.0011 -0.013086 3.076589 
0.815 0.02 -0.37 -0.0011 0.0247 0.1353 -0.0011 -0.013086 3.076588 
0.816 0.02 -0.37 -0.0011 0.0247 0.1353 -0.0011 -0.013086 3.076587 
0.817 0.02 -0.37 -0.0011 0.0247 0.1353 -0.0011 -0.013086 3.076588 
0.818 0.02 0.43 -0.0011 -0.0287 0.1351 -0.0011 -0.015704 3.076588 
0.819 0.02 0.43 -0.0011 -0.0287 0.1351 -0.0011 -0.015704 3.076585 
0.820 0.02 0.43 -0.0011 -0.0287 0.1351 -0.0011 -0.015704 3.076581 
0.821 0.02 0.43 -0.0011 -0.0287 0.1351 -0.0011 -0.015704 3.076584 
0.822 0.02 0.43 -0.0011 -0.0287 0.1351 -0.0011 -0.015704 3.076589 
0.823 0.02 0.43 -0.0011 -0.0287 0.1351 -0.0011 -0.015704 3.076592 
0.824 0.02 0.43 -0.0011 -0.0287 0.1351 -0.0011 -0.015704 3.076596 
0.825 0.02 0.43 -0.0011 -0.0287 0.1351 -0.0011 -0.015704 3.076601 
0.826 0.02 0.43 -0.0011 -0.0287 0.1351 -0.0011 -0.015704 3.076604 
0.827 0.02 0.43 -0.0011 -0.0287 0.1351 -0.0011 -0.015704 3.076604 
0.828 0.02 0.43 -0.0011 -0.0287 0.1351 -0.0011 -0.015704 3.076605 
0.829 0.02 0.43 -0.0011 -0.0287 0.1351 -0.0011 -0.015704 3.076610 
0.830 0.02 0.43 -0.0011 -0.0287 0.1351 -0.0011 -0.015704 3.076612 
0.831 0.02 -0.49 -0.0011 0.0324 0.1353 -0.0011 -0.013086 3.076613 
0.832 0.02 -0.49 -0.0011 0.0324 0.1353 -0.0011 -0.013086 3.076617 
0.833 0.02 -0.49 -0.0011 0.0324 0.1353 -0.0011 -0.013086 3.076623 
0.834 0.02 -0.49 -0.0011 0.0324 0.1353 -0.0011 -0.013086 3.076627 
0.835 0.02 -0.49 -0.0011 0.0324 0.1353 -0.0011 -0.013086 3.076629 
0.836 0.02 -0.49 -0.0011 0.0324 0.1353 -0.0011 -0.013086 3.076628 
0.837 0.01 -0.49 -0.0011 0.0324 0.1353 -0.0011 -0.013086 3.076626 
0.838 0.01 -0.49 -0.0011 0.0324 0.1353 -0.0011 -0.013086 3.076622 
0.839 0.01 -0.49 -0.0011 0.0324 0.1353 -0.0011 -0.013086 3.076619 
0.840 0.01 -0.49 -0.0011 0.0324 0.1353 -0.0011 -0.013086 3.076620 
0.841 0.01 -0.49 -0.0011 0.0324 0.1353 -0.0011 -0.013086 3.076624 
0.842 0.01 -0.49 -0.0011 0.0324 0.1353 -0.0011 -0.013086 3.076626 
0.843 0.01 -0.48 -0.0010 0.0322 0.1353 -0.0011 -0.013086 3.076620 
0.844 0.01 -0.45 -0.0010 0.0298 0.1353 -0.0011 -0.013086 3.076612 
0.845 0.01 0.43 -0.0010 -0.0290 0.1351 -0.0011 -0.015704 3.076609 
0.846 0.01 0.43 -0.0010 -0.0290 0.1351 -0.0011 -0.015704 3.076611 
0.847 0.01 0.43 -0.0010 -0.0290 0.1351 -0.0011 -0.015704 3.076611 
0.848 0.01 0.43 -0.0010 -0.0290 0.1351 -0.0011 -0.015704 3.076606 
0.849 0.01 0.43 -0.0010 -0.0290 0.1351 -0.0011 -0.015704 3.076597 
0.850 0.01 0.43 -0.0010 -0.0290 0.1351 -0.0011 -0.015704 3.076588 
0.851 0.01 0.43 -0.0010 -0.0290 0.1351 -0.0011 -0.015704 3.076580 
0.852 0.01 0.43 -0.0010 -0.0290 0.1351 -0.0011 -0.015704 3.076573 
0.853 0.01 0.43 -0.0010 -0.0290 0.1351 -0.0011 -0.015704 3.076573 
0.854 0.01 0.43 -0.0010 -0.0290 0.1351 -0.0011 -0.015704 3.076578 
0.855 0.01 0.43 -0.0010 -0.0290 0.1351 -0.0011 -0.015704 3.076582 
0.856 0.01 0.43 -0.0010 -0.0290 0.1351 -0.0011 -0.015704 3.076582 
0.857 0.01 0.43 -0.0010 -0.0290 0.1351 -0.0011 -0.015704 3.076580 
0.858 0.01 0.43 -0.0010 -0.0290 0.1351 -0.0011 -0.015704 3.076579 
0.859 0.01 0.42 -0.0010 -0.0278 0.1351 -0.0011 -0.015704 3.076584 
0.860 0.01 -0.39 -0.0010 0.0263 0.1353 -0.0011 -0.013086 3.076590 
0.861 0.01 -0.39 -0.0010 0.0263 0.1353 -0.0011 -0.013086 3.076594 
0.862 0.01 -0.39 -0.0010 0.0263 0.1353 -0.0011 -0.013086 3.076596 
0.863 0.01 -0.39 -0.0010 0.0263 0.1353 -0.0011 -0.013086 3.076596 
0.864 0.01 -0.39 -0.0010 0.0263 0.1353 -0.0011 -0.013086 3.076593 
0.865 0.01 -0.39 -0.0010 0.0263 0.1353 -0.0011 -0.013086 3.076593 
0.866 0.01 -0.39 -0.0010 0.0263 0.1353 -0.0011 -0.013086 3.076598 
0.867 0.01 -0.39 -0.0010 0.0263 0.1353 -0.0011 -0.013086 3.076603 
0.868 0.01 -0.39 -0.0010 0.0263 0.1353 -0.0011 -0.013086 3.076605 
0.869 0.01 -0.39 -0.0010 0.0263 0.1353 -0.0011 -0.013086 3.076598 
0.870 0.01 -0.39 -0.0010 0.0263 0.1353 -0.0011 -0.013086 3.076590 
0.871 0.01 -0.39 -0.0010 0.0263 0.1353 -0.0011 -0.013086 3.076588 
0.872 0.01 -0.39 -0.0010 0.0263 0.1353 -0.0011 -0.013086 3.076591 
0.873 0.01 -0.39 -0.0010 0.0263 0.1353 -0.0011 -0.013086 3.076590 
0.874 0.01 -0.39 -0.0010 0.0263 0.1353 -0.0011 -0.013086 3.076585 
0.875 0.01 -0.39 -0.0010 0.0263 0.1353 -0.0011 -0.013086 3.076581 
0.876 0.01 0.39 -0.0010 -0.0260 0.1351 -0.0011 -0.015704 3.076576 
0.877 0.01 0.39 -0.0010 -0.0260 0.1351 -0.0011 -0.015704 3.076571 
0.878 0.01 0.39 -0.0010 -0.0260 0.1351 -0.0011 -0.015704 3.076564 
0.879 0.01 0.39 -0.0010 -0.0260 0.1351 -0.0011 -0.015704 3.076560 
0.880 0.01 0.39 -0.0010 -0.0260 0.1351 -0.0011 -0.015704 3.076556 
0.881 0.01 0.39 -0.0010 -0.0260 0.1351 -0.0011 -0.015704 3.076551 
0.882 0.01 0.39 -0.0010 -0.0260 0.1351 -0.0011 -0.015704 3.076548 
0.883 0.01 0.39 -0.0010 -0.0260 0.1351 -0.0011 -0.015704 3.076547 
0.884 0.01 0.39 -0.0009 -0.0260 0.1351 -0.0011 -0.015704 3.076548 
0.885 0.01 0.39 -0.0009 -0.0260 0.1351 -0.0011 -0.015704 3.076548 
0.886 0.01 0.39 -0.0009 -0.0260 0.1351 -0.0011 -0.015704 3.076545 
0.887 0.01 0.39 -0.0009 -0.0260 0.1351 -0.0011 -0.015704 3.076543 
0.888 0.01 0.39 -0.0009 -0.0260 0.1351 -0.0011 -0.015704 3.076543 
0.889 0.01 0.39 -0.0009 -0.0260 0.1351 -0.0011 -0.015704 3.076542 
0.890 0.01 0.39 -0.0009 -0.0260 0.1351 -0.0011 -0.015704 3.076538 
0.891 0.01 0.39 -0.0009 -0.0260 0.1351 -0.0011 -0.015704 3.076538 
0.892 0.01 -0.37 -0.0009 0.0250 0.1353 -0.0011 -0.013086 3.076540 
0.893 0.01 -0.37 -0.0009 0.0250 0.1353 -0.0011 -0.013086 3.076542 
0.894 0.01 -0.37 -0.0009 0.0250 0.1353 -0.0011 -0.013086 3.076547 
0.895 0.01 -0.37 -0.0009 0.0250 0.1353 -0.0011 -0.013086 3.076549 
0.896 0.01 -0.37 -0.0009 0.0250 0.1353 -0.0011 -0.013086 3.076548 
0.897 0.01 -0.37 -0.0009 0.0250 0.1353 -0.0011 -0.013086 3.076551 
0.898 0.01 -0.37 -0.0009 0.0250 0.1353 -0.0011 -0.013086 3.076557 
0.899 0.01 -0.37 -0.0009 0.0250 0.1353 -0.0011 -0.013086 3.076559 
0.900 0.01 -0.37 -0.0009 0.0250 0.1353 -0.0011 -0.013086 3.076558 
0.901 0.01 -0.37 -0.0009 0.0250 0.1353 -0.0011 -0.013086 3.076555 
0.902 0.01 -0.37 -0.0009 0.0250 0.1353 -0.0011 -0.013086 3.076550 
0.903 0.01 -0.37 -0.0009 0.0250 0.1353 -0.0011 -0.013086 3.076542 
0.904 0.01 -0.37 -0.0009 0.0250 0.1353 -0.0011 -0.013086 3.076537 
0.905 0.01 -0.37 -0.0009 0.0250 0.1353 -0.0011 -0.013086 3.076535 
0.906 0.01 0.43 -0.0009 -0.0285 0.1351 -0.0011 -0.015704 3.076533 
0.907 0.01 0.43 -0.0009 -0.0285 0.1351 -0.0011 -0.015704 3.076528 
0.908 0.01 0.43 -0.0009 -0.0285 0.1351 -0.0011 -0.015704 3.076520 
0.909 0.01 0.43 -0.0009 -0.0285 0.1351 -0.0011 -0.015704 3.076514 
0.910 0.01 0.43 -0.0009 -0.0285 0.1351 -0.0011 -0.015704 3.076510 
0.911 0.01 0.43 -0.0009 -0.0285 0.1351 -0.0011 -0.015704 3.076509 
0.912 0.01 0.43 -0.0009 -0.0285 0.1351 -0.0011 -0.015704 3.076509 
0.913 0.01 0.43 -0.0009 -0.0285 0.1351 -0.0011 -0.015704 3.076514 
0.914 0.01 0.43 -0.0009 -0.0285 0.1351 -0.0011 -0.015704 3.076520 
0.915 0.01 0.43 -0.0009 -0.0285 0.1351 -0.0011 -0.015704 3.076526 
0.916 0.01 0.43 -0.0009 -0.0285 0.1351 -0.0011 -0.015704 3.076530 
0.917 0.01 0.43 -0.0009 -0.0285 0.1351 -0.0011 -0.015704 3.076532 
0.918 0.01 0.43 -0.0009 -0.0285 0.1351 -0.0011 -0.015704 3.076538 
0.919 0.01 -0.48 -0.0009 0.0318 0.1353 -0.0011 -0.013086 3.076546 
0.920 0.01 -0.48 -0.0009 0.0318 0.1353 -0.0011 -0.013086 3.076551 
0.921 0.01 -0.48 -0.0009 0.0318 0.1353 -0.0011 -0.013086 3.076551 
0.922 0.01 -0.48 -0.0009 0.0318 0.1353 -0.0011 -0.013086 3.076555 
0.923 0.01 -0.48 -0.0009 0.0318 0.1353 -0.0011 -0.013086 3.076561 
0.924 0.01 -0.48 -0.0009 0.0318 0.1353 -0.0011 -0.013086 3.076565 
0.925 0.01 -0.48 -0.0009 0.0318 0.1353 -0.0011 -0.013086 3.076569 
0.926 0.01 -0.48 -0.0009 0.0318 0.1353 -0.0011 -0.013086 3.076577 
0.927 0.01 -0.48 -0.0009 0.0318 0.1353 -0.0011 -0.013086 3.076582 
0.928 0.01 -0.48 -0.0009 0.0318 0.1353 -0.0011 -0.013086 3.076582 
0.929 0.01 -0.48 -0.0009 0.0318 0.1353 -0.0011 -0.013086 3.076580 
0.930 0.01 -0.48 -0.0009 0.0318 0.1353 -0.0011 -0.013086 3.076578 
0.931 0.01 -0.48 -0.0009 0.0318 0.1353 -0.0011 -0.013086 3.076575 
0.932 0.01 0.48 -0.0009 -0.0324 0.1351 -0.0011 -0.015704 3.076571 
0.933 0.01 0.48 -0.0009 -0.0324 0.1351 -0.0011 -0.015704 3.076570 
0.934 0.01 0.48 -0.0008 -0.0324 0.1351 -0.0011 -0.015704 3.076571 
0.935 0.01 0.48 -0.0008 -0.0324 0.1351 -0.0011 -0.015704 3.076573 
