%% logfile from robot Freja (4)
% Freja (4)
%  1    time 0.000 sec
%  2  3 Motor voltage [V] left, right: 3.00 3.00
%  4  5 Wheel velocity [m/s] left, right: -0.0000 0.0000
%  6  7  8  9 Pose x,y,h,tilt [m,m,rad,rad]: 0 0 0 3.07603
0.000 3.00 3.00 -0.0000 0.0000 0.0000 0.0000 0.000000 3.076033 
0.001 3.00 3.00 -0.0000 0.0000 0.0000 0.0000 0.000000 3.076041 
0.002 3.00 3.00 -0.0000 0.0000 0.0000 0.0000 0.000000 3.076044 
0.003 3.00 3.00 -0.0000 0.0000 0.0000 0.0000 0.000000 3.076046 
0.004 3.00 3.00 -0.0000 0.0000 0.0000 0.0000 0.000000 3.076047 
0.005 3.00 3.00 -0.0000 0.0000 0.0000 0.0000 0.000000 3.076045 
0.006 3.00 3.00 -0.0000 0.0000 0.0000 0.0000 0.000000 3.076040 
0.007 3.00 3.00 0.0000 0.0000 0.0002 -0.0000 -0.002617 3.076039 
0.008 3.00 3.00 0.0000 0.0000 0.0004 -0.0000 0.000000 3.076044 
0.009 3.00 3.00 0.0000 0.0000 0.0004 -0.0000 0.000000 3.076048 
0.010 1.39 1.44 0.1611 0.1561 0.0008 -0.0000 0.000000 3.076052 
0.011 1.39 1.44 0.1611 0.1561 0.0008 -0.0000 0.000000 3.076054 
0.012 0.90 1.05 0.2102 0.1953 0.0012 -0.0000 0.000000 3.076053 
0.013 0.80 1.05 0.2199 0.1953 0.0014 -0.0000 -0.002617 3.076041 
0.014 0.80 0.91 0.2199 0.2094 0.0016 -0.0000 0.000000 3.076034 
0.015 0.73 0.91 0.2268 0.2094 0.0018 -0.0000 -0.002617 3.076059 
0.016 0.73 0.96 0.2268 0.2041 0.0020 -0.0000 0.000000 3.076085 
0.017 0.79 0.96 0.2209 0.2041 0.0022 -0.0000 -0.002617 3.076083 
0.018 0.79 0.88 0.2209 0.2121 0.0024 -0.0000 0.000000 3.076054 
0.019 0.74 0.88 0.2260 0.2121 0.0026 -0.0000 -0.002617 3.076030 
0.020 0.74 1.02 0.2260 0.1977 0.0028 -0.0000 0.000000 3.076040 
0.021 0.67 1.02 0.2333 0.1977 0.0030 -0.0000 -0.002617 3.076081 
0.022 0.71 1.04 0.2284 0.1963 0.0034 -0.0000 -0.002617 3.076123 
0.023 0.71 1.04 0.2284 0.1963 0.0034 -0.0000 -0.002617 3.076132 
0.024 0.79 1.09 0.2213 0.1910 0.0039 -0.0000 -0.002617 3.076111 
0.025 0.79 1.09 0.2213 0.1910 0.0039 -0.0000 -0.002617 3.076072 
0.026 0.86 0.93 0.2143 0.2072 0.0043 -0.0000 -0.002617 3.076039 
0.027 0.86 0.93 0.2143 0.2072 0.0043 -0.0000 -0.002617 3.076034 
0.028 0.84 1.01 0.2163 0.1984 0.0047 -0.0000 -0.002617 3.076054 
0.029 0.84 1.01 0.2163 0.1984 0.0047 -0.0000 -0.002617 3.076087 
0.030 0.94 1.03 0.2065 0.1965 0.0051 -0.0000 -0.002617 3.076106 
0.031 0.94 1.03 0.2065 0.1965 0.0051 -0.0000 -0.002617 3.076105 
0.032 0.96 1.02 0.2039 0.1980 0.0055 -0.0000 -0.002617 3.076095 
0.033 0.96 1.02 0.2039 0.1980 0.0055 -0.0000 -0.002617 3.076083 
0.034 0.92 0.95 0.2080 0.2049 0.0059 -0.0000 -0.002617 3.076079 
0.035 0.92 0.95 0.2080 0.2049 0.0059 -0.0000 -0.002617 3.076084 
0.036 0.84 0.99 0.2154 0.2008 0.0063 -0.0000 -0.002617 3.076095 
0.037 0.84 0.99 0.2154 0.2008 0.0063 -0.0000 -0.002617 3.076111 
0.038 0.84 0.96 0.2160 0.2036 0.0067 -0.0000 -0.002617 3.076131 
0.039 0.84 0.96 0.2160 0.2036 0.0067 -0.0000 -0.002617 3.076144 
0.040 0.96 0.99 0.2040 0.2012 0.0071 -0.0000 -0.002617 3.076145 
0.041 0.96 0.99 0.2040 0.2012 0.0071 -0.0000 -0.002617 3.076134 
0.042 0.92 0.87 0.2077 0.2132 0.0075 -0.0000 -0.002617 3.076120 
0.043 0.84 0.87 0.2156 0.2132 0.0077 -0.0000 -0.005235 3.076114 
0.044 0.84 0.94 0.2156 0.2062 0.0079 -0.0000 -0.002617 3.076119 
0.045 0.94 0.94 0.2058 0.2062 0.0081 -0.0000 -0.005235 3.076129 
0.046 0.94 0.92 0.2058 0.2083 0.0083 -0.0000 -0.002617 3.076138 
0.047 1.02 0.92 0.1977 0.2083 0.0085 -0.0000 -0.005235 3.076147 
0.048 1.02 0.97 0.1977 0.2033 0.0087 -0.0000 -0.002617 3.076150 
0.049 0.93 0.97 0.2068 0.2033 0.0089 -0.0000 -0.005235 3.076142 
0.050 0.93 0.81 0.2068 0.2188 0.0091 -0.0000 -0.002617 3.076128 
0.051 0.90 0.81 0.2097 0.2188 0.0093 -0.0000 -0.005235 3.076124 
0.052 0.90 0.96 0.2097 0.2037 0.0095 -0.0000 -0.002617 3.076128 
0.053 0.81 0.96 0.2191 0.2037 0.0097 -0.0000 -0.005235 3.076134 
0.054 0.81 0.95 0.2191 0.2050 0.0099 -0.0000 -0.002617 3.076141 
0.055 0.71 0.95 0.2285 0.2050 0.0101 -0.0000 -0.005235 3.076147 
0.056 0.71 1.02 0.2285 0.1983 0.0103 -0.0000 -0.002617 3.076148 
0.057 0.88 1.02 0.2118 0.1983 0.0105 -0.0000 -0.005235 3.076145 
0.058 0.88 0.98 0.2118 0.2016 0.0108 -0.0000 -0.002617 3.076139 
0.059 0.77 0.98 0.2229 0.2016 0.0110 -0.0000 -0.005235 3.076130 
0.060 0.77 0.97 0.2229 0.2025 0.0112 -0.0000 -0.002617 3.076125 
0.061 0.93 0.97 0.2066 0.2025 0.0114 -0.0000 -0.005235 3.076128 
0.062 0.93 0.79 0.2066 0.2205 0.0116 -0.0000 -0.002617 3.076134 
0.063 0.92 0.79 0.2078 0.2205 0.0118 -0.0000 -0.005235 3.076134 
0.064 0.92 1.03 0.2078 0.1970 0.0120 -0.0000 -0.002617 3.076127 
0.065 0.95 1.03 0.2053 0.1970 0.0122 -0.0000 -0.005235 3.076123 
0.066 0.95 1.11 0.2053 0.1894 0.0124 -0.0000 -0.002617 3.076122 
0.067 1.08 1.11 0.1923 0.1894 0.0126 -0.0000 -0.005235 3.076117 
0.068 1.08 1.09 0.1923 0.1914 0.0128 -0.0000 -0.002617 3.076113 
0.069 0.88 1.09 0.2124 0.1914 0.0130 -0.0000 -0.005235 3.076118 
0.070 0.75 0.98 0.2250 0.2018 0.0134 -0.0000 -0.005235 3.076133 
0.071 0.75 0.98 0.2250 0.2018 0.0134 -0.0000 -0.005235 3.076150 
0.072 0.91 1.12 0.2087 0.1876 0.0138 -0.0000 -0.005235 3.076161 
0.073 0.91 1.12 0.2087 0.1876 0.0138 -0.0000 -0.005235 3.076165 
0.074 1.01 1.12 0.1985 0.1876 0.0140 -0.0000 -0.007852 3.076169 
0.075 1.01 1.15 0.1985 0.1849 0.0142 -0.0000 -0.005235 3.076171 
0.076 0.94 1.15 0.2062 0.1849 0.0144 -0.0000 -0.007852 3.076167 
0.077 0.94 1.04 0.2062 0.1964 0.0146 -0.0000 -0.005235 3.076156 
0.078 0.79 1.04 0.2205 0.1964 0.0148 -0.0000 -0.007852 3.076148 
0.079 0.79 0.95 0.2205 0.2048 0.0150 -0.0000 -0.005235 3.076146 
0.080 0.89 0.95 0.2113 0.2048 0.0152 -0.0000 -0.007852 3.076144 
0.081 0.89 1.01 0.2113 0.1993 0.0154 -0.0001 -0.005235 3.076139 
0.082 0.84 1.01 0.2158 0.1993 0.0156 -0.0001 -0.007852 3.076129 
0.083 0.84 0.87 0.2158 0.2129 0.0158 -0.0001 -0.005235 3.076119 
0.084 0.81 0.87 0.2189 0.2129 0.0160 -0.0001 -0.007852 3.076108 
0.085 0.81 1.06 0.2189 0.1941 0.0162 -0.0001 -0.005235 3.076099 
0.086 0.89 1.06 0.2109 0.1941 0.0164 -0.0001 -0.007852 3.076092 
0.087 0.89 0.98 0.2109 0.2019 0.0166 -0.0001 -0.005235 3.076092 
0.088 0.90 0.98 0.2095 0.2019 0.0168 -0.0001 -0.007852 3.076101 
0.089 0.90 1.12 0.2095 0.1879 0.0170 -0.0001 -0.005235 3.076115 
0.090 0.83 1.12 0.2168 0.1879 0.0172 -0.0001 -0.007852 3.076123 
0.091 0.83 1.09 0.2168 0.1911 0.0174 -0.0001 -0.005235 3.076124 
0.092 0.94 1.09 0.2065 0.1911 0.0176 -0.0001 -0.007852 3.076123 
0.093 0.94 1.04 0.2065 0.1960 0.0178 -0.0001 -0.005235 3.076123 
0.094 0.95 1.04 0.2049 0.1960 0.0181 -0.0001 -0.007852 3.076121 
0.095 0.95 1.01 0.2049 0.1986 0.0183 -0.0001 -0.005235 3.076118 
0.096 0.91 1.01 0.2088 0.1986 0.0185 -0.0001 -0.007852 3.076114 
0.097 0.84 1.03 0.2163 0.1970 0.0189 -0.0001 -0.007852 3.076111 
0.098 0.84 1.03 0.2163 0.1970 0.0189 -0.0001 -0.007852 3.076111 
0.099 0.85 0.90 0.2147 0.2096 0.0193 -0.0001 -0.007852 3.076111 
0.100 0.85 0.90 0.2147 0.2096 0.0193 -0.0001 -0.007852 3.076109 
0.101 0.90 1.01 0.2100 0.1989 0.0197 -0.0001 -0.007852 3.076105 
0.102 0.90 1.01 0.2100 0.1989 0.0197 -0.0001 -0.007852 3.076099 
0.103 0.93 1.07 0.2067 0.1925 0.0201 -0.0001 -0.007852 3.076094 
0.104 0.93 1.07 0.2067 0.1925 0.0201 -0.0001 -0.007852 3.076089 
0.105 0.97 1.05 0.2028 0.1953 0.0205 -0.0001 -0.007852 3.076085 
0.106 0.97 1.05 0.2028 0.1953 0.0205 -0.0001 -0.007852 3.076088 
0.107 0.94 0.97 0.2064 0.2030 0.0209 -0.0001 -0.007852 3.076100 
0.108 0.94 0.97 0.2064 0.2030 0.0209 -0.0001 -0.007852 3.076112 
0.109 0.99 0.97 0.2013 0.2025 0.0213 -0.0001 -0.007852 3.076117 
0.110 0.99 0.97 0.2013 0.2025 0.0213 -0.0001 -0.007852 3.076121 
0.111 0.90 0.95 0.2096 0.2047 0.0217 -0.0001 -0.007852 3.076124 
0.112 0.90 0.95 0.2096 0.2047 0.0217 -0.0001 -0.007852 3.076125 
0.113 0.80 1.04 0.2198 0.1964 0.0221 -0.0001 -0.007852 3.076120 
0.114 0.80 1.04 0.2198 0.1964 0.0221 -0.0001 -0.007852 3.076114 
0.115 0.82 0.96 0.2179 0.2036 0.0225 -0.0001 -0.007852 3.076111 
0.116 0.82 0.96 0.2179 0.2036 0.0225 -0.0001 -0.007852 3.076105 
0.117 0.87 1.07 0.2129 0.1929 0.0227 -0.0001 -0.010469 3.076098 
0.118 0.87 1.09 0.2129 0.1912 0.0229 -0.0001 -0.007852 3.076092 
0.119 0.92 1.09 0.2077 0.1912 0.0231 -0.0001 -0.010469 3.076085 
0.120 0.92 1.08 0.2077 0.1923 0.0233 -0.0001 -0.007852 3.076076 
0.121 0.88 1.08 0.2123 0.1923 0.0235 -0.0001 -0.010469 3.076067 
0.122 0.88 1.10 0.2117 0.1897 0.0237 -0.0001 -0.007852 3.076061 
0.123 0.95 1.10 0.2052 0.1897 0.0239 -0.0001 -0.010469 3.076060 
0.124 0.95 0.93 0.2052 0.2070 0.0241 -0.0001 -0.007852 3.076064 
0.125 0.96 0.93 0.2039 0.2070 0.0243 -0.0001 -0.010469 3.076071 
0.126 0.91 1.01 0.2087 0.1990 0.0247 -0.0001 -0.010469 3.076074 
0.127 0.91 1.01 0.2087 0.1990 0.0247 -0.0001 -0.010469 3.076070 
0.128 0.86 1.05 0.2138 0.1946 0.0252 -0.0001 -0.010469 3.076066 
0.129 0.86 1.05 0.2138 0.1946 0.0252 -0.0001 -0.010469 3.076066 
0.130 0.86 1.05 0.2138 0.1945 0.0256 -0.0001 -0.010469 3.076074 
0.131 0.86 1.05 0.2138 0.1945 0.0256 -0.0001 -0.010469 3.076083 
0.132 0.98 1.00 0.2023 0.2001 0.0260 -0.0001 -0.010469 3.076092 
0.133 0.98 1.00 0.2023 0.2001 0.0260 -0.0001 -0.010469 3.076100 
0.134 0.93 1.05 0.2066 0.1944 0.0264 -0.0001 -0.010469 3.076104 
0.135 0.93 1.05 0.2066 0.1944 0.0264 -0.0001 -0.010469 3.076099 
0.136 0.84 1.03 0.2163 0.1967 0.0268 -0.0001 -0.010469 3.076091 
0.137 0.84 1.03 0.2163 0.1967 0.0268 -0.0001 -0.010469 3.076087 
0.138 0.93 1.06 0.2068 0.1940 0.0272 -0.0001 -0.010469 3.076086 
0.139 0.93 1.06 0.2068 0.1940 0.0272 -0.0001 -0.010469 3.076091 
0.140 1.00 0.94 0.1998 0.2057 0.0276 -0.0002 -0.010469 3.076094 
0.141 1.00 0.94 0.1998 0.2057 0.0276 -0.0002 -0.010469 3.076092 
0.142 0.91 1.00 0.2092 0.1997 0.0280 -0.0002 -0.010469 3.076091 
0.143 0.91 1.00 0.2092 0.1997 0.0280 -0.0002 -0.010469 3.076095 
0.144 0.88 0.97 0.2120 0.2028 0.0284 -0.0002 -0.010469 3.076101 
0.145 0.88 0.97 0.2120 0.2028 0.0284 -0.0002 -0.010469 3.076105 
0.146 0.79 1.01 0.2210 0.1987 0.0288 -0.0002 -0.010469 3.076108 
0.147 0.79 1.01 0.2210 0.1987 0.0288 -0.0002 -0.010469 3.076112 
0.148 0.69 0.85 0.2305 0.2150 0.0292 -0.0002 -0.010469 3.076119 
0.149 0.86 0.85 0.2138 0.2150 0.0294 -0.0002 -0.013086 3.076126 
0.150 0.86 1.00 0.2138 0.1999 0.0296 -0.0002 -0.010469 3.076127 
0.151 2.75 3.00 0.2254 0.1999 0.0298 -0.0002 -0.013086 3.076123 
0.152 2.75 2.98 0.2254 0.2016 0.0300 -0.0002 -0.010469 3.076121 
0.153 2.88 2.98 0.2120 0.2016 0.0302 -0.0002 -0.013086 3.076118 
0.154 2.88 2.92 0.2120 0.2082 0.0304 -0.0002 -0.010469 3.076116 
0.155 2.65 2.92 0.2354 0.2082 0.0306 -0.0002 -0.013086 3.076118 
0.156 2.39 2.62 0.2608 0.2379 0.0310 -0.0002 -0.013086 3.076120 
0.157 2.39 2.40 0.2608 0.2599 0.0312 -0.0002 -0.010469 3.076119 
0.158 2.36 2.40 0.2641 0.2599 0.0314 -0.0002 -0.013086 3.076118 
0.159 1.92 1.97 0.3082 0.3027 0.0318 -0.0002 -0.013086 3.076118 
0.160 1.92 2.13 0.3082 0.2867 0.0323 -0.0002 -0.013086 3.076120 
0.161 1.60 2.13 0.3397 0.2867 0.0323 -0.0002 -0.013086 3.076127 
0.162 1.71 2.08 0.3286 0.2915 0.0327 -0.0002 -0.013086 3.076135 
0.163 1.75 1.91 0.3250 0.3087 0.0331 -0.0002 -0.013086 3.076139 
0.164 1.69 1.63 0.3308 0.3367 0.0335 -0.0002 -0.013086 3.076139 
0.165 1.50 1.79 0.3504 0.3209 0.0339 -0.0002 -0.013086 3.076136 
0.166 1.50 1.79 0.3504 0.3209 0.0339 -0.0002 -0.013086 3.076144 
0.167 1.64 1.82 0.3363 0.3182 0.0343 -0.0002 -0.013086 3.076166 
0.168 1.56 1.65 0.3435 0.3354 0.0347 -0.0002 -0.013086 3.076169 
0.169 1.52 1.54 0.3480 0.3459 0.0351 -0.0002 -0.013086 3.076166 
0.170 1.60 1.65 0.3396 0.3350 0.0355 -0.0003 -0.013086 3.076165 
0.171 1.51 1.35 0.3490 0.3644 0.0359 -0.0003 -0.013086 3.076164 
0.172 1.31 1.61 0.3685 0.3391 0.0363 -0.0003 -0.013086 3.076176 
0.173 1.35 1.61 0.3644 0.3387 0.0363 -0.0003 -0.013086 3.076188 
0.174 1.46 1.43 0.3539 0.3570 0.0367 -0.0003 -0.013086 3.076200 
0.175 1.48 1.66 0.3515 0.3342 0.0371 -0.0003 -0.013086 3.076205 
0.176 1.45 1.61 0.3553 0.3387 0.0375 -0.0003 -0.013086 3.076195 
0.177 1.36 1.59 0.3640 0.3411 0.0379 -0.0003 -0.013086 3.076178 
0.178 1.37 1.58 0.3630 0.3417 0.0383 -0.0003 -0.013086 3.076161 
0.179 1.41 1.58 0.3589 0.3417 0.0385 -0.0003 -0.015704 3.076158 
0.180 1.40 1.59 0.3599 0.3411 0.0389 -0.0003 -0.015704 3.076172 
0.181 1.44 1.35 0.3556 0.3650 0.0393 -0.0003 -0.015704 3.076186 
0.182 1.44 1.54 0.3556 0.3461 0.0396 -0.0003 -0.013086 3.076194 
0.183 1.39 1.63 0.3610 0.3369 0.0400 -0.0003 -0.013086 3.076195 
0.184 1.51 1.57 0.3493 0.3431 0.0404 -0.0003 -0.013086 3.076191 
0.185 1.39 1.46 0.3612 0.3543 0.0408 -0.0003 -0.013086 3.076187 
0.186 1.26 1.46 0.3743 0.3543 0.0410 -0.0003 -0.015704 3.076181 
0.187 1.32 1.49 0.3681 0.3505 0.0414 -0.0003 -0.015704 3.076181 
0.188 1.36 1.46 0.3636 0.3538 0.0418 -0.0003 -0.015704 3.076186 
0.189 1.38 1.56 0.3624 0.3441 0.0422 -0.0003 -0.015704 3.076192 
0.190 1.24 1.39 0.3758 0.3610 0.0426 -0.0004 -0.015704 3.076192 
0.191 1.37 1.59 0.3626 0.3409 0.0430 -0.0004 -0.015704 3.076190 
0.192 1.37 1.58 0.3626 0.3419 0.0432 -0.0004 -0.013086 3.076185 
0.193 1.42 1.58 0.3583 0.3419 0.0434 -0.0004 -0.015704 3.076181 
0.194 1.38 1.63 0.3619 0.3367 0.0438 -0.0004 -0.015704 3.076181 
0.195 1.32 1.36 0.3676 0.3640 0.0442 -0.0004 -0.015704 3.076181 
0.196 1.34 1.55 0.3658 0.3446 0.0446 -0.0004 -0.015704 3.076179 
0.197 1.51 1.60 0.3488 0.3401 0.0450 -0.0004 -0.015704 3.076179 
0.198 1.39 1.56 0.3610 0.3438 0.0454 -0.0004 -0.015704 3.076186 
0.199 1.20 1.44 0.3802 0.3558 0.0458 -0.0004 -0.015704 3.076189 
0.200 1.38 1.44 0.3620 0.3558 0.0460 -0.0004 -0.018321 3.076182 
0.201 1.38 1.52 0.3620 0.3477 0.0462 -0.0004 -0.015704 3.076179 
0.202 1.52 1.50 0.3481 0.3496 0.0467 -0.0004 -0.015704 3.076186 
0.203 1.41 1.57 0.3594 0.3430 0.0471 -0.0004 -0.015704 3.076198 
0.204 1.43 1.39 0.3570 0.3607 0.0475 -0.0004 -0.015704 3.076208 
0.205 1.32 1.53 0.3676 0.3471 0.0479 -0.0004 -0.015704 3.076215 
0.206 1.14 1.49 0.3861 0.3513 0.0483 -0.0004 -0.015704 3.076216 
0.207 1.36 1.49 0.3641 0.3513 0.0485 -0.0004 -0.018321 3.076209 
0.208 1.10 1.55 0.3901 0.3447 0.0489 -0.0005 -0.018321 3.076199 
0.209 1.36 1.25 0.3635 0.3746 0.0493 -0.0005 -0.018321 3.076190 
0.210 1.35 1.52 0.3649 0.3482 0.0497 -0.0005 -0.018321 3.076189 
0.211 1.35 1.47 0.3649 0.3526 0.0499 -0.0005 -0.015704 3.076189 
0.212 1.42 1.55 0.3579 0.3453 0.0503 -0.0005 -0.015704 3.076184 
0.213 1.69 1.47 0.3308 0.3531 0.0507 -0.0005 -0.015704 3.076175 
0.214 1.37 1.51 0.3628 0.3487 0.0511 -0.0005 -0.015704 3.076171 
0.215 1.15 1.51 0.3848 0.3487 0.0515 -0.0005 -0.015704 3.076169 
0.216 1.39 1.18 0.3610 0.3824 0.0517 -0.0005 -0.018321 3.076167 
0.217 1.52 1.54 0.3482 0.3463 0.0521 -0.0005 -0.018321 3.076169 
0.218 1.39 1.61 0.3607 0.3391 0.0525 -0.0005 -0.018321 3.076171 
0.219 1.20 1.55 0.3801 0.3448 0.0529 -0.0005 -0.018321 3.076168 
0.220 1.28 1.34 0.3717 0.3655 0.0531 -0.0005 -0.015704 3.076162 
0.221 1.40 1.61 0.3605 0.3393 0.0535 -0.0005 -0.015704 3.076159 
0.222 1.37 1.61 0.3631 0.3393 0.0537 -0.0005 -0.018321 3.076157 
0.223 1.35 1.68 0.3650 0.3322 0.0542 -0.0005 -0.018321 3.076151 
0.224 1.47 1.55 0.3532 0.3452 0.0546 -0.0005 -0.018321 3.076143 
0.225 1.41 1.45 0.3593 0.3552 0.0550 -0.0006 -0.018321 3.076137 
0.226 1.21 1.54 0.3788 0.3459 0.0554 -0.0006 -0.018321 3.076134 
0.227 1.39 1.23 0.3606 0.3765 0.0558 -0.0006 -0.018321 3.076133 
0.228 1.44 1.51 0.3564 0.3487 0.0562 -0.0006 -0.018321 3.076125 
0.229 1.44 1.33 0.3564 0.3669 0.0566 -0.0006 -0.018321 3.076115 
0.230 1.43 1.33 0.3575 0.3669 0.0566 -0.0006 -0.018321 3.076107 
0.231 1.38 1.58 0.3625 0.3422 0.0570 -0.0006 -0.018321 3.076108 
0.232 1.41 1.55 0.3587 0.3446 0.0574 -0.0006 -0.018321 3.076112 
0.233 1.46 1.54 0.3541 0.3459 0.0578 -0.0006 -0.018321 3.076111 
0.234 1.45 1.55 0.3547 0.3453 0.0582 -0.0006 -0.018321 3.076107 
0.235 1.49 1.56 0.3515 0.3436 0.0586 -0.0006 -0.018321 3.076099 
0.236 1.42 1.32 0.3576 0.3676 0.0590 -0.0006 -0.018321 3.076096 
0.237 1.51 1.32 0.3488 0.3676 0.0592 -0.0006 -0.020938 3.076100 
0.238 1.54 1.53 0.3461 0.3471 0.0594 -0.0006 -0.018321 3.076108 
0.239 1.42 1.61 0.3583 0.3385 0.0598 -0.0006 -0.018321 3.076117 
0.240 1.28 1.56 0.3717 0.3442 0.0602 -0.0007 -0.018321 3.076121 
0.241 1.34 1.46 0.3663 0.3539 0.0606 -0.0007 -0.018321 3.076119 
0.242 1.38 1.49 0.3621 0.3512 0.0611 -0.0007 -0.018321 3.076115 
0.243 1.39 1.46 0.3609 0.3540 0.0615 -0.0007 -0.018321 3.076111 
0.244 1.25 1.46 0.3745 0.3540 0.0617 -0.0007 -0.020938 3.076111 
0.245 1.39 1.54 0.3607 0.3455 0.0621 -0.0007 -0.020938 3.076114 
0.246 1.44 1.35 0.3562 0.3651 0.0625 -0.0007 -0.020938 3.076117 
0.247 1.44 1.55 0.3562 0.3445 0.0627 -0.0007 -0.018321 3.076117 
0.248 1.41 1.54 0.3592 0.3458 0.0631 -0.0007 -0.018321 3.076112 
0.249 1.35 1.59 0.3652 0.3407 0.0635 -0.0007 -0.018321 3.076104 
0.250 1.37 1.33 0.3631 0.3670 0.0639 -0.0007 -0.018321 3.076097 
0.251 1.54 1.52 0.3463 0.3475 0.0643 -0.0007 -0.018321 3.076094 
0.252 1.41 1.52 0.3589 0.3475 0.0645 -0.0007 -0.020938 3.076098 
0.253 1.23 1.58 0.3768 0.3415 0.0649 -0.0007 -0.020938 3.076102 
0.254 1.38 1.55 0.3615 0.3449 0.0653 -0.0008 -0.020938 3.076103 
0.255 1.53 1.42 0.3468 0.3576 0.0657 -0.0008 -0.020938 3.076103 
0.256 1.53 1.52 0.3468 0.3482 0.0659 -0.0008 -0.018321 3.076102 
0.257 1.42 1.49 0.3580 0.3514 0.0663 -0.0008 -0.018321 3.076102 
0.258 1.43 1.55 0.3571 0.3448 0.0667 -0.0008 -0.018321 3.076102 
0.259 1.32 1.55 0.3683 0.3448 0.0669 -0.0008 -0.020938 3.076106 
0.260 1.14 1.37 0.3856 0.3630 0.0673 -0.0008 -0.020938 3.076113 
0.261 1.34 1.51 0.3654 0.3494 0.0677 -0.0008 -0.020938 3.076120 
0.262 1.10 1.46 0.3903 0.3537 0.0681 -0.0008 -0.020938 3.076124 
0.263 1.36 1.54 0.3639 0.3461 0.0686 -0.0008 -0.020938 3.076123 
0.264 1.34 1.24 0.3658 0.3762 0.0690 -0.0008 -0.020938 3.076116 
0.265 1.41 1.51 0.3586 0.3489 0.0694 -0.0008 -0.020938 3.076106 
0.266 1.41 1.48 0.3586 0.3523 0.0696 -0.0008 -0.018321 3.076095 
0.267 1.69 1.48 0.3311 0.3523 0.0698 -0.0008 -0.020938 3.076086 
0.268 1.37 1.54 0.3630 0.3463 0.0702 -0.0008 -0.020938 3.076082 
0.269 1.15 1.46 0.3848 0.3541 0.0706 -0.0009 -0.020938 3.076080 
0.270 1.39 1.47 0.3608 0.3526 0.0710 -0.0009 -0.020938 3.076075 
0.271 1.51 1.15 0.3486 0.3846 0.0714 -0.0009 -0.020938 3.076069 
0.272 1.40 1.52 0.3604 0.3476 0.0718 -0.0009 -0.020938 3.076064 
0.273 1.20 1.61 0.3801 0.3384 0.0722 -0.0009 -0.020938 3.076057 
0.274 1.40 1.61 0.3598 0.3384 0.0724 -0.0009 -0.023556 3.076051 
0.275 1.40 1.56 0.3598 0.3438 0.0728 -0.0009 -0.023556 3.076050 
0.276 1.36 1.35 0.3635 0.3648 0.0730 -0.0009 -0.020938 3.076053 
0.277 1.35 1.62 0.3652 0.3384 0.0734 -0.0009 -0.020938 3.076059 
0.278 1.48 1.68 0.3524 0.3318 0.0738 -0.0009 -0.020938 3.076064 
0.279 1.43 1.55 0.3570 0.3446 0.0742 -0.0009 -0.020938 3.076066 
0.280 1.27 1.46 0.3729 0.3544 0.0746 -0.0009 -0.020938 3.076067 
0.281 1.45 1.46 0.3552 0.3544 0.0748 -0.0009 -0.023556 3.076065 
0.282 1.48 1.55 0.3518 0.3452 0.0752 -0.0010 -0.023556 3.076058 
0.283 1.44 1.25 0.3558 0.3751 0.0757 -0.0010 -0.023556 3.076047 
0.284 1.44 1.53 0.3558 0.3473 0.0759 -0.0010 -0.020938 3.076039 
0.285 1.36 1.34 0.3642 0.3655 0.0763 -0.0010 -0.020938 3.076040 
0.286 1.37 1.59 0.3628 0.3413 0.0767 -0.0010 -0.020938 3.076044 
0.287 1.41 1.55 0.3589 0.3452 0.0771 -0.0010 -0.020938 3.076049 
0.288 1.41 1.53 0.3591 0.3471 0.0775 -0.0010 -0.020938 3.076051 
0.289 1.45 1.53 0.3552 0.3471 0.0777 -0.0010 -0.023556 3.076047 
0.290 1.40 1.52 0.3604 0.3474 0.0781 -0.0010 -0.023556 3.076040 
0.291 1.51 1.54 0.3488 0.3455 0.0785 -0.0010 -0.023556 3.076035 
0.292 1.40 1.31 0.3602 0.3690 0.0789 -0.0010 -0.023556 3.076032 
0.293 1.40 1.51 0.3602 0.3493 0.0791 -0.0010 -0.020938 3.076035 
0.294 1.26 1.61 0.3742 0.3394 0.0795 -0.0011 -0.020938 3.076046 
0.295 1.32 1.55 0.3675 0.3453 0.0799 -0.0011 -0.020938 3.076059 
0.296 1.37 1.55 0.3630 0.3453 0.0801 -0.0011 -0.023556 3.076067 
0.297 1.38 1.45 0.3616 0.3545 0.0805 -0.0011 -0.023556 3.076067 
0.298 1.25 1.46 0.3748 0.3539 0.0809 -0.0011 -0.023556 3.076063 
0.299 1.39 1.44 0.3612 0.3557 0.0813 -0.0011 -0.023556 3.076061 
0.300 1.44 1.54 0.3558 0.3464 0.0817 -0.0011 -0.023556 3.076057 
0.301 1.40 1.33 0.3605 0.3672 0.0821 -0.0011 -0.023556 3.076055 
0.302 1.36 1.53 0.3641 0.3465 0.0825 -0.0011 -0.023556 3.076059 
0.303 1.36 1.52 0.3641 0.3478 0.0827 -0.0011 -0.020938 3.076064 
0.304 1.36 1.52 0.3638 0.3478 0.0830 -0.0011 -0.023556 3.076066 
0.305 1.55 1.58 0.3453 0.3419 0.0834 -0.0011 -0.023556 3.076068 
0.306 1.42 1.31 0.3581 0.3692 0.0838 -0.0012 -0.023556 3.076065 
0.307 1.23 1.51 0.3767 0.3488 0.0842 -0.0012 -0.023556 3.076059 
0.308 1.42 1.57 0.3582 0.3432 0.0846 -0.0012 -0.023556 3.076054 
0.309 1.53 1.53 0.3471 0.3465 0.0850 -0.0012 -0.023556 3.076056 
0.310 1.43 1.42 0.3570 0.3582 0.0854 -0.0012 -0.023556 3.076063 
0.311 1.43 1.42 0.3570 0.3582 0.0854 -0.0012 -0.023556 3.076073 
0.312 1.43 1.50 0.3573 0.3498 0.0858 -0.0012 -0.023556 3.076081 
0.313 1.36 1.49 0.3642 0.3514 0.0862 -0.0012 -0.023556 3.076086 
0.314 1.16 1.55 0.3836 0.3453 0.0866 -0.0012 -0.023556 3.076090 
0.315 1.39 1.38 0.3608 0.3625 0.0870 -0.0012 -0.023556 3.076092 
0.316 1.13 1.49 0.3868 0.3508 0.0874 -0.0012 -0.023556 3.076091 
0.317 1.39 1.46 0.3607 0.3536 0.0878 -0.0012 -0.023556 3.076088 
0.318 1.38 1.51 0.3624 0.3491 0.0882 -0.0013 -0.023556 3.076084 
0.319 1.46 1.53 0.3544 0.3470 0.0884 -0.0013 -0.026173 3.076077 
0.320 1.62 1.24 0.3377 0.3764 0.0886 -0.0013 -0.023556 3.076076 
0.321 1.73 1.49 0.3269 0.3512 0.0890 -0.0013 -0.023556 3.076079 
0.322 1.42 1.45 0.3577 0.3549 0.0894 -0.0013 -0.023556 3.076082 
0.323 1.20 1.54 0.3802 0.3462 0.0898 -0.0013 -0.023556 3.076082 
0.324 1.43 1.45 0.3571 0.3553 0.0903 -0.0013 -0.023556 3.076076 
0.325 1.54 1.50 0.3457 0.3503 0.0907 -0.0013 -0.023556 3.076069 
0.326 1.42 1.18 0.3584 0.3823 0.0911 -0.0013 -0.023556 3.076067 
0.327 1.22 1.25 0.3782 0.3751 0.0913 -0.0013 -0.026173 3.076073 
0.328 1.42 1.54 0.3585 0.3454 0.0917 -0.0013 -0.026173 3.076084 
0.329 1.42 1.63 0.3585 0.3373 0.0921 -0.0013 -0.026173 3.076090 
0.330 1.37 1.57 0.3628 0.3427 0.0923 -0.0014 -0.023556 3.076095 
0.331 1.37 1.36 0.3634 0.3636 0.0927 -0.0014 -0.023556 3.076097 
0.332 1.47 1.62 0.3532 0.3376 0.0931 -0.0014 -0.023556 3.076099 
0.333 1.40 1.62 0.3596 0.3376 0.0933 -0.0014 -0.026173 3.076104 
0.334 1.22 1.70 0.3781 0.3302 0.0937 -0.0014 -0.026173 3.076111 
0.335 1.39 1.55 0.3611 0.3446 0.0941 -0.0014 -0.026173 3.076118 
0.336 1.43 1.46 0.3566 0.3539 0.0945 -0.0014 -0.026173 3.076120 
0.337 1.40 1.55 0.3598 0.3449 0.0949 -0.0014 -0.026173 3.076118 
0.338 1.32 1.24 0.3678 0.3758 0.0953 -0.0014 -0.026173 3.076113 
0.339 1.32 1.52 0.3678 0.3482 0.0955 -0.0014 -0.023556 3.076110 
0.340 1.34 1.33 0.3660 0.3669 0.0959 -0.0014 -0.023556 3.076111 
0.341 1.39 1.39 0.3608 0.3614 0.0961 -0.0015 -0.026173 3.076115 
0.342 1.39 1.58 0.3611 0.3420 0.0965 -0.0015 -0.026173 3.076120 
0.343 1.44 1.54 0.3561 0.3462 0.0969 -0.0015 -0.026173 3.076120 
0.344 1.39 1.52 0.3608 0.3475 0.0973 -0.0015 -0.026173 3.076119 
0.345 1.51 1.52 0.3491 0.3475 0.0978 -0.0015 -0.026173 3.076122 
0.346 1.39 1.54 0.3605 0.3459 0.0982 -0.0015 -0.026173 3.076124 
0.347 1.27 1.30 0.3730 0.3697 0.0986 -0.0015 -0.026173 3.076121 
0.348 1.27 1.51 0.3730 0.3493 0.0988 -0.0015 -0.023556 3.076119 
0.349 1.33 1.51 0.3668 0.3493 0.0990 -0.0015 -0.026173 3.076123 
0.350 1.39 1.60 0.3611 0.3396 0.0994 -0.0015 -0.026173 3.076132 
0.351 1.40 1.54 0.3602 0.3457 0.0998 -0.0015 -0.026173 3.076140 
0.352 1.28 1.43 0.3719 0.3566 0.1002 -0.0016 -0.026173 3.076143 
0.353 1.41 1.48 0.3587 0.3524 0.1006 -0.0016 -0.026173 3.076143 
0.354 1.45 1.44 0.3546 0.3564 0.1010 -0.0016 -0.026173 3.076144 
0.355 1.42 1.53 0.3580 0.3468 0.1014 -0.0016 -0.026173 3.076145 
0.356 1.36 1.53 0.3636 0.3468 0.1016 -0.0016 -0.028790 3.076145 
0.357 1.36 1.34 0.3636 0.3662 0.1018 -0.0016 -0.026173 3.076144 
0.358 1.38 1.52 0.3618 0.3477 0.1022 -0.0016 -0.026173 3.076145 
0.359 1.55 1.52 0.3447 0.3482 0.1026 -0.0016 -0.026173 3.076147 
0.360 1.44 1.58 0.3562 0.3423 0.1030 -0.0016 -0.026173 3.076150 
0.361 1.27 1.31 0.3732 0.3688 0.1034 -0.0016 -0.026173 3.076152 
0.362 1.44 1.51 0.3557 0.3489 0.1038 -0.0017 -0.026173 3.076152 
0.363 1.57 1.51 0.3427 0.3489 0.1040 -0.0017 -0.028790 3.076150 
0.364 1.45 1.57 0.3548 0.3429 0.1044 -0.0017 -0.028790 3.076146 
0.365 1.45 1.54 0.3548 0.3456 0.1046 -0.0017 -0.026173 3.076144 
0.366 1.47 1.42 0.3533 0.3581 0.1051 -0.0017 -0.026173 3.076150 
0.367 1.36 1.51 0.3638 0.3489 0.1055 -0.0017 -0.026173 3.076157 
0.368 1.18 1.50 0.3821 0.3502 0.1059 -0.0017 -0.026173 3.076165 
0.369 1.39 1.54 0.3607 0.3461 0.1063 -0.0017 -0.026173 3.076177 
0.370 1.13 1.37 0.3868 0.3632 0.1067 -0.0017 -0.026173 3.076185 
0.371 1.39 1.37 0.3610 0.3632 0.1069 -0.0017 -0.028790 3.076184 
0.372 1.36 1.51 0.3637 0.3488 0.1073 -0.0017 -0.028790 3.076178 
0.373 1.43 1.46 0.3570 0.3544 0.1077 -0.0018 -0.028790 3.076174 
0.374 1.64 1.54 0.3358 0.3461 0.1079 -0.0018 -0.026173 3.076172 
0.375 1.70 1.23 0.3296 0.3768 0.1083 -0.0018 -0.026173 3.076173 
0.376 1.38 1.50 0.3619 0.3497 0.1087 -0.0018 -0.026173 3.076176 
0.377 1.16 1.47 0.3844 0.3534 0.1091 -0.0018 -0.026173 3.076180 
0.378 1.38 1.54 0.3617 0.3462 0.1095 -0.0018 -0.026173 3.076184 
0.379 1.50 1.54 0.3495 0.3462 0.1097 -0.0018 -0.028790 3.076184 
0.380 1.38 1.46 0.3618 0.3544 0.1101 -0.0018 -0.028790 3.076182 
0.381 1.19 1.47 0.3814 0.3528 0.1105 -0.0018 -0.028790 3.076180 
0.382 1.39 1.15 0.3613 0.3849 0.1109 -0.0018 -0.028790 3.076179 
0.383 1.35 1.52 0.3649 0.3478 0.1113 -0.0019 -0.028790 3.076181 
0.384 1.35 1.60 0.3649 0.3403 0.1117 -0.0019 -0.028790 3.076184 
0.385 1.34 1.54 0.3655 0.3462 0.1119 -0.0019 -0.026173 3.076188 
0.386 1.46 1.33 0.3536 0.3672 0.1124 -0.0019 -0.026173 3.076190 
0.387 1.39 1.33 0.3607 0.3672 0.1126 -0.0019 -0.028790 3.076191 
0.388 1.22 1.60 0.3783 0.3399 0.1130 -0.0019 -0.028790 3.076195 
0.389 1.41 1.67 0.3590 0.3327 0.1134 -0.0019 -0.028790 3.076199 
0.390 1.47 1.55 0.3528 0.3451 0.1138 -0.0019 -0.028790 3.076197 
0.391 1.44 1.46 0.3558 0.3543 0.1142 -0.0019 -0.028790 3.076190 
0.392 1.35 1.55 0.3649 0.3454 0.1146 -0.0020 -0.028790 3.076183 
0.393 1.35 1.26 0.3649 0.3742 0.1150 -0.0020 -0.028790 3.076178 
0.394 1.38 1.26 0.3618 0.3742 0.1150 -0.0020 -0.028790 3.076176 
0.395 1.41 1.52 0.3588 0.3483 0.1154 -0.0020 -0.028790 3.076174 
0.396 1.41 1.34 0.3586 0.3656 0.1158 -0.0020 -0.028790 3.076171 
0.397 1.46 1.59 0.3539 0.3405 0.1162 -0.0020 -0.028790 3.076172 
0.398 1.40 1.55 0.3598 0.3447 0.1166 -0.0020 -0.028790 3.076177 
0.399 1.52 1.53 0.3479 0.3466 0.1170 -0.0020 -0.028790 3.076181 
0.400 1.40 1.53 0.3603 0.3467 0.1174 -0.0020 -0.028790 3.076179 
0.401 1.28 1.53 0.3723 0.3467 0.1176 -0.0020 -0.031408 3.076175 
0.402 -3.72 -3.45 0.3723 0.3453 0.1178 -0.0020 -0.028790 3.076171 
0.403 -3.68 -3.68 0.3684 0.3684 0.1182 -0.0021 -0.028790 3.076169 
0.404 -3.60 -3.44 0.3603 0.3444 0.1186 -0.0021 -0.028790 3.076172 
0.405 -3.33 -3.02 0.3327 0.3016 0.1190 -0.0021 -0.028790 3.076180 
0.406 -2.89 -3.02 0.2888 0.3016 0.1192 -0.0021 -0.031408 3.076191 
0.407 -2.89 -2.51 0.2888 0.2511 0.1195 -0.0021 -0.028790 3.076199 
0.408 -1.99 -2.48 0.1992 0.2478 0.1197 -0.0021 -0.031408 3.076202 
0.409 -1.99 -1.84 0.1992 0.1839 0.1199 -0.0021 -0.028790 3.076201 
0.410 -1.86 -1.84 0.1856 0.1839 0.1199 -0.0021 -0.028790 3.076199 
0.411 -1.27 -1.67 0.1274 0.1670 0.1199 -0.0021 -0.028790 3.076190 
0.412 -0.97 -1.18 0.0970 0.1183 0.1199 -0.0021 -0.028790 3.076180 
0.413 -0.81 -0.96 0.0813 0.0957 0.1203 -0.0021 -0.028790 3.076115 
0.414 -0.81 -0.96 0.0813 0.0957 0.1203 -0.0021 -0.028790 3.076006 
0.415 -0.81 -0.96 0.0813 0.0957 0.1203 -0.0021 -0.028790 3.075961 
0.416 -0.81 -0.96 0.0813 0.0957 0.1203 -0.0021 -0.028790 3.075986 
0.417 -0.81 -0.96 0.0813 0.0957 0.1203 -0.0021 -0.028790 3.076008 
0.418 -0.78 -0.78 0.0781 0.0781 0.1203 -0.0021 -0.028790 3.075997 
0.419 0.75 -0.65 -0.0752 0.0655 0.1201 -0.0021 -0.026173 3.075977 
0.420 0.75 -0.56 -0.0752 0.0564 0.1201 -0.0021 -0.026173 3.075977 
0.421 0.75 -0.49 -0.0752 0.0495 0.1201 -0.0021 -0.026173 3.076051 
0.422 0.75 -0.44 -0.0752 0.0441 0.1201 -0.0021 -0.026173 3.076146 
0.423 0.75 -0.40 -0.0752 0.0398 0.1201 -0.0021 -0.026173 3.076212 
0.424 0.70 -0.36 -0.0699 0.0362 0.1201 -0.0021 -0.026173 3.076277 
0.425 0.60 -0.33 -0.0596 0.0333 0.1201 -0.0021 -0.026173 3.076303 
0.426 0.52 -0.31 -0.0520 0.0308 0.1201 -0.0021 -0.026173 3.076256 
0.427 0.46 -0.28 -0.0461 0.0286 0.1201 -0.0021 -0.026173 3.076180 
0.428 0.41 -0.27 -0.0414 0.0267 0.1201 -0.0021 -0.026173 3.076132 
0.429 0.38 -0.25 -0.0376 0.0251 0.1201 -0.0021 -0.026173 3.076120 
0.430 0.34 -0.23 -0.0344 0.0236 0.1201 -0.0021 -0.026173 3.076129 
0.431 0.32 -0.22 -0.0317 0.0223 0.1201 -0.0021 -0.026173 3.076144 
0.432 -0.31 -0.21 0.0314 0.0211 0.1203 -0.0021 -0.028790 3.076159 
0.433 -0.31 -0.20 0.0314 0.0201 0.1203 -0.0021 -0.028790 3.076187 
0.434 -0.31 -0.19 0.0314 0.0191 0.1203 -0.0021 -0.028790 3.076207 
0.435 -0.31 -0.18 0.0314 0.0183 0.1203 -0.0021 -0.028790 3.076184 
0.436 -0.31 -0.17 0.0314 0.0175 0.1203 -0.0021 -0.028790 3.076134 
0.437 -0.31 -0.17 0.0314 0.0168 0.1203 -0.0021 -0.028790 3.076102 
0.438 -0.31 0.17 0.0314 -0.0166 0.1201 -0.0021 -0.031408 3.076101 
0.439 -0.31 0.17 0.0314 -0.0166 0.1201 -0.0021 -0.031408 3.076121 
0.440 -0.31 0.17 0.0314 -0.0166 0.1201 -0.0021 -0.031408 3.076143 
0.441 -0.31 0.17 0.0314 -0.0166 0.1201 -0.0021 -0.031408 3.076143 
0.442 -0.31 0.17 0.0314 -0.0166 0.1201 -0.0021 -0.031408 3.076128 
0.443 -0.31 0.17 0.0314 -0.0166 0.1201 -0.0021 -0.031408 3.076112 
0.444 -0.31 0.17 0.0314 -0.0166 0.1201 -0.0021 -0.031408 3.076096 
0.445 -0.29 0.17 0.0292 -0.0166 0.1201 -0.0021 -0.031408 3.076087 
0.446 -0.27 0.17 0.0273 -0.0166 0.1201 -0.0021 -0.031408 3.076105 
0.447 -0.26 0.17 0.0255 -0.0166 0.1201 -0.0021 -0.031408 3.076130 
0.448 -0.24 0.17 0.0240 -0.0166 0.1201 -0.0021 -0.031408 3.076132 
0.449 -0.23 0.17 0.0227 -0.0166 0.1201 -0.0021 -0.031408 3.076118 
0.450 -0.21 0.17 0.0215 -0.0166 0.1201 -0.0021 -0.031408 3.076097 
0.451 -0.20 0.17 0.0204 -0.0166 0.1201 -0.0021 -0.031408 3.076080 
0.452 -0.19 0.17 0.0194 -0.0166 0.1201 -0.0021 -0.031408 3.076065 
0.453 -0.18 0.17 0.0185 -0.0166 0.1201 -0.0021 -0.031408 3.076055 
0.454 -0.18 0.17 0.0177 -0.0166 0.1201 -0.0021 -0.031408 3.076053 
0.455 -0.17 0.17 0.0170 -0.0166 0.1201 -0.0021 -0.031408 3.076061 
0.456 -0.16 0.17 0.0163 -0.0166 0.1201 -0.0021 -0.031408 3.076072 
0.457 -0.16 0.17 0.0157 -0.0166 0.1201 -0.0021 -0.031408 3.076071 
0.458 -0.15 0.17 0.0151 -0.0166 0.1201 -0.0021 -0.031408 3.076066 
0.459 -0.14 0.17 0.0146 -0.0166 0.1201 -0.0021 -0.031408 3.076068 
0.460 -0.14 0.17 0.0140 -0.0166 0.1201 -0.0021 -0.031408 3.076075 
0.461 -0.14 0.17 0.0136 -0.0166 0.1201 -0.0021 -0.031408 3.076077 
0.462 -0.13 0.16 0.0131 -0.0163 0.1201 -0.0021 -0.031408 3.076072 
0.463 -0.13 0.16 0.0127 -0.0157 0.1201 -0.0021 -0.031408 3.076072 
0.464 -0.12 0.15 0.0123 -0.0151 0.1201 -0.0021 -0.031408 3.076082 
0.465 -0.12 0.14 0.0120 -0.0146 0.1201 -0.0021 -0.031408 3.076096 
0.466 -0.12 0.14 0.0116 -0.0141 0.1201 -0.0021 -0.031408 3.076102 
0.467 -0.11 0.14 0.0113 -0.0136 0.1201 -0.0021 -0.031408 3.076097 
0.468 -0.11 0.13 0.0110 -0.0132 0.1201 -0.0021 -0.031408 3.076088 
0.469 -0.11 0.13 0.0107 -0.0128 0.1201 -0.0021 -0.031408 3.076088 
0.470 -0.10 0.12 0.0104 -0.0124 0.1201 -0.0021 -0.031408 3.076094 
0.471 -0.10 0.12 0.0102 -0.0120 0.1201 -0.0021 -0.031408 3.076093 
0.472 -0.10 0.12 0.0099 -0.0117 0.1201 -0.0021 -0.031408 3.076088 
0.473 -0.10 0.11 0.0097 -0.0113 0.1201 -0.0021 -0.031408 3.076084 
0.474 -0.09 0.11 0.0095 -0.0110 0.1201 -0.0021 -0.031408 3.076081 
0.475 -0.09 0.11 0.0092 -0.0107 0.1201 -0.0021 -0.031408 3.076077 
0.476 -0.09 0.10 0.0090 -0.0105 0.1201 -0.0021 -0.031408 3.076069 
0.477 -0.09 0.10 0.0088 -0.0102 0.1201 -0.0021 -0.031408 3.076064 
0.478 -0.09 0.10 0.0087 -0.0099 0.1201 -0.0021 -0.031408 3.076067 
0.479 -0.08 0.10 0.0085 -0.0097 0.1201 -0.0021 -0.031408 3.076072 
0.480 -0.08 0.09 0.0083 -0.0095 0.1201 -0.0021 -0.031408 3.076069 
0.481 -0.08 0.09 0.0081 -0.0093 0.1201 -0.0021 -0.031408 3.076063 
0.482 -0.08 0.09 0.0080 -0.0091 0.1201 -0.0021 -0.031408 3.076061 
0.483 -0.08 0.09 0.0078 -0.0089 0.1201 -0.0021 -0.031408 3.076062 
0.484 -0.08 0.09 0.0077 -0.0087 0.1201 -0.0021 -0.031408 3.076065 
0.485 -0.07 0.08 0.0075 -0.0085 0.1201 -0.0021 -0.031408 3.076068 
0.486 -0.07 0.08 0.0074 -0.0083 0.1201 -0.0021 -0.031408 3.076069 
0.487 -0.07 0.08 0.0073 -0.0081 0.1201 -0.0021 -0.031408 3.076066 
0.488 -0.07 0.08 0.0071 -0.0080 0.1201 -0.0021 -0.031408 3.076063 
0.489 -0.07 0.08 0.0070 -0.0078 0.1201 -0.0021 -0.031408 3.076056 
0.490 -0.07 0.08 0.0069 -0.0077 0.1201 -0.0021 -0.031408 3.076047 
0.491 -0.07 0.07 0.0068 -0.0075 0.1201 -0.0021 -0.031408 3.076043 
0.492 -0.07 0.07 0.0067 -0.0074 0.1201 -0.0021 -0.031408 3.076041 
0.493 -0.07 0.07 0.0066 -0.0073 0.1201 -0.0021 -0.031408 3.076040 
0.494 -0.06 0.07 0.0065 -0.0071 0.1201 -0.0021 -0.031408 3.076040 
0.495 -0.06 0.07 0.0064 -0.0070 0.1201 -0.0021 -0.031408 3.076040 
0.496 -0.06 0.07 0.0063 -0.0069 0.1201 -0.0021 -0.031408 3.076043 
0.497 -0.06 0.07 0.0062 -0.0068 0.1201 -0.0021 -0.031408 3.076052 
0.498 -0.06 0.07 0.0061 -0.0067 0.1201 -0.0021 -0.031408 3.076058 
0.499 -0.06 0.07 0.0060 -0.0066 0.1201 -0.0021 -0.031408 3.076058 
0.500 -0.06 0.06 0.0060 -0.0065 0.1203 -0.0021 -0.034025 3.076058 
0.501 -0.06 0.06 0.0060 -0.0064 0.1203 -0.0021 -0.034025 3.076063 
0.502 -0.06 0.06 0.0060 -0.0063 0.1203 -0.0021 -0.034025 3.076070 
0.503 -0.06 0.06 0.0060 -0.0062 0.1203 -0.0021 -0.034025 3.076073 
0.504 -0.06 0.06 0.0060 -0.0061 0.1203 -0.0021 -0.034025 3.076067 
0.505 -0.06 0.06 0.0060 -0.0060 0.1203 -0.0021 -0.034025 3.076057 
0.506 -0.06 0.06 0.0060 -0.0059 0.1203 -0.0021 -0.034025 3.076051 
0.507 -0.06 0.06 0.0060 -0.0058 0.1203 -0.0021 -0.034025 3.076048 
0.508 -0.06 0.06 0.0060 -0.0057 0.1203 -0.0021 -0.034025 3.076042 
0.509 -0.06 0.06 0.0060 -0.0056 0.1203 -0.0021 -0.034025 3.076033 
0.510 -0.06 0.06 0.0060 -0.0056 0.1203 -0.0021 -0.034025 3.076025 
0.511 -0.06 0.05 0.0060 -0.0055 0.1203 -0.0021 -0.034025 3.076021 
0.512 -0.06 0.05 0.0060 -0.0054 0.1203 -0.0021 -0.034025 3.076015 
0.513 -0.06 0.05 0.0060 -0.0054 0.1203 -0.0021 -0.034025 3.076006 
0.514 -0.06 0.05 0.0060 -0.0053 0.1203 -0.0021 -0.034025 3.075999 
0.515 -0.06 0.05 0.0060 -0.0052 0.1203 -0.0021 -0.034025 3.075996 
0.516 -0.06 0.05 0.0060 -0.0051 0.1203 -0.0021 -0.034025 3.075992 
0.517 -0.06 0.05 0.0060 -0.0051 0.1203 -0.0021 -0.034025 3.075987 
0.518 -0.06 0.05 0.0060 -0.0050 0.1203 -0.0021 -0.034025 3.075986 
0.519 -0.06 0.05 0.0060 -0.0050 0.1203 -0.0021 -0.034025 3.075984 
0.520 -0.06 0.05 0.0060 -0.0049 0.1203 -0.0021 -0.034025 3.075980 
0.521 -0.06 0.05 0.0060 -0.0048 0.1203 -0.0021 -0.034025 3.075975 
0.522 -0.06 0.05 0.0060 -0.0048 0.1203 -0.0021 -0.034025 3.075968 
0.523 -0.06 0.05 0.0060 -0.0047 0.1203 -0.0021 -0.034025 3.075962 
0.524 -0.06 0.05 0.0060 -0.0047 0.1203 -0.0021 -0.034025 3.075959 
0.525 -0.06 0.05 0.0060 -0.0046 0.1203 -0.0021 -0.034025 3.075955 
0.526 -0.06 0.04 0.0060 -0.0046 0.1203 -0.0021 -0.034025 3.075952 
0.527 -0.06 0.04 0.0060 -0.0045 0.1203 -0.0021 -0.034025 3.075948 
0.528 -0.06 0.04 0.0060 -0.0045 0.1203 -0.0021 -0.034025 3.075947 
0.529 -0.06 0.04 0.0060 -0.0044 0.1203 -0.0021 -0.034025 3.075946 
0.530 -0.06 0.04 0.0060 -0.0044 0.1203 -0.0021 -0.034025 3.075945 
0.531 -0.06 0.04 0.0060 -0.0043 0.1203 -0.0021 -0.034025 3.075950 
0.532 -0.06 0.04 0.0060 -0.0043 0.1203 -0.0021 -0.034025 3.075957 
0.533 -0.06 0.04 0.0060 -0.0042 0.1203 -0.0021 -0.034025 3.075963 
0.534 -0.06 0.04 0.0060 -0.0042 0.1203 -0.0021 -0.034025 3.075967 
0.535 -0.06 0.04 0.0060 -0.0041 0.1203 -0.0021 -0.034025 3.075968 
0.536 -0.06 0.04 0.0060 -0.0041 0.1203 -0.0021 -0.034025 3.075967 
0.537 -0.06 0.04 0.0060 -0.0041 0.1203 -0.0021 -0.034025 3.075966 
0.538 -0.06 0.04 0.0060 -0.0040 0.1203 -0.0021 -0.034025 3.075965 
0.539 -0.06 0.04 0.0060 -0.0040 0.1203 -0.0021 -0.034025 3.075964 
0.540 -0.06 0.04 0.0060 -0.0039 0.1203 -0.0021 -0.034025 3.075966 
0.541 -0.06 0.04 0.0060 -0.0039 0.1203 -0.0021 -0.034025 3.075964 
0.542 -0.06 0.04 0.0060 -0.0039 0.1203 -0.0021 -0.034025 3.075958 
0.543 -0.06 0.04 0.0060 -0.0038 0.1203 -0.0021 -0.034025 3.075954 
0.544 -0.06 0.04 0.0060 -0.0038 0.1203 -0.0021 -0.034025 3.075953 
0.545 -0.06 0.04 0.0060 -0.0038 0.1203 -0.0021 -0.034025 3.075948 
0.546 -0.06 0.04 0.0060 -0.0037 0.1203 -0.0021 -0.034025 3.075942 
0.547 -0.06 0.04 0.0060 -0.0037 0.1203 -0.0021 -0.034025 3.075938 
0.548 -0.06 0.04 0.0060 -0.0037 0.1203 -0.0021 -0.034025 3.075935 
0.549 -0.06 0.04 0.0060 -0.0036 0.1203 -0.0021 -0.034025 3.075932 
0.550 -0.06 0.04 0.0060 -0.0036 0.1203 -0.0021 -0.034025 3.075930 
0.551 -0.06 0.04 0.0060 -0.0036 0.1203 -0.0021 -0.034025 3.075931 
0.552 -0.06 0.04 0.0060 -0.0035 0.1203 -0.0021 -0.034025 3.075935 
0.553 -0.06 0.04 0.0060 -0.0035 0.1203 -0.0021 -0.034025 3.075942 
0.554 -0.06 0.03 0.0060 -0.0035 0.1203 -0.0021 -0.034025 3.075947 
0.555 -0.06 0.03 0.0060 -0.0034 0.1203 -0.0021 -0.034025 3.075952 
0.556 -0.06 0.03 0.0060 -0.0034 0.1203 -0.0021 -0.034025 3.075962 
0.557 -0.06 0.03 0.0060 -0.0034 0.1203 -0.0021 -0.034025 3.075971 
0.558 -0.06 0.03 0.0060 -0.0034 0.1203 -0.0021 -0.034025 3.075972 
0.559 -0.06 0.03 0.0060 -0.0033 0.1203 -0.0021 -0.034025 3.075967 
0.560 -0.06 0.03 0.0060 -0.0033 0.1203 -0.0021 -0.034025 3.075964 
0.561 -0.06 0.03 0.0060 -0.0033 0.1203 -0.0021 -0.034025 3.075963 
0.562 -0.06 0.03 0.0060 -0.0033 0.1203 -0.0021 -0.034025 3.075959 
0.563 -0.06 0.03 0.0060 -0.0032 0.1203 -0.0021 -0.034025 3.075953 
0.564 -0.06 0.03 0.0060 -0.0032 0.1203 -0.0021 -0.034025 3.075949 
0.565 -0.06 0.03 0.0060 -0.0032 0.1203 -0.0021 -0.034025 3.075945 
0.566 -0.06 0.03 0.0060 -0.0031 0.1203 -0.0021 -0.034025 3.075942 
0.567 -0.06 0.03 0.0060 -0.0031 0.1203 -0.0021 -0.034025 3.075942 
0.568 -0.06 0.03 0.0059 -0.0031 0.1203 -0.0021 -0.034025 3.075947 
0.569 -0.06 0.03 0.0058 -0.0031 0.1203 -0.0021 -0.034025 3.075950 
0.570 -0.06 0.03 0.0057 -0.0031 0.1203 -0.0021 -0.034025 3.075945 
0.571 -0.06 0.03 0.0056 -0.0030 0.1203 -0.0021 -0.034025 3.075942 
0.572 -0.06 0.03 0.0056 -0.0030 0.1203 -0.0021 -0.034025 3.075945 
0.573 -0.05 0.03 0.0055 -0.0030 0.1203 -0.0021 -0.034025 3.075947 
0.574 -0.05 0.03 0.0054 -0.0030 0.1203 -0.0021 -0.034025 3.075949 
0.575 -0.05 0.03 0.0054 -0.0029 0.1203 -0.0021 -0.034025 3.075949 
0.576 -0.05 0.03 0.0053 -0.0029 0.1203 -0.0021 -0.034025 3.075945 
0.577 -0.05 0.03 0.0052 -0.0029 0.1203 -0.0021 -0.034025 3.075940 
0.578 -0.05 0.03 0.0051 -0.0029 0.1203 -0.0021 -0.034025 3.075936 
0.579 -0.05 0.03 0.0051 -0.0029 0.1203 -0.0021 -0.034025 3.075933 
0.580 -0.05 0.03 0.0050 -0.0028 0.1203 -0.0021 -0.034025 3.075928 
0.581 -0.05 0.03 0.0050 -0.0028 0.1203 -0.0021 -0.034025 3.075919 
0.582 -0.05 0.03 0.0049 -0.0028 0.1203 -0.0021 -0.034025 3.075910 
0.583 -0.05 0.03 0.0048 -0.0028 0.1203 -0.0021 -0.034025 3.075904 
0.584 -0.05 0.03 0.0048 -0.0028 0.1203 -0.0021 -0.034025 3.075902 
0.585 -0.05 0.03 0.0047 -0.0027 0.1203 -0.0021 -0.034025 3.075903 
0.586 -0.05 0.03 0.0047 -0.0027 0.1203 -0.0021 -0.034025 3.075902 
0.587 -0.05 0.03 0.0046 -0.0027 0.1203 -0.0021 -0.034025 3.075901 
0.588 -0.04 0.03 0.0046 -0.0027 0.1203 -0.0021 -0.034025 3.075905 
0.589 -0.04 0.03 0.0045 -0.0027 0.1203 -0.0021 -0.034025 3.075913 
0.590 -0.04 0.03 0.0045 -0.0027 0.1203 -0.0021 -0.034025 3.075918 
0.591 -0.04 0.03 0.0044 -0.0026 0.1203 -0.0021 -0.034025 3.075920 
0.592 -0.04 0.03 0.0044 -0.0026 0.1203 -0.0021 -0.034025 3.075920 
0.593 -0.04 0.03 0.0043 -0.0026 0.1203 -0.0021 -0.034025 3.075924 
0.594 -0.04 0.03 0.0043 -0.0026 0.1203 -0.0021 -0.034025 3.075932 
0.595 -0.04 0.03 0.0042 -0.0026 0.1203 -0.0021 -0.034025 3.075938 
0.596 -0.04 0.03 0.0042 -0.0026 0.1203 -0.0021 -0.034025 3.075940 
0.597 -0.04 0.03 0.0041 -0.0025 0.1203 -0.0021 -0.034025 3.075939 
0.598 -0.04 0.03 0.0041 -0.0025 0.1203 -0.0021 -0.034025 3.075938 
0.599 -0.04 0.03 0.0041 -0.0025 0.1203 -0.0021 -0.034025 3.075940 
0.600 -0.04 0.02 0.0040 -0.0025 0.1203 -0.0021 -0.034025 3.075943 
0.601 -0.04 0.02 0.0040 -0.0025 0.1203 -0.0021 -0.034025 3.075942 
0.602 -0.04 0.02 0.0039 -0.0025 0.1203 -0.0021 -0.034025 3.075943 
0.603 -0.04 0.02 0.0039 -0.0024 0.1203 -0.0021 -0.034025 3.075947 
0.604 -0.04 0.02 0.0039 -0.0024 0.1203 -0.0021 -0.034025 3.075950 
0.605 -0.04 0.02 0.0038 -0.0024 0.1203 -0.0021 -0.034025 3.075953 
0.606 -0.04 0.02 0.0038 -0.0024 0.1203 -0.0021 -0.034025 3.075956 
0.607 -0.04 0.02 0.0038 -0.0024 0.1203 -0.0021 -0.034025 3.075958 
0.608 -0.04 0.02 0.0037 -0.0024 0.1203 -0.0021 -0.034025 3.075957 
0.609 -0.04 0.02 0.0037 -0.0024 0.1203 -0.0021 -0.034025 3.075957 
0.610 -0.04 0.02 0.0037 -0.0023 0.1203 -0.0021 -0.034025 3.075960 
0.611 -0.04 0.02 0.0036 -0.0023 0.1203 -0.0021 -0.034025 3.075963 
0.612 -0.04 0.02 0.0036 -0.0023 0.1203 -0.0021 -0.034025 3.075964 
0.613 -0.04 0.02 0.0036 -0.0023 0.1203 -0.0021 -0.034025 3.075965 
0.614 -0.04 0.02 0.0035 -0.0023 0.1203 -0.0021 -0.034025 3.075967 
0.615 -0.04 0.02 0.0035 -0.0023 0.1203 -0.0021 -0.034025 3.075966 
0.616 -0.03 0.02 0.0035 -0.0023 0.1203 -0.0021 -0.034025 3.075961 
0.617 -0.03 0.02 0.0034 -0.0023 0.1203 -0.0021 -0.034025 3.075958 
0.618 -0.03 0.02 0.0034 -0.0022 0.1203 -0.0021 -0.034025 3.075958 
0.619 -0.03 0.02 0.0034 -0.0022 0.1203 -0.0021 -0.034025 3.075959 
0.620 -0.03 0.02 0.0034 -0.0022 0.1203 -0.0021 -0.034025 3.075958 
0.621 -0.03 0.02 0.0033 -0.0022 0.1203 -0.0021 -0.034025 3.075960 
0.622 -0.03 0.02 0.0033 -0.0022 0.1203 -0.0021 -0.034025 3.075964 
0.623 -0.03 0.02 0.0033 -0.0022 0.1203 -0.0021 -0.034025 3.075968 
0.624 -0.03 0.02 0.0033 -0.0022 0.1203 -0.0021 -0.034025 3.075971 
0.625 -0.03 0.02 0.0032 -0.0022 0.1203 -0.0021 -0.034025 3.075975 
0.626 -0.03 0.02 0.0032 -0.0021 0.1203 -0.0021 -0.034025 3.075980 
0.627 -0.03 0.02 0.0032 -0.0021 0.1203 -0.0021 -0.034025 3.075984 
0.628 -0.03 0.02 0.0031 -0.0021 0.1203 -0.0021 -0.034025 3.075986 
0.629 -0.03 0.02 0.0031 -0.0021 0.1203 -0.0021 -0.034025 3.075984 
0.630 -0.03 0.02 0.0031 -0.0021 0.1203 -0.0021 -0.034025 3.075984 
0.631 -0.03 0.02 0.0031 -0.0021 0.1203 -0.0021 -0.034025 3.075987 
0.632 -0.03 0.02 0.0031 -0.0021 0.1203 -0.0021 -0.034025 3.075988 
0.633 -0.03 0.02 0.0030 -0.0021 0.1203 -0.0021 -0.034025 3.075987 
0.634 -0.03 0.02 0.0030 -0.0021 0.1203 -0.0021 -0.034025 3.075984 
0.635 -0.03 0.02 0.0030 -0.0021 0.1203 -0.0021 -0.034025 3.075983 
0.636 -0.03 0.02 0.0030 -0.0020 0.1203 -0.0021 -0.034025 3.075980 
0.637 -0.03 0.02 0.0029 -0.0020 0.1203 -0.0021 -0.034025 3.075976 
0.638 -0.03 0.02 0.0029 -0.0020 0.1203 -0.0021 -0.034025 3.075974 
0.639 -0.03 0.02 0.0029 -0.0020 0.1203 -0.0021 -0.034025 3.075974 
0.640 -0.03 0.02 0.0029 -0.0020 0.1203 -0.0021 -0.034025 3.075975 
0.641 -0.03 0.02 0.0029 -0.0020 0.1203 -0.0021 -0.034025 3.075977 
0.642 -0.03 0.02 0.0028 -0.0020 0.1203 -0.0021 -0.034025 3.075981 
0.643 -0.03 0.02 0.0028 -0.0020 0.1203 -0.0021 -0.034025 3.075985 
0.644 -0.03 0.02 0.0028 -0.0020 0.1203 -0.0021 -0.034025 3.075988 
0.645 -0.03 0.02 0.0028 -0.0020 0.1203 -0.0021 -0.034025 3.075991 
0.646 -0.03 0.02 0.0028 -0.0019 0.1203 -0.0021 -0.034025 3.075991 
0.647 -0.03 0.02 0.0027 -0.0019 0.1203 -0.0021 -0.034025 3.075991 
0.648 -0.03 0.02 0.0027 -0.0019 0.1203 -0.0021 -0.034025 3.075993 
0.649 -0.03 0.02 0.0027 -0.0019 0.1203 -0.0021 -0.034025 3.075996 
0.650 -0.03 0.02 0.0027 -0.0019 0.1203 -0.0021 -0.034025 3.075999 
0.651 -0.03 0.02 0.0027 -0.0019 0.1203 -0.0021 -0.034025 3.075997 
0.652 -0.03 0.02 0.0027 -0.0019 0.1203 -0.0021 -0.034025 3.075993 
0.653 -0.03 0.02 0.0026 -0.0019 0.1203 -0.0021 -0.034025 3.075992 
0.654 -0.03 0.02 0.0026 -0.0019 0.1203 -0.0021 -0.034025 3.075995 
0.655 -0.03 0.02 0.0026 -0.0019 0.1203 -0.0021 -0.034025 3.075999 
0.656 -0.03 0.02 0.0026 -0.0019 0.1203 -0.0021 -0.034025 3.076001 
0.657 -0.03 0.02 0.0026 -0.0018 0.1203 -0.0021 -0.034025 3.076002 
0.658 -0.03 0.02 0.0026 -0.0018 0.1203 -0.0021 -0.034025 3.076003 
0.659 -0.03 0.02 0.0025 -0.0018 0.1203 -0.0021 -0.034025 3.076005 
0.660 -0.03 0.02 0.0025 -0.0018 0.1203 -0.0021 -0.034025 3.076006 
0.661 -0.03 0.02 0.0025 -0.0018 0.1203 -0.0021 -0.034025 3.076008 
0.662 -0.02 0.02 0.0025 -0.0018 0.1203 -0.0021 -0.034025 3.076011 
0.663 -0.02 0.02 0.0025 -0.0018 0.1203 -0.0021 -0.034025 3.076016 
0.664 -0.02 0.02 0.0025 -0.0018 0.1203 -0.0021 -0.034025 3.076021 
0.665 -0.02 0.02 0.0024 -0.0018 0.1203 -0.0021 -0.034025 3.076024 
0.666 -0.02 0.02 0.0024 -0.0018 0.1203 -0.0021 -0.034025 3.076025 
0.667 -0.02 0.02 0.0024 -0.0018 0.1203 -0.0021 -0.034025 3.076027 
0.668 -0.02 0.02 0.0024 -0.0018 0.1203 -0.0021 -0.034025 3.076029 
0.669 -0.02 0.02 0.0024 -0.0018 0.1203 -0.0021 -0.034025 3.076030 
0.670 -0.02 0.02 0.0024 -0.0017 0.1203 -0.0021 -0.034025 3.076031 
0.671 -0.02 0.02 0.0024 -0.0017 0.1203 -0.0021 -0.034025 3.076030 
0.672 -0.02 0.02 0.0023 -0.0017 0.1203 -0.0021 -0.034025 3.076026 
0.673 -0.02 0.02 0.0023 -0.0017 0.1203 -0.0021 -0.034025 3.076020 
0.674 -0.02 0.02 0.0023 -0.0017 0.1203 -0.0021 -0.034025 3.076012 
0.675 -0.02 0.02 0.0023 -0.0017 0.1203 -0.0021 -0.034025 3.076006 
0.676 -0.02 0.02 0.0023 -0.0017 0.1203 -0.0021 -0.034025 3.076006 
0.677 -0.02 0.02 0.0023 -0.0017 0.1203 -0.0021 -0.034025 3.076008 
0.678 -0.02 0.02 0.0023 -0.0017 0.1203 -0.0021 -0.034025 3.076007 
0.679 -0.02 0.02 0.0023 -0.0017 0.1203 -0.0021 -0.034025 3.076006 
0.680 -0.02 0.02 0.0022 -0.0017 0.1203 -0.0021 -0.034025 3.076007 
0.681 -0.02 0.02 0.0022 -0.0017 0.1203 -0.0021 -0.034025 3.076009 
0.682 -0.02 0.02 0.0022 -0.0017 0.1203 -0.0021 -0.034025 3.076011 
0.683 -0.02 0.02 0.0022 -0.0017 0.1203 -0.0021 -0.034025 3.076013 
0.684 -0.02 0.02 0.0022 -0.0016 0.1203 -0.0021 -0.034025 3.076016 
0.685 -0.02 0.02 0.0022 -0.0016 0.1203 -0.0021 -0.034025 3.076019 
0.686 -0.02 0.02 0.0022 -0.0016 0.1203 -0.0021 -0.034025 3.076022 
0.687 -0.02 0.02 0.0022 -0.0016 0.1203 -0.0021 -0.034025 3.076026 
0.688 -0.02 0.02 0.0021 -0.0016 0.1203 -0.0021 -0.034025 3.076028 
0.689 -0.02 0.02 0.0021 -0.0016 0.1203 -0.0021 -0.034025 3.076027 
0.690 -0.02 0.02 0.0021 -0.0016 0.1203 -0.0021 -0.034025 3.076025 
0.691 -0.02 0.01 0.0021 -0.0016 0.1203 -0.0021 -0.034025 3.076023 
0.692 -0.02 0.01 0.0021 -0.0016 0.1203 -0.0021 -0.034025 3.076020 
0.693 -0.02 0.01 0.0021 -0.0016 0.1203 -0.0021 -0.034025 3.076019 
0.694 -0.02 0.01 0.0021 -0.0016 0.1203 -0.0021 -0.034025 3.076018 
0.695 -0.02 0.01 0.0021 -0.0016 0.1203 -0.0021 -0.034025 3.076020 
0.696 -0.02 0.01 0.0021 -0.0016 0.1203 -0.0021 -0.034025 3.076022 
0.697 -0.02 0.01 0.0021 -0.0016 0.1203 -0.0021 -0.034025 3.076024 
0.698 -0.02 0.01 0.0020 -0.0016 0.1203 -0.0021 -0.034025 3.076025 
0.699 -0.02 0.01 0.0020 -0.0015 0.1203 -0.0021 -0.034025 3.076025 
0.700 -0.02 0.01 0.0020 -0.0015 0.1203 -0.0021 -0.034025 3.076024 
0.701 -0.02 0.01 0.0020 -0.0015 0.1203 -0.0021 -0.034025 3.076026 
0.702 -0.02 0.01 0.0020 -0.0015 0.1203 -0.0021 -0.034025 3.076030 
0.703 -0.02 0.01 0.0020 -0.0015 0.1203 -0.0021 -0.034025 3.076033 
0.704 -0.02 0.01 0.0020 -0.0015 0.1203 -0.0021 -0.034025 3.076031 
0.705 -0.02 0.01 0.0020 -0.0015 0.1203 -0.0021 -0.034025 3.076028 
0.706 -0.02 0.01 0.0020 -0.0015 0.1203 -0.0021 -0.034025 3.076025 
0.707 -0.02 0.01 0.0020 -0.0015 0.1203 -0.0021 -0.034025 3.076019 
0.708 -0.02 0.01 0.0019 -0.0015 0.1203 -0.0021 -0.034025 3.076013 
0.709 -0.02 0.01 0.0019 -0.0015 0.1203 -0.0021 -0.034025 3.076010 
0.710 -0.02 0.01 0.0019 -0.0015 0.1203 -0.0021 -0.034025 3.076009 
0.711 -0.02 0.01 0.0019 -0.0015 0.1203 -0.0021 -0.034025 3.076010 
0.712 -0.02 0.01 0.0019 -0.0015 0.1203 -0.0021 -0.034025 3.076012 
0.713 -0.02 0.01 0.0019 -0.0015 0.1203 -0.0021 -0.034025 3.076014 
0.714 -0.02 0.01 0.0019 -0.0015 0.1203 -0.0021 -0.034025 3.076015 
0.715 -0.02 0.01 0.0019 -0.0015 0.1203 -0.0021 -0.034025 3.076015 
0.716 -0.02 0.01 0.0019 -0.0015 0.1203 -0.0021 -0.034025 3.076014 
0.717 -0.02 0.01 0.0019 -0.0014 0.1203 -0.0021 -0.034025 3.076017 
0.718 -0.02 0.01 0.0019 -0.0014 0.1203 -0.0021 -0.034025 3.076024 
0.719 -0.02 0.01 0.0018 -0.0014 0.1203 -0.0021 -0.034025 3.076032 
0.720 -0.02 0.01 0.0018 -0.0014 0.1203 -0.0021 -0.034025 3.076034 
0.721 -0.02 0.01 0.0018 -0.0014 0.1203 -0.0021 -0.034025 3.076028 
0.722 -0.02 0.01 0.0018 -0.0014 0.1203 -0.0021 -0.034025 3.076023 
0.723 -0.02 0.01 0.0018 -0.0014 0.1203 -0.0021 -0.034025 3.076022 
0.724 -0.02 0.01 0.0018 -0.0014 0.1203 -0.0021 -0.034025 3.076022 
0.725 -0.02 0.01 0.0018 -0.0014 0.1203 -0.0021 -0.034025 3.076018 
0.726 -0.02 0.01 0.0018 -0.0014 0.1203 -0.0021 -0.034025 3.076013 
0.727 -0.02 0.01 0.0018 -0.0014 0.1203 -0.0021 -0.034025 3.076009 
0.728 -0.02 0.01 0.0018 -0.0014 0.1203 -0.0021 -0.034025 3.076006 
0.729 -0.02 0.01 0.0018 -0.0014 0.1203 -0.0021 -0.034025 3.076002 
0.730 -0.02 0.01 0.0018 -0.0014 0.1203 -0.0021 -0.034025 3.075999 
0.731 -0.02 0.01 0.0017 -0.0014 0.1203 -0.0021 -0.034025 3.075997 
0.732 -0.02 0.01 0.0017 -0.0014 0.1203 -0.0021 -0.034025 3.075998 
0.733 -0.02 0.01 0.0017 -0.0014 0.1203 -0.0021 -0.034025 3.075998 
0.734 -0.02 0.01 0.0017 -0.0014 0.1203 -0.0021 -0.034025 3.075999 
0.735 -0.02 0.01 0.0017 -0.0014 0.1203 -0.0021 -0.034025 3.075999 
0.736 -0.02 0.01 0.0017 -0.0014 0.1203 -0.0021 -0.034025 3.075998 
0.737 -0.02 0.01 0.0017 -0.0014 0.1203 -0.0021 -0.034025 3.075999 
0.738 -0.02 0.01 0.0017 -0.0013 0.1203 -0.0021 -0.034025 3.076000 
0.739 -0.02 0.01 0.0017 -0.0013 0.1203 -0.0021 -0.034025 3.076000 
0.740 -0.02 0.01 0.0017 -0.0013 0.1203 -0.0021 -0.034025 3.076000 
0.741 -0.02 0.01 0.0017 -0.0013 0.1203 -0.0021 -0.034025 3.076000 
0.742 -0.02 0.01 0.0017 -0.0013 0.1203 -0.0021 -0.034025 3.075996 
0.743 -0.02 0.01 0.0017 -0.0013 0.1203 -0.0021 -0.034025 3.075991 
0.744 -0.02 0.01 0.0017 -0.0013 0.1203 -0.0021 -0.034025 3.075988 
0.745 -0.02 0.01 0.0017 -0.0013 0.1203 -0.0021 -0.034025 3.075987 
0.746 -0.02 0.01 0.0016 -0.0013 0.1203 -0.0021 -0.034025 3.075987 
0.747 -0.02 0.01 0.0016 -0.0013 0.1203 -0.0021 -0.034025 3.075986 
0.748 -0.02 0.01 0.0016 -0.0013 0.1203 -0.0021 -0.034025 3.075985 
0.749 -0.02 0.01 0.0016 -0.0013 0.1203 -0.0021 -0.034025 3.075983 
0.750 -0.02 0.01 0.0016 -0.0013 0.1203 -0.0021 -0.034025 3.075983 
0.751 -0.02 0.01 0.0016 -0.0013 0.1203 -0.0021 -0.034025 3.075983 
0.752 -0.02 0.01 0.0016 -0.0013 0.1203 -0.0021 -0.034025 3.075984 
0.753 -0.01 0.01 0.0016 -0.0013 0.1203 -0.0021 -0.034025 3.075988 
0.754 -0.01 0.01 0.0016 -0.0013 0.1203 -0.0021 -0.034025 3.075992 
0.755 -0.01 0.01 0.0016 -0.0013 0.1203 -0.0021 -0.034025 3.075996 
0.756 -0.01 0.01 0.0016 -0.0013 0.1203 -0.0021 -0.034025 3.076001 
0.757 -0.01 0.01 0.0016 -0.0013 0.1203 -0.0021 -0.034025 3.076007 
0.758 -0.01 0.01 0.0016 -0.0013 0.1203 -0.0021 -0.034025 3.076013 
0.759 -0.01 0.01 0.0016 -0.0013 0.1203 -0.0021 -0.034025 3.076017 
0.760 -0.01 0.01 0.0016 -0.0013 0.1203 -0.0021 -0.034025 3.076017 
0.761 -0.01 0.01 0.0015 -0.0013 0.1203 -0.0021 -0.034025 3.076015 
0.762 -0.01 0.01 0.0015 -0.0012 0.1203 -0.0021 -0.034025 3.076011 
0.763 -0.01 0.01 0.0015 -0.0012 0.1203 -0.0021 -0.034025 3.076007 
0.764 -0.01 0.01 0.0015 -0.0012 0.1203 -0.0021 -0.034025 3.076005 
0.765 -0.01 0.01 0.0015 -0.0012 0.1203 -0.0021 -0.034025 3.076003 
0.766 -0.01 0.01 0.0015 -0.0012 0.1203 -0.0021 -0.034025 3.075998 
0.767 -0.01 0.01 0.0015 -0.0012 0.1203 -0.0021 -0.034025 3.075993 
0.768 -0.01 0.01 0.0015 -0.0012 0.1203 -0.0021 -0.034025 3.075991 
0.769 -0.01 0.01 0.0015 -0.0012 0.1203 -0.0021 -0.034025 3.075990 
0.770 -0.01 0.01 0.0015 -0.0012 0.1203 -0.0021 -0.034025 3.075989 
0.771 -0.01 0.01 0.0015 -0.0012 0.1203 -0.0021 -0.034025 3.075991 
0.772 -0.01 0.01 0.0015 -0.0012 0.1203 -0.0021 -0.034025 3.075997 
0.773 -0.01 0.01 0.0015 -0.0012 0.1203 -0.0021 -0.034025 3.076003 
0.774 -0.01 0.01 0.0015 -0.0012 0.1203 -0.0021 -0.034025 3.076004 
0.775 -0.01 0.01 0.0015 -0.0012 0.1203 -0.0021 -0.034025 3.076003 
0.776 -0.01 0.01 0.0015 -0.0012 0.1203 -0.0021 -0.034025 3.076004 
0.777 -0.01 0.01 0.0015 -0.0012 0.1203 -0.0021 -0.034025 3.076006 
0.778 -0.01 0.01 0.0015 -0.0012 0.1203 -0.0021 -0.034025 3.076009 
0.779 -0.01 0.01 0.0014 -0.0012 0.1203 -0.0021 -0.034025 3.076011 
0.780 -0.01 0.01 0.0014 -0.0012 0.1203 -0.0021 -0.034025 3.076012 
0.781 -0.01 0.01 0.0014 -0.0012 0.1203 -0.0021 -0.034025 3.076010 
0.782 -0.01 0.01 0.0014 -0.0012 0.1203 -0.0021 -0.034025 3.076009 
0.783 -0.01 0.01 0.0014 -0.0012 0.1203 -0.0021 -0.034025 3.076009 
0.784 -0.01 0.01 0.0014 -0.0012 0.1203 -0.0021 -0.034025 3.076011 
0.785 -0.01 0.01 0.0014 -0.0012 0.1203 -0.0021 -0.034025 3.076012 
0.786 -0.01 0.01 0.0014 -0.0012 0.1203 -0.0021 -0.034025 3.076011 
0.787 -0.01 0.01 0.0014 -0.0012 0.1203 -0.0021 -0.034025 3.076012 
0.788 -0.01 0.01 0.0014 -0.0012 0.1203 -0.0021 -0.034025 3.076015 
0.789 -0.01 0.01 0.0014 -0.0012 0.1203 -0.0021 -0.034025 3.076019 
0.790 -0.01 0.01 0.0014 -0.0011 0.1203 -0.0021 -0.034025 3.076022 
0.791 -0.01 0.01 0.0014 -0.0011 0.1203 -0.0021 -0.034025 3.076022 
0.792 -0.01 0.01 0.0014 -0.0011 0.1203 -0.0021 -0.034025 3.076019 
0.793 -0.01 0.01 0.0014 -0.0011 0.1203 -0.0021 -0.034025 3.076013 
0.794 -0.01 0.01 0.0014 -0.0011 0.1203 -0.0021 -0.034025 3.076009 
0.795 -0.01 0.01 0.0014 -0.0011 0.1203 -0.0021 -0.034025 3.076011 
0.796 -0.01 0.01 0.0014 -0.0011 0.1203 -0.0021 -0.034025 3.076018 
0.797 -0.01 0.01 0.0014 -0.0011 0.1203 -0.0021 -0.034025 3.076023 
0.798 -0.01 0.01 0.0014 -0.0011 0.1203 -0.0021 -0.034025 3.076022 
0.799 -0.01 0.01 0.0014 -0.0011 0.1203 -0.0021 -0.034025 3.076021 
0.800 -0.01 0.01 0.0013 -0.0011 0.1203 -0.0021 -0.034025 3.076022 
0.801 -0.01 0.01 0.0013 -0.0011 0.1203 -0.0021 -0.034025 3.076023 
0.802 -0.01 0.01 0.0013 -0.0011 0.1203 -0.0021 -0.034025 3.076025 
0.803 -0.01 0.01 0.0013 -0.0011 0.1203 -0.0021 -0.034025 3.076030 
0.804 -0.01 0.01 0.0013 -0.0011 0.1203 -0.0021 -0.034025 3.076033 
0.805 -0.01 0.01 0.0013 -0.0011 0.1203 -0.0021 -0.034025 3.076033 
0.806 -0.01 0.01 0.0013 -0.0011 0.1203 -0.0021 -0.034025 3.076036 
0.807 -0.01 0.01 0.0013 -0.0011 0.1203 -0.0021 -0.034025 3.076041 
0.808 -0.01 0.01 0.0013 -0.0011 0.1203 -0.0021 -0.034025 3.076042 
0.809 -0.01 0.01 0.0013 -0.0011 0.1203 -0.0021 -0.034025 3.076042 
0.810 -0.01 0.01 0.0013 -0.0011 0.1203 -0.0021 -0.034025 3.076041 
0.811 -0.01 0.01 0.0013 -0.0011 0.1203 -0.0021 -0.034025 3.076040 
0.812 -0.01 0.01 0.0013 -0.0011 0.1203 -0.0021 -0.034025 3.076036 
0.813 -0.01 0.01 0.0013 -0.0011 0.1203 -0.0021 -0.034025 3.076032 
0.814 -0.01 0.01 0.0013 -0.0011 0.1203 -0.0021 -0.034025 3.076027 
0.815 -0.01 0.01 0.0013 -0.0011 0.1203 -0.0021 -0.034025 3.076023 
0.816 -0.01 0.01 0.0013 -0.0011 0.1203 -0.0021 -0.034025 3.076018 
0.817 -0.01 0.01 0.0013 -0.0011 0.1203 -0.0021 -0.034025 3.076014 
0.818 -0.01 0.01 0.0013 -0.0011 0.1203 -0.0021 -0.034025 3.076011 
0.819 -0.01 0.01 0.0013 -0.0011 0.1203 -0.0021 -0.034025 3.076014 
0.820 -0.01 0.01 0.0013 -0.0011 0.1203 -0.0021 -0.034025 3.076019 
0.821 -0.01 0.01 0.0013 -0.0011 0.1203 -0.0021 -0.034025 3.076020 
0.822 -0.01 0.01 0.0013 -0.0011 0.1203 -0.0021 -0.034025 3.076018 
0.823 -0.01 0.01 0.0013 -0.0011 0.1203 -0.0021 -0.034025 3.076018 
0.824 -0.01 0.01 0.0012 -0.0010 0.1203 -0.0021 -0.034025 3.076022 
0.825 -0.01 0.01 0.0012 -0.0010 0.1203 -0.0021 -0.034025 3.076029 
0.826 -0.01 0.01 0.0012 -0.0010 0.1203 -0.0021 -0.034025 3.076035 
0.827 -0.01 0.01 0.0012 -0.0010 0.1203 -0.0021 -0.034025 3.076037 
0.828 -0.01 0.01 0.0012 -0.0010 0.1203 -0.0021 -0.034025 3.076037 
0.829 -0.01 0.01 0.0012 -0.0010 0.1203 -0.0021 -0.034025 3.076037 
0.830 -0.01 0.01 0.0012 -0.0010 0.1203 -0.0021 -0.034025 3.076037 
0.831 -0.01 0.01 0.0012 -0.0010 0.1203 -0.0021 -0.034025 3.076037 
0.832 -0.01 0.01 0.0012 -0.0010 0.1203 -0.0021 -0.034025 3.076038 
0.833 -0.01 0.01 0.0012 -0.0010 0.1203 -0.0021 -0.034025 3.076035 
0.834 -0.01 0.01 0.0012 -0.0010 0.1203 -0.0021 -0.034025 3.076030 
0.835 -0.01 0.01 0.0012 -0.0010 0.1203 -0.0021 -0.034025 3.076026 
0.836 -0.01 0.01 0.0012 -0.0010 0.1203 -0.0021 -0.034025 3.076023 
0.837 -0.01 0.01 0.0012 -0.0010 0.1203 -0.0021 -0.034025 3.076023 
0.838 -0.01 0.01 0.0012 -0.0010 0.1203 -0.0021 -0.034025 3.076028 
0.839 -0.01 0.01 0.0012 -0.0010 0.1203 -0.0021 -0.034025 3.076035 
0.840 -0.01 0.01 0.0012 -0.0010 0.1203 -0.0021 -0.034025 3.076040 
0.841 -0.01 0.01 0.0012 -0.0010 0.1203 -0.0021 -0.034025 3.076042 
0.842 -0.01 0.01 0.0012 -0.0010 0.1203 -0.0021 -0.034025 3.076040 
0.843 -0.01 0.01 0.0012 -0.0010 0.1203 -0.0021 -0.034025 3.076037 
0.844 -0.01 0.01 0.0012 -0.0010 0.1203 -0.0021 -0.034025 3.076035 
0.845 -0.01 0.01 0.0012 -0.0010 0.1203 -0.0021 -0.034025 3.076034 
0.846 -0.01 0.01 0.0012 -0.0010 0.1203 -0.0021 -0.034025 3.076033 
0.847 -0.01 0.01 0.0012 -0.0010 0.1203 -0.0021 -0.034025 3.076033 
0.848 -0.01 0.01 0.0012 -0.0010 0.1203 -0.0021 -0.034025 3.076034 
0.849 -0.01 0.01 0.0012 -0.0010 0.1203 -0.0021 -0.034025 3.076035 
0.850 -0.01 0.01 0.0012 -0.0010 0.1203 -0.0021 -0.034025 3.076033 
0.851 -0.01 0.01 0.0012 -0.0010 0.1203 -0.0021 -0.034025 3.076024 
0.852 -0.01 0.01 0.0011 -0.0010 0.1203 -0.0021 -0.034025 3.076015 
0.853 -0.01 0.01 0.0011 -0.0010 0.1203 -0.0021 -0.034025 3.076007 
0.854 -0.01 0.01 0.0011 -0.0010 0.1203 -0.0021 -0.034025 3.076001 
0.855 -0.01 0.01 0.0011 -0.0010 0.1203 -0.0021 -0.034025 3.075998 
0.856 -0.01 0.01 0.0011 -0.0010 0.1203 -0.0021 -0.034025 3.075996 
0.857 -0.01 0.01 0.0011 -0.0010 0.1203 -0.0021 -0.034025 3.075994 
0.858 -0.01 0.01 0.0011 -0.0010 0.1203 -0.0021 -0.034025 3.075992 
0.859 -0.01 0.01 0.0011 -0.0010 0.1203 -0.0021 -0.034025 3.075987 
0.860 -0.01 0.01 0.0011 -0.0010 0.1203 -0.0021 -0.034025 3.075982 
0.861 -0.01 0.01 0.0011 -0.0010 0.1203 -0.0021 -0.034025 3.075979 
0.862 -0.01 0.01 0.0011 -0.0010 0.1203 -0.0021 -0.034025 3.075976 
0.863 -0.01 0.01 0.0011 -0.0010 0.1203 -0.0021 -0.034025 3.075976 
0.864 -0.01 0.01 0.0011 -0.0010 0.1203 -0.0021 -0.034025 3.075979 
0.865 -0.01 0.01 0.0011 -0.0009 0.1203 -0.0021 -0.034025 3.075986 
0.866 -0.01 0.01 0.0011 -0.0009 0.1203 -0.0021 -0.034025 3.075994 
0.867 -0.01 0.01 0.0011 -0.0009 0.1203 -0.0021 -0.034025 3.075997 
0.868 -0.01 0.01 0.0011 -0.0009 0.1203 -0.0021 -0.034025 3.075994 
0.869 -0.01 0.01 0.0011 -0.0009 0.1203 -0.0021 -0.034025 3.075993 
0.870 -0.01 0.01 0.0011 -0.0009 0.1203 -0.0021 -0.034025 3.075993 
0.871 -0.01 0.01 0.0011 -0.0009 0.1203 -0.0021 -0.034025 3.075990 
0.872 -0.01 0.01 0.0011 -0.0009 0.1203 -0.0021 -0.034025 3.075988 
0.873 -0.01 0.01 0.0011 -0.0009 0.1203 -0.0021 -0.034025 3.075989 
0.874 -0.01 0.01 0.0011 -0.0009 0.1203 -0.0021 -0.034025 3.075991 
0.875 -0.01 0.01 0.0011 -0.0009 0.1203 -0.0021 -0.034025 3.075990 
0.876 -0.01 0.01 0.0011 -0.0009 0.1203 -0.0021 -0.034025 3.075988 
0.877 -0.01 0.01 0.0011 -0.0009 0.1203 -0.0021 -0.034025 3.075983 
0.878 -0.01 0.01 0.0011 -0.0009 0.1203 -0.0021 -0.034025 3.075982 
0.879 -0.01 0.01 0.0011 -0.0009 0.1203 -0.0021 -0.034025 3.075985 
0.880 -0.01 0.01 0.0011 -0.0009 0.1203 -0.0021 -0.034025 3.075988 
0.881 -0.01 0.01 0.0011 -0.0009 0.1203 -0.0021 -0.034025 3.075989 
0.882 -0.01 0.01 0.0011 -0.0009 0.1203 -0.0021 -0.034025 3.075991 
0.883 -0.01 0.01 0.0011 -0.0009 0.1203 -0.0021 -0.034025 3.075990 
0.884 -0.01 0.01 0.0011 -0.0009 0.1203 -0.0021 -0.034025 3.075988 
0.885 -0.01 0.01 0.0011 -0.0009 0.1203 -0.0021 -0.034025 3.075987 
0.886 -0.01 0.01 0.0010 -0.0009 0.1203 -0.0021 -0.034025 3.075987 
0.887 -0.01 0.01 0.0010 -0.0009 0.1203 -0.0021 -0.034025 3.075988 
0.888 -0.01 0.01 0.0010 -0.0009 0.1203 -0.0021 -0.034025 3.075987 
0.889 -0.01 0.01 0.0010 -0.0009 0.1203 -0.0021 -0.034025 3.075984 
0.890 -0.01 0.01 0.0010 -0.0009 0.1203 -0.0021 -0.034025 3.075984 
0.891 -0.01 0.01 0.0010 -0.0009 0.1203 -0.0021 -0.034025 3.075985 
0.892 -0.01 0.01 0.0010 -0.0009 0.1203 -0.0021 -0.034025 3.075986 
0.893 -0.01 0.01 0.0010 -0.0009 0.1203 -0.0021 -0.034025 3.075984 
0.894 -0.01 0.01 0.0010 -0.0009 0.1203 -0.0021 -0.034025 3.075980 
0.895 -0.01 0.01 0.0010 -0.0009 0.1203 -0.0021 -0.034025 3.075977 
0.896 -0.01 0.01 0.0010 -0.0009 0.1203 -0.0021 -0.034025 3.075975 
0.897 -0.01 0.01 0.0010 -0.0009 0.1203 -0.0021 -0.034025 3.075977 
0.898 -0.01 0.01 0.0010 -0.0009 0.1203 -0.0021 -0.034025 3.075982 
0.899 -0.01 0.01 0.0010 -0.0009 0.1203 -0.0021 -0.034025 3.075984 
0.900 -0.01 0.01 0.0010 -0.0009 0.1203 -0.0021 -0.034025 3.075985 
0.901 -0.01 0.01 0.0010 -0.0009 0.1203 -0.0021 -0.034025 3.075988 
0.902 -0.01 0.01 0.0010 -0.0009 0.1203 -0.0021 -0.034025 3.075990 
0.903 -0.01 0.01 0.0010 -0.0009 0.1203 -0.0021 -0.034025 3.075992 
0.904 -0.01 0.01 0.0010 -0.0009 0.1203 -0.0021 -0.034025 3.075996 
0.905 -0.01 0.01 0.0010 -0.0009 0.1203 -0.0021 -0.034025 3.076000 
0.906 -0.01 0.01 0.0010 -0.0009 0.1203 -0.0021 -0.034025 3.076001 
0.907 -0.01 0.01 0.0010 -0.0009 0.1203 -0.0021 -0.034025 3.075997 
0.908 -0.01 0.01 0.0010 -0.0009 0.1203 -0.0021 -0.034025 3.075992 
0.909 -0.01 0.01 0.0010 -0.0009 0.1203 -0.0021 -0.034025 3.075988 
0.910 -0.01 0.01 0.0010 -0.0009 0.1203 -0.0021 -0.034025 3.075988 
0.911 -0.01 0.01 0.0010 -0.0009 0.1203 -0.0021 -0.034025 3.075988 
0.912 -0.01 0.01 0.0010 -0.0009 0.1203 -0.0021 -0.034025 3.075985 
0.913 -0.01 0.01 0.0010 -0.0009 0.1203 -0.0021 -0.034025 3.075981 
0.914 -0.01 0.01 0.0010 -0.0009 0.1203 -0.0021 -0.034025 3.075979 
0.915 -0.01 0.01 0.0010 -0.0008 0.1203 -0.0021 -0.034025 3.075979 
0.916 -0.01 0.01 0.0010 -0.0008 0.1203 -0.0021 -0.034025 3.075978 
0.917 -0.01 0.01 0.0010 -0.0008 0.1203 -0.0021 -0.034025 3.075975 
0.918 -0.01 0.01 0.0010 -0.0008 0.1203 -0.0021 -0.034025 3.075976 
0.919 -0.01 0.01 0.0010 -0.0008 0.1203 -0.0021 -0.034025 3.075982 
0.920 -0.01 0.01 0.0010 -0.0008 0.1203 -0.0021 -0.034025 3.075993 
0.921 -0.01 0.01 0.0010 -0.0008 0.1203 -0.0021 -0.034025 3.076005 
0.922 -0.01 0.01 0.0010 -0.0008 0.1203 -0.0021 -0.034025 3.076013 
0.923 -0.01 0.01 0.0010 -0.0008 0.1203 -0.0021 -0.034025 3.076018 
0.924 -0.01 0.01 0.0010 -0.0008 0.1203 -0.0021 -0.034025 3.076020 
0.925 -0.01 0.01 0.0010 -0.0008 0.1203 -0.0021 -0.034025 3.076020 
0.926 -0.01 0.01 0.0010 -0.0008 0.1203 -0.0021 -0.034025 3.076022 
0.927 -0.01 0.01 0.0009 -0.0008 0.1203 -0.0021 -0.034025 3.076025 
0.928 -0.01 0.01 0.0009 -0.0008 0.1203 -0.0021 -0.034025 3.076026 
0.929 -0.01 0.01 0.0009 -0.0008 0.1203 -0.0021 -0.034025 3.076029 
0.930 -0.01 0.01 0.0009 -0.0008 0.1203 -0.0021 -0.034025 3.076031 
0.931 -0.01 0.01 0.0009 -0.0008 0.1203 -0.0021 -0.034025 3.076032 
0.932 -0.01 0.01 0.0009 -0.0008 0.1203 -0.0021 -0.034025 3.076033 
0.933 -0.01 0.01 0.0009 -0.0008 0.1203 -0.0021 -0.034025 3.076033 
0.934 -0.01 0.01 0.0009 -0.0008 0.1203 -0.0021 -0.034025 3.076032 
0.935 -0.01 0.01 0.0009 -0.0008 0.1203 -0.0021 -0.034025 3.076034 
