%% logfile from robot Freja (4)
% Freja (4)
%  1    time 0.000 sec
%  2  3 Motor voltage [V] left, right: 3.90 3.90
%  4  5 Wheel velocity [m/s] left, right: -0.0000 -0.0000
%  6  7  8  9 Pose x,y,h,tilt [m,m,rad,rad]: 0 0 0 3.07766
0.000 3.90 3.90 -0.0000 -0.0000 0.0000 0.0000 0.000000 3.077665 
0.001 3.90 3.90 -0.0000 -0.0000 0.0000 0.0000 0.000000 3.077665 
0.002 3.90 3.90 -0.0000 -0.0000 0.0000 0.0000 0.000000 3.077665 
0.003 3.90 3.90 -0.0000 -0.0000 0.0000 0.0000 0.000000 3.077666 
0.004 3.90 3.90 -0.0000 -0.0000 0.0000 0.0000 0.000000 3.077666 
0.005 3.90 3.90 0.0000 -0.0000 0.0002 -0.0000 -0.002617 3.077662 
0.006 3.90 3.90 0.0000 -0.0000 0.0002 -0.0000 -0.002617 3.077655 
0.007 3.90 3.90 0.0000 0.0000 0.0004 -0.0000 0.000000 3.077653 
0.008 2.02 3.90 0.1446 0.0000 0.0006 -0.0000 -0.002617 3.077660 
0.009 2.02 3.90 0.1446 0.0000 0.0008 -0.0000 0.000000 3.077668 
0.010 1.23 3.90 0.2054 0.0000 0.0010 -0.0000 -0.002617 3.077668 
0.011 1.23 0.94 0.2054 0.2277 0.0012 -0.0000 0.000000 3.077660 
0.012 0.63 0.94 0.2517 0.2277 0.0014 -0.0000 -0.002617 3.077654 
0.013 0.83 0.68 0.2361 0.2474 0.0018 -0.0000 -0.002617 3.077654 
0.014 0.83 0.33 0.2358 0.2743 0.0020 -0.0000 0.000000 3.077691 
0.015 0.72 0.33 0.2449 0.2743 0.0022 -0.0000 -0.002617 3.077734 
0.016 0.72 0.36 0.2449 0.2724 0.0024 -0.0000 0.000000 3.077705 
0.017 0.76 0.13 0.2414 0.2901 0.0028 -0.0000 0.000000 3.077640 
0.018 0.76 0.13 0.2414 0.2901 0.0028 -0.0000 0.000000 3.077590 
0.019 1.01 0.42 0.2222 0.2673 0.0032 -0.0000 0.000000 3.077591 
0.020 0.75 0.58 0.2422 0.2556 0.0037 -0.0000 0.000000 3.077656 
0.021 0.75 0.58 0.2422 0.2556 0.0037 -0.0000 0.000000 3.077714 
0.022 0.59 0.68 0.2543 0.2478 0.0041 -0.0000 0.000000 3.077708 
0.023 0.59 0.68 0.2543 0.2478 0.0043 -0.0000 0.002617 3.077661 
0.024 0.88 0.67 0.2325 0.2482 0.0045 -0.0000 0.000000 3.077631 
0.025 1.00 0.82 0.2229 0.2370 0.0047 -0.0000 0.002617 3.077638 
0.026 1.07 0.82 0.2179 0.2370 0.0049 -0.0000 0.000000 3.077661 
0.027 1.01 0.85 0.2226 0.2343 0.0053 -0.0000 0.000000 3.077677 
0.028 1.01 0.85 0.2226 0.2343 0.0053 -0.0000 0.000000 3.077693 
0.029 0.81 0.96 0.2375 0.2263 0.0057 -0.0000 0.000000 3.077705 
0.030 0.81 0.82 0.2375 0.2365 0.0059 -0.0000 0.002617 3.077706 
0.031 0.92 0.82 0.2292 0.2365 0.0061 -0.0000 0.000000 3.077692 
0.032 0.92 0.95 0.2292 0.2272 0.0063 -0.0000 0.002617 3.077679 
0.033 0.84 0.95 0.2355 0.2272 0.0065 -0.0000 0.000000 3.077685 
0.034 0.80 0.93 0.2382 0.2286 0.0069 -0.0000 0.000000 3.077698 
0.035 0.80 0.93 0.2382 0.2286 0.0069 -0.0000 0.000000 3.077708 
0.036 0.91 1.01 0.2303 0.2223 0.0073 -0.0000 0.000000 3.077716 
0.037 0.91 1.01 0.2303 0.2223 0.0073 -0.0000 0.000000 3.077717 
0.038 0.91 0.81 0.2297 0.2377 0.0077 -0.0000 0.000000 3.077703 
0.039 0.80 1.04 0.2381 0.2195 0.0081 -0.0000 0.000000 3.077683 
0.040 0.80 1.04 0.2381 0.2195 0.0081 -0.0000 0.000000 3.077678 
0.041 0.96 1.02 0.2261 0.2212 0.0085 -0.0000 0.000000 3.077694 
0.042 0.96 1.02 0.2261 0.2212 0.0085 -0.0000 0.000000 3.077716 
0.043 1.01 1.09 0.2226 0.2160 0.0089 -0.0000 0.000000 3.077726 
0.044 1.01 1.09 0.2226 0.2160 0.0089 -0.0000 0.000000 3.077720 
0.045 0.96 1.03 0.2261 0.2209 0.0093 -0.0000 0.000000 3.077710 
0.046 0.96 1.03 0.2261 0.2209 0.0093 -0.0000 0.000000 3.077709 
0.047 0.86 1.05 0.2335 0.2194 0.0097 -0.0000 0.000000 3.077719 
0.048 0.86 0.81 0.2338 0.2378 0.0101 -0.0000 0.000000 3.077730 
0.049 0.86 0.81 0.2338 0.2378 0.0101 -0.0000 0.000000 3.077735 
0.050 0.93 1.14 0.2283 0.2126 0.0105 -0.0000 0.000000 3.077730 
0.051 0.93 1.14 0.2283 0.2126 0.0105 -0.0000 0.000000 3.077722 
0.052 0.98 1.24 0.2247 0.2046 0.0110 -0.0000 0.000000 3.077718 
0.053 0.98 1.24 0.2247 0.2046 0.0110 -0.0000 0.000000 3.077712 
0.054 1.04 1.22 0.2202 0.2061 0.0114 -0.0000 0.000000 3.077701 
0.055 1.04 1.22 0.2202 0.2061 0.0114 -0.0000 0.000000 3.077698 
0.056 0.98 1.02 0.2244 0.2217 0.0118 -0.0000 0.000000 3.077704 
0.057 1.06 1.02 0.2185 0.2217 0.0120 -0.0000 -0.002617 3.077707 
0.058 1.06 1.19 0.2185 0.2087 0.0122 -0.0000 0.000000 3.077705 
0.059 0.91 1.19 0.2296 0.2087 0.0124 -0.0000 -0.002617 3.077699 
0.060 0.91 1.23 0.2296 0.2057 0.0126 -0.0000 0.000000 3.077693 
0.061 0.76 1.23 0.2415 0.2057 0.0128 -0.0000 -0.002617 3.077693 
0.062 0.76 1.08 0.2415 0.2169 0.0130 -0.0000 0.000000 3.077701 
0.063 0.78 1.08 0.2400 0.2169 0.0132 -0.0000 -0.002617 3.077714 
0.064 0.84 0.97 0.2353 0.2250 0.0136 -0.0000 -0.002617 3.077721 
0.065 0.84 0.97 0.2353 0.2250 0.0136 -0.0000 -0.002617 3.077721 
0.066 0.90 1.06 0.2308 0.2181 0.0140 -0.0000 -0.002617 3.077721 
0.067 0.90 0.85 0.2308 0.2344 0.0142 -0.0000 0.000000 3.077721 
0.068 0.83 0.85 0.2357 0.2344 0.0144 -0.0000 -0.002617 3.077720 
0.069 0.83 1.09 0.2357 0.2160 0.0146 -0.0000 0.000000 3.077719 
0.070 0.95 1.09 0.2270 0.2160 0.0148 -0.0000 -0.002617 3.077724 
0.071 0.99 0.96 0.2241 0.2264 0.0152 -0.0000 -0.002617 3.077731 
0.072 0.99 0.96 0.2241 0.2264 0.0152 -0.0000 -0.002617 3.077736 
0.073 0.94 1.16 0.2272 0.2108 0.0156 -0.0000 -0.002617 3.077733 
0.074 0.94 1.16 0.2272 0.2108 0.0156 -0.0000 -0.002617 3.077725 
0.075 0.86 1.12 0.2336 0.2137 0.0160 -0.0000 -0.002617 3.077720 
0.076 0.86 1.12 0.2336 0.2137 0.0160 -0.0000 -0.002617 3.077716 
0.077 0.86 1.08 0.2337 0.2170 0.0164 -0.0000 -0.002617 3.077718 
0.078 1.02 1.08 0.2216 0.2170 0.0166 -0.0000 -0.005235 3.077729 
0.079 1.02 1.06 0.2216 0.2187 0.0168 -0.0000 -0.002617 3.077737 
0.080 0.95 1.07 0.2268 0.2174 0.0172 -0.0000 -0.002617 3.077736 
0.081 0.95 1.07 0.2268 0.2174 0.0172 -0.0000 -0.002617 3.077731 
0.082 0.81 0.90 0.2374 0.2305 0.0176 -0.0000 -0.002617 3.077725 
0.083 0.81 0.90 0.2374 0.2305 0.0176 -0.0000 -0.002617 3.077721 
0.084 0.95 1.06 0.2267 0.2181 0.0181 -0.0000 -0.002617 3.077722 
0.085 0.95 1.06 0.2267 0.2181 0.0181 -0.0000 -0.002617 3.077726 
0.086 1.06 1.14 0.2184 0.2119 0.0185 -0.0000 -0.002617 3.077728 
0.087 0.95 1.14 0.2271 0.2119 0.0187 -0.0000 -0.005235 3.077725 
0.088 0.95 1.11 0.2271 0.2146 0.0189 -0.0000 -0.002617 3.077718 
0.089 0.93 1.11 0.2287 0.2146 0.0191 -0.0000 -0.005235 3.077713 
0.090 0.93 1.02 0.2287 0.2218 0.0193 -0.0000 -0.002617 3.077711 
0.091 0.81 1.02 0.2375 0.2218 0.0195 -0.0000 -0.005235 3.077713 
0.092 0.81 1.04 0.2375 0.2201 0.0197 -0.0000 -0.002617 3.077716 
0.093 0.69 1.01 0.2472 0.2221 0.0201 -0.0000 -0.002617 3.077717 
0.094 0.92 1.01 0.2289 0.2221 0.0203 -0.0000 -0.005235 3.077714 
0.095 0.92 1.11 0.2289 0.2142 0.0205 -0.0000 -0.002617 3.077706 
0.096 0.76 1.11 0.2416 0.2142 0.0207 -0.0000 -0.005235 3.077701 
0.097 0.76 1.00 0.2416 0.2229 0.0209 -0.0000 -0.002617 3.077700 
0.098 0.98 1.00 0.2247 0.2229 0.0211 -0.0000 -0.005235 3.077703 
0.099 0.98 1.18 0.2247 0.2091 0.0213 -0.0000 -0.002617 3.077710 
0.100 0.95 1.18 0.2266 0.2091 0.0215 -0.0000 -0.005235 3.077714 
0.101 0.99 1.18 0.2235 0.2092 0.0219 -0.0000 -0.005235 3.077713 
0.102 0.99 1.18 0.2235 0.2092 0.0219 -0.0000 -0.005235 3.077707 
0.103 1.18 1.22 0.2092 0.2060 0.0223 -0.0000 -0.005235 3.077699 
0.104 1.18 1.22 0.2092 0.2060 0.0223 -0.0000 -0.005235 3.077693 
0.105 0.88 1.01 0.2324 0.2221 0.0227 -0.0000 -0.005235 3.077697 
0.106 0.88 1.01 0.2324 0.2221 0.0227 -0.0000 -0.005235 3.077707 
0.107 0.67 1.13 0.2483 0.2129 0.0231 -0.0000 -0.005235 3.077715 
0.108 0.90 1.13 0.2307 0.2129 0.0233 -0.0000 -0.007852 3.077711 
0.109 0.90 1.15 0.2307 0.2114 0.0235 -0.0000 -0.005235 3.077703 
0.110 1.05 1.12 0.2195 0.2137 0.0239 -0.0000 -0.005235 3.077701 
0.111 1.05 1.12 0.2195 0.2137 0.0239 -0.0000 -0.005235 3.077704 
0.112 0.95 1.00 0.2270 0.2229 0.0243 -0.0000 -0.005235 3.077708 
0.113 0.95 1.00 0.2270 0.2229 0.0243 -0.0000 -0.005235 3.077710 
0.114 0.75 1.06 0.2424 0.2185 0.0247 -0.0000 -0.005235 3.077707 
0.115 0.80 1.06 0.2387 0.2185 0.0247 -0.0000 -0.005235 3.077707 
0.116 0.90 1.03 0.2309 0.2211 0.0252 -0.0000 -0.005235 3.077710 
0.117 0.85 1.03 0.2345 0.2211 0.0254 -0.0000 -0.007852 3.077712 
0.118 0.85 1.06 0.2345 0.2183 0.0256 -0.0001 -0.005235 3.077713 
0.119 0.81 1.06 0.2375 0.2183 0.0258 -0.0001 -0.007852 3.077717 
0.120 0.81 0.91 0.2375 0.2299 0.0260 -0.0001 -0.005235 3.077722 
0.121 0.92 0.99 0.2294 0.2238 0.0264 -0.0001 -0.005235 3.077724 
0.122 0.92 0.99 0.2294 0.2238 0.0264 -0.0001 -0.005235 3.077724 
0.123 0.92 0.95 0.2292 0.2266 0.0268 -0.0001 -0.005235 3.077721 
0.124 0.81 0.95 0.2375 0.2266 0.0270 -0.0001 -0.007852 3.077719 
0.125 0.81 1.03 0.2375 0.2209 0.0272 -0.0001 -0.005235 3.077720 
0.126 0.97 1.03 0.2257 0.2209 0.0274 -0.0001 -0.007852 3.077724 
0.127 0.97 0.82 0.2257 0.2370 0.0276 -0.0001 -0.005235 3.077729 
0.128 1.00 0.84 0.2229 0.2354 0.0278 -0.0001 -0.007852 3.077737 
0.129 1.00 1.04 0.2229 0.2202 0.0280 -0.0001 -0.005235 3.077742 
0.130 0.96 1.02 0.2259 0.2216 0.0284 -0.0001 -0.005235 3.077743 
0.131 0.86 1.02 0.2340 0.2216 0.0286 -0.0001 -0.007852 3.077743 
0.132 0.86 1.09 0.2340 0.2160 0.0288 -0.0001 -0.005235 3.077744 
0.133 0.85 1.09 0.2342 0.2160 0.0290 -0.0001 -0.007852 3.077747 
0.134 0.85 1.03 0.2342 0.2208 0.0292 -0.0001 -0.005235 3.077753 
0.135 0.92 1.03 0.2294 0.2208 0.0294 -0.0001 -0.007852 3.077759 
0.136 0.92 1.03 0.2294 0.2208 0.0296 -0.0001 -0.005235 3.077759 
0.137 0.96 1.03 0.2263 0.2208 0.0298 -0.0001 -0.007852 3.077754 
0.138 1.00 0.78 0.2231 0.2401 0.0302 -0.0001 -0.007852 3.077748 
0.139 1.00 0.98 0.2226 0.2242 0.0302 -0.0001 -0.007852 3.077744 
0.140 0.96 1.11 0.2257 0.2143 0.0306 -0.0001 -0.007852 3.077743 
0.141 0.96 1.15 0.2257 0.2117 0.0306 -0.0001 -0.007852 3.077743 
0.142 1.04 1.22 0.2196 0.2059 0.0310 -0.0001 -0.007852 3.077743 
0.143 1.04 1.22 0.2196 0.2059 0.0312 -0.0001 -0.005235 3.077742 
0.144 0.91 1.20 0.2300 0.2075 0.0314 -0.0001 -0.007852 3.077739 
0.145 0.91 1.01 0.2300 0.2225 0.0316 -0.0001 -0.005235 3.077732 
0.146 0.75 1.01 0.2425 0.2225 0.0318 -0.0001 -0.007852 3.077728 
0.147 0.77 1.18 0.2408 0.2095 0.0323 -0.0001 -0.007852 3.077728 
0.148 0.77 1.18 0.2408 0.2095 0.0323 -0.0001 -0.007852 3.077729 
0.149 0.82 1.21 0.2367 0.2066 0.0327 -0.0001 -0.007852 3.077733 
0.150 0.82 1.21 0.2367 0.2066 0.0327 -0.0001 -0.007852 3.077736 
0.151 3.48 3.67 0.2319 0.2174 0.0331 -0.0001 -0.007852 3.077734 
0.152 3.42 3.67 0.2373 0.2174 0.0333 -0.0001 -0.010469 3.077731 
0.153 3.42 3.54 0.2373 0.2277 0.0335 -0.0001 -0.007852 3.077727 
0.154 3.31 3.54 0.2450 0.2277 0.0337 -0.0001 -0.010469 3.077725 
0.155 3.31 3.38 0.2450 0.2403 0.0339 -0.0001 -0.007852 3.077726 
0.156 2.90 2.65 0.2770 0.2960 0.0343 -0.0001 -0.007852 3.077728 
0.157 2.43 2.54 0.3128 0.3048 0.0347 -0.0001 -0.007852 3.077727 
0.158 2.04 1.97 0.3432 0.3486 0.0351 -0.0001 -0.007852 3.077725 
0.159 1.82 1.97 0.3600 0.3486 0.0353 -0.0001 -0.010469 3.077726 
0.160 1.87 2.04 0.3559 0.3429 0.0357 -0.0001 -0.010469 3.077735 
0.161 1.60 1.82 0.3768 0.3596 0.0361 -0.0001 -0.010469 3.077746 
0.162 1.24 1.82 0.4046 0.3596 0.0365 -0.0001 -0.010469 3.077750 
0.163 1.50 1.88 0.3848 0.3554 0.0369 -0.0001 -0.010469 3.077749 
0.164 1.51 1.85 0.3841 0.3577 0.0371 -0.0001 -0.007852 3.077754 
0.165 1.76 1.50 0.3642 0.3842 0.0375 -0.0001 -0.007852 3.077767 
0.166 1.59 1.70 0.3773 0.3691 0.0379 -0.0001 -0.007852 3.077775 
0.167 1.61 1.81 0.3760 0.3606 0.0383 -0.0001 -0.007852 3.077767 
0.168 1.46 1.81 0.3880 0.3606 0.0385 -0.0002 -0.010469 3.077738 
0.169 1.18 1.71 0.4095 0.3686 0.0389 -0.0002 -0.010469 3.077704 
0.170 1.46 1.53 0.3879 0.3824 0.0394 -0.0002 -0.010469 3.077689 
0.171 1.07 1.59 0.4179 0.3779 0.0398 -0.0002 -0.010469 3.077707 
0.172 1.44 1.52 0.3891 0.3826 0.0402 -0.0002 -0.010469 3.077728 
0.173 1.38 1.64 0.3936 0.3736 0.0406 -0.0002 -0.010469 3.077732 
0.174 1.50 1.34 0.3849 0.3968 0.0410 -0.0002 -0.010469 3.077727 
0.175 1.88 1.64 0.3553 0.3736 0.0414 -0.0002 -0.010469 3.077716 
0.176 1.44 1.62 0.3896 0.3753 0.0418 -0.0002 -0.010469 3.077701 
0.177 1.11 1.72 0.4149 0.3680 0.0422 -0.0002 -0.010469 3.077692 
0.178 1.44 1.32 0.3892 0.3986 0.0426 -0.0002 -0.010469 3.077701 
0.179 1.61 1.62 0.3758 0.3754 0.0430 -0.0002 -0.010469 3.077722 
0.180 1.45 1.70 0.3884 0.3689 0.0434 -0.0002 -0.010469 3.077740 
0.181 1.16 1.66 0.4108 0.3725 0.0438 -0.0002 -0.010469 3.077746 
0.182 1.45 1.45 0.3887 0.3882 0.0442 -0.0002 -0.010469 3.077735 
0.183 1.41 1.55 0.3919 0.3809 0.0446 -0.0002 -0.010469 3.077719 
0.184 1.38 1.58 0.3935 0.3781 0.0448 -0.0002 -0.013086 3.077711 
0.185 1.53 1.54 0.3821 0.3817 0.0452 -0.0002 -0.013086 3.077712 
0.186 1.44 1.55 0.3895 0.3803 0.0456 -0.0002 -0.013086 3.077721 
0.187 1.18 1.32 0.4096 0.3980 0.0460 -0.0002 -0.013086 3.077729 
0.188 1.43 1.49 0.3900 0.3857 0.0464 -0.0002 -0.013086 3.077728 
0.189 6.50 1.46 0.0000 0.3881 0.0469 -0.0002 -0.013086 3.077720 
0.190 6.50 1.55 0.0000 0.3809 0.0471 -0.0002 -0.010469 3.077711 
0.191 6.50 1.14 0.0000 0.4123 0.0477 -0.0003 -0.013086 3.077714 
0.192 0.72 1.53 0.4446 0.3822 0.0481 -0.0003 -0.013086 3.077723 
0.193 0.41 1.49 0.4682 0.3851 0.0485 -0.0003 -0.013086 3.077735 
0.194 0.10 1.62 0.4919 0.3756 0.0489 -0.0003 -0.013086 3.077749 
0.195 0.04 1.51 0.4967 0.3838 0.0493 -0.0003 -0.013086 3.077753 
0.196 -0.00 1.55 0.5002 0.3804 0.0497 -0.0003 -0.013086 3.077744 
0.197 0.30 1.11 0.4770 0.4145 0.0503 -0.0003 -0.015704 3.077737 
0.198 0.28 1.64 0.4781 0.3737 0.0507 -0.0003 -0.015704 3.077744 
0.199 0.60 1.74 0.4538 0.3660 0.0511 -0.0003 -0.015704 3.077746 
0.200 0.79 1.66 0.4391 0.3720 0.0515 -0.0003 -0.015704 3.077730 
0.201 0.92 1.35 0.4295 0.3959 0.0519 -0.0003 -0.015704 3.077712 
0.202 0.82 1.67 0.4366 0.3717 0.0523 -0.0003 -0.015704 3.077695 
0.203 1.16 1.71 0.4106 0.3682 0.0525 -0.0003 -0.018321 3.077695 
0.204 1.34 1.81 0.3965 0.3609 0.0529 -0.0003 -0.018321 3.077707 
0.205 1.38 1.63 0.3938 0.3743 0.0533 -0.0003 -0.018321 3.077712 
0.206 1.34 1.50 0.3965 0.3846 0.0538 -0.0003 -0.018321 3.077710 
0.207 1.42 1.63 0.3911 0.3744 0.0542 -0.0004 -0.018321 3.077700 
0.208 1.66 1.18 0.3724 0.4091 0.0546 -0.0004 -0.018321 3.077689 
0.209 1.48 1.57 0.3860 0.3792 0.0550 -0.0004 -0.018321 3.077681 
0.210 1.19 1.30 0.4082 0.4000 0.0554 -0.0004 -0.018321 3.077677 
0.211 1.40 1.64 0.3920 0.3740 0.0558 -0.0004 -0.018321 3.077683 
0.212 1.58 1.58 0.3781 0.3787 0.0562 -0.0004 -0.018321 3.077695 
0.213 1.42 1.59 0.3909 0.3774 0.0566 -0.0004 -0.018321 3.077701 
0.214 1.45 1.60 0.3883 0.3768 0.0570 -0.0004 -0.018321 3.077696 
0.215 1.31 1.63 0.3988 0.3747 0.0574 -0.0004 -0.018321 3.077693 
0.216 1.05 1.30 0.4188 0.4003 0.0578 -0.0004 -0.018321 3.077699 
0.217 1.35 1.58 0.3962 0.3781 0.0582 -0.0004 -0.018321 3.077703 
0.218 0.98 1.65 0.4246 0.3733 0.0584 -0.0004 -0.020938 3.077702 
0.219 1.37 1.74 0.3948 0.3664 0.0588 -0.0004 -0.020938 3.077696 
0.220 1.36 1.65 0.3951 0.3733 0.0592 -0.0004 -0.020938 3.077688 
0.221 1.49 1.49 0.3854 0.3856 0.0596 -0.0005 -0.020938 3.077693 
0.222 1.49 1.54 0.3854 0.3814 0.0598 -0.0005 -0.018321 3.077702 
0.223 1.86 1.49 0.3565 0.3851 0.0602 -0.0005 -0.018321 3.077710 
0.224 1.40 1.60 0.3922 0.3766 0.0606 -0.0005 -0.018321 3.077714 
0.225 1.11 1.29 0.4146 0.4003 0.0611 -0.0005 -0.018321 3.077710 
0.226 1.42 1.60 0.3904 0.3765 0.0615 -0.0005 -0.018321 3.077709 
0.227 1.59 1.60 0.3775 0.3769 0.0619 -0.0005 -0.018321 3.077713 
0.228 1.43 1.69 0.3904 0.3703 0.0623 -0.0005 -0.018321 3.077720 
0.229 1.15 1.30 0.4117 0.3999 0.0627 -0.0005 -0.018321 3.077724 
0.230 1.43 1.61 0.3902 0.3759 0.0631 -0.0005 -0.018321 3.077726 
0.231 1.38 1.68 0.3938 0.3710 0.0635 -0.0005 -0.018321 3.077725 
0.232 1.39 1.64 0.3934 0.3738 0.0639 -0.0005 -0.018321 3.077717 
0.233 1.50 1.44 0.3848 0.3889 0.0643 -0.0005 -0.018321 3.077709 
0.234 1.42 1.57 0.3907 0.3788 0.0647 -0.0005 -0.018321 3.077707 
0.235 1.19 1.57 0.4088 0.3788 0.0649 -0.0006 -0.020938 3.077708 
0.236 1.49 1.53 0.3856 0.3822 0.0653 -0.0006 -0.020938 3.077710 
0.237 1.59 1.60 0.3780 0.3766 0.0657 -0.0006 -0.020938 3.077707 
0.238 1.54 1.35 0.3813 0.3963 0.0661 -0.0006 -0.020938 3.077703 
0.239 1.44 1.53 0.3890 0.3822 0.0665 -0.0006 -0.020938 3.077708 
0.240 1.46 1.48 0.3877 0.3864 0.0669 -0.0006 -0.020938 3.077713 
0.241 1.52 1.58 0.3829 0.3787 0.0673 -0.0006 -0.020938 3.077707 
0.242 1.50 1.15 0.3842 0.4112 0.0677 -0.0006 -0.020938 3.077698 
0.243 1.56 1.55 0.3797 0.3807 0.0681 -0.0006 -0.020938 3.077703 
0.244 1.47 1.51 0.3867 0.3839 0.0686 -0.0006 -0.020938 3.077717 
0.245 1.47 1.62 0.3867 0.3754 0.0688 -0.0006 -0.018321 3.077726 
0.246 1.64 1.51 0.3737 0.3834 0.0692 -0.0006 -0.018321 3.077723 
0.247 1.47 1.55 0.3872 0.3806 0.0696 -0.0006 -0.018321 3.077718 
0.248 1.27 1.12 0.4023 0.4140 0.0700 -0.0007 -0.018321 3.077719 
0.249 1.36 1.64 0.3954 0.3737 0.0704 -0.0007 -0.018321 3.077726 
0.250 1.42 1.75 0.3910 0.3655 0.0708 -0.0007 -0.018321 3.077734 
0.251 1.41 1.66 0.3916 0.3722 0.0712 -0.0007 -0.018321 3.077741 
0.252 1.21 1.36 0.4071 0.3955 0.0716 -0.0007 -0.018321 3.077742 
0.253 1.41 1.48 0.3918 0.3864 0.0718 -0.0007 -0.020938 3.077736 
0.254 1.48 1.72 0.3862 0.3680 0.0722 -0.0007 -0.020938 3.077729 
0.255 1.43 1.81 0.3901 0.3606 0.0726 -0.0007 -0.020938 3.077730 
0.256 1.35 1.65 0.3963 0.3733 0.0730 -0.0007 -0.020938 3.077738 
0.257 1.39 1.52 0.3934 0.3832 0.0734 -0.0007 -0.020938 3.077746 
0.258 1.63 1.65 0.3747 0.3733 0.0738 -0.0007 -0.020938 3.077746 
0.259 1.44 1.21 0.3891 0.4073 0.0742 -0.0007 -0.020938 3.077740 
0.260 1.16 1.58 0.4107 0.3784 0.0746 -0.0007 -0.020938 3.077733 
0.261 1.43 1.32 0.3904 0.3982 0.0750 -0.0008 -0.020938 3.077730 
0.262 1.63 1.65 0.3749 0.3731 0.0755 -0.0008 -0.020938 3.077733 
0.263 1.47 1.58 0.3872 0.3782 0.0759 -0.0008 -0.020938 3.077738 
0.264 1.51 1.58 0.3836 0.3783 0.0763 -0.0008 -0.020938 3.077741 
0.265 1.37 1.58 0.3948 0.3782 0.0767 -0.0008 -0.020938 3.077738 
0.266 1.11 1.60 0.4144 0.3769 0.0771 -0.0008 -0.020938 3.077730 
0.267 1.41 1.26 0.3912 0.4032 0.0775 -0.0008 -0.020938 3.077719 
0.268 1.06 1.55 0.4187 0.3805 0.0779 -0.0008 -0.020938 3.077712 
0.269 1.43 1.55 0.3902 0.3805 0.0781 -0.0008 -0.023556 3.077713 
0.270 1.41 1.70 0.3917 0.3692 0.0785 -0.0008 -0.023556 3.077716 
0.271 1.51 1.60 0.3840 0.3770 0.0789 -0.0008 -0.023556 3.077716 
0.272 1.79 1.45 0.3620 0.3884 0.0791 -0.0008 -0.020938 3.077716 
0.273 1.89 1.52 0.3544 0.3829 0.0795 -0.0009 -0.020938 3.077714 
0.274 1.44 1.48 0.3896 0.3864 0.0799 -0.0009 -0.020938 3.077714 
0.275 1.10 1.61 0.4156 0.3764 0.0803 -0.0009 -0.020938 3.077716 
0.276 1.42 1.35 0.3909 0.3964 0.0807 -0.0009 -0.020938 3.077719 
0.277 1.58 1.62 0.3787 0.3753 0.0811 -0.0009 -0.020938 3.077722 
0.278 1.39 1.62 0.3927 0.3752 0.0815 -0.0009 -0.020938 3.077728 
0.279 1.12 1.71 0.4141 0.3684 0.0819 -0.0009 -0.020938 3.077733 
0.280 1.41 1.33 0.3912 0.3973 0.0823 -0.0009 -0.020938 3.077732 
0.281 1.37 1.61 0.3949 0.3760 0.0828 -0.0009 -0.020938 3.077726 
0.282 1.36 1.71 0.3950 0.3688 0.0832 -0.0009 -0.020938 3.077721 
0.283 1.50 1.65 0.3848 0.3731 0.0836 -0.0009 -0.020938 3.077722 
0.284 1.42 1.46 0.3906 0.3878 0.0840 -0.0009 -0.020938 3.077731 
0.285 1.16 1.46 0.4109 0.3878 0.0842 -0.0010 -0.023556 3.077745 
0.286 1.41 1.58 0.3914 0.3783 0.0846 -0.0010 -0.023556 3.077754 
0.287 1.48 1.55 0.3863 0.3808 0.0850 -0.0010 -0.023556 3.077754 
0.288 1.45 1.62 0.3885 0.3753 0.0854 -0.0010 -0.023556 3.077751 
0.289 1.34 1.38 0.3966 0.3942 0.0858 -0.0010 -0.023556 3.077752 
0.290 1.39 1.55 0.3931 0.3807 0.0862 -0.0010 -0.023556 3.077754 
0.291 1.44 1.50 0.3890 0.3843 0.0866 -0.0010 -0.023556 3.077755 
0.292 1.45 1.60 0.3882 0.3769 0.0870 -0.0010 -0.023556 3.077758 
0.293 1.52 1.17 0.3827 0.4099 0.0874 -0.0010 -0.023556 3.077763 
0.294 1.44 1.57 0.3892 0.3795 0.0878 -0.0010 -0.023556 3.077765 
0.295 1.61 1.51 0.3760 0.3837 0.0882 -0.0010 -0.023556 3.077759 
0.296 1.44 1.63 0.3891 0.3746 0.0886 -0.0011 -0.023556 3.077751 
0.297 1.25 1.51 0.4041 0.3834 0.0890 -0.0011 -0.023556 3.077746 
0.298 1.34 1.57 0.3968 0.3795 0.0894 -0.0011 -0.023556 3.077747 
0.299 1.41 1.11 0.3915 0.4145 0.0898 -0.0011 -0.023556 3.077751 
0.300 1.41 1.63 0.3917 0.3745 0.0903 -0.0011 -0.023556 3.077756 
0.301 1.21 1.77 0.4070 0.3636 0.0907 -0.0011 -0.023556 3.077759 
0.302 1.40 1.77 0.3921 0.3636 0.0911 -0.0011 -0.023556 3.077759 
0.303 1.40 1.65 0.3921 0.3731 0.0913 -0.0011 -0.026173 3.077756 
0.304 1.49 1.37 0.3854 0.3947 0.0915 -0.0011 -0.023556 3.077754 
0.305 1.43 1.70 0.3897 0.3690 0.0919 -0.0011 -0.023556 3.077754 
0.306 1.35 1.79 0.3960 0.3626 0.0923 -0.0011 -0.023556 3.077757 
0.307 1.39 1.61 0.3929 0.3758 0.0927 -0.0012 -0.023556 3.077762 
0.308 1.63 1.48 0.3746 0.3858 0.0931 -0.0012 -0.023556 3.077766 
0.309 1.44 1.62 0.3893 0.3753 0.0935 -0.0012 -0.023556 3.077766 
0.310 1.18 1.18 0.4090 0.4096 0.0939 -0.0012 -0.023556 3.077767 
0.311 1.47 1.56 0.3870 0.3797 0.0943 -0.0012 -0.023556 3.077765 
0.312 1.68 1.29 0.3706 0.4006 0.0947 -0.0012 -0.023556 3.077765 
0.313 1.52 1.65 0.3830 0.3734 0.0951 -0.0012 -0.023556 3.077772 
0.314 1.56 1.58 0.3797 0.3785 0.0955 -0.0012 -0.023556 3.077776 
0.315 1.41 1.57 0.3917 0.3791 0.0959 -0.0012 -0.023556 3.077779 
0.316 1.15 1.58 0.4116 0.3785 0.0963 -0.0012 -0.023556 3.077782 
0.317 1.44 1.60 0.3893 0.3771 0.0967 -0.0012 -0.023556 3.077788 
0.318 1.07 1.25 0.4176 0.4037 0.0971 -0.0013 -0.023556 3.077801 
0.319 1.44 1.55 0.3894 0.3809 0.0976 -0.0013 -0.023556 3.077813 
0.320 1.41 1.55 0.3917 0.3809 0.0978 -0.0013 -0.026173 3.077817 
0.321 1.51 1.71 0.3840 0.3688 0.0982 -0.0013 -0.026173 3.077816 
0.322 1.88 1.59 0.3555 0.3773 0.0986 -0.0013 -0.026173 3.077815 
0.323 1.43 1.45 0.3899 0.3883 0.0990 -0.0013 -0.026173 3.077815 
0.324 1.10 1.52 0.4157 0.3828 0.0994 -0.0013 -0.026173 3.077817 
0.325 1.43 1.47 0.3901 0.3868 0.0998 -0.0013 -0.026173 3.077821 
0.326 1.63 1.59 0.3746 0.3773 0.1002 -0.0013 -0.026173 3.077826 
0.327 1.43 1.29 0.3902 0.4008 0.1006 -0.0013 -0.026173 3.077829 
0.328 1.15 1.59 0.4112 0.3773 0.1010 -0.0014 -0.026173 3.077832 
0.329 1.34 1.60 0.3966 0.3765 0.1012 -0.0014 -0.023556 3.077832 
0.330 1.44 1.67 0.3890 0.3717 0.1016 -0.0014 -0.023556 3.077830 
0.331 1.41 1.32 0.3919 0.3983 0.1020 -0.0014 -0.023556 3.077833 
0.332 1.39 1.63 0.3935 0.3743 0.1024 -0.0014 -0.023556 3.077836 
0.333 1.53 1.74 0.3823 0.3665 0.1028 -0.0014 -0.023556 3.077837 
0.334 1.44 1.68 0.3894 0.3707 0.1032 -0.0014 -0.023556 3.077840 
0.335 1.18 1.48 0.4095 0.3861 0.1036 -0.0014 -0.023556 3.077843 
0.336 1.42 1.48 0.3911 0.3861 0.1038 -0.0014 -0.026173 3.077842 
0.337 1.48 1.60 0.3862 0.3771 0.1042 -0.0014 -0.026173 3.077839 
0.338 1.44 1.56 0.3890 0.3801 0.1047 -0.0014 -0.026173 3.077837 
0.339 1.34 1.64 0.3965 0.3740 0.1051 -0.0015 -0.026173 3.077837 
0.340 1.37 1.39 0.3945 0.3933 0.1055 -0.0015 -0.026173 3.077838 
0.341 1.45 1.56 0.3885 0.3797 0.1059 -0.0015 -0.026173 3.077840 
0.342 1.44 1.51 0.3890 0.3836 0.1063 -0.0015 -0.026173 3.077840 
0.343 1.50 1.60 0.3842 0.3767 0.1067 -0.0015 -0.026173 3.077837 
0.344 1.43 1.18 0.3897 0.4095 0.1071 -0.0015 -0.026173 3.077836 
0.345 1.62 1.56 0.3752 0.3799 0.1075 -0.0015 -0.026173 3.077835 
0.346 1.45 1.51 0.3888 0.3836 0.1079 -0.0015 -0.026173 3.077833 
0.347 1.24 1.63 0.4046 0.3748 0.1083 -0.0015 -0.026173 3.077831 
0.348 1.34 1.51 0.3965 0.3836 0.1087 -0.0016 -0.026173 3.077830 
0.349 1.42 1.55 0.3910 0.3808 0.1091 -0.0016 -0.026173 3.077833 
0.350 1.41 1.12 0.3919 0.4140 0.1095 -0.0016 -0.026173 3.077835 
0.351 1.20 1.62 0.4073 0.3752 0.1099 -0.0016 -0.026173 3.077833 
0.352 1.40 1.74 0.3919 0.3663 0.1103 -0.0016 -0.026173 3.077830 
0.353 1.49 1.74 0.3856 0.3663 0.1105 -0.0016 -0.028790 3.077828 
0.354 1.44 1.66 0.3895 0.3722 0.1109 -0.0016 -0.028790 3.077827 
0.355 1.34 1.36 0.3966 0.3954 0.1113 -0.0016 -0.028790 3.077825 
0.356 1.39 1.67 0.3930 0.3712 0.1117 -0.0016 -0.028790 3.077827 
0.357 1.49 1.78 0.3852 0.3632 0.1120 -0.0016 -0.026173 3.077830 
0.358 1.63 1.61 0.3748 0.3763 0.1124 -0.0017 -0.026173 3.077831 
0.359 1.46 1.48 0.3880 0.3861 0.1128 -0.0017 -0.026173 3.077830 
0.360 1.15 1.62 0.4118 0.3754 0.1132 -0.0017 -0.026173 3.077827 
0.361 1.43 1.18 0.3900 0.4090 0.1136 -0.0017 -0.026173 3.077823 
0.362 1.61 1.57 0.3762 0.3795 0.1140 -0.0017 -0.026173 3.077819 
0.363 1.46 1.30 0.3880 0.3996 0.1144 -0.0017 -0.026173 3.077817 
0.364 1.50 1.65 0.3844 0.3729 0.1148 -0.0017 -0.026173 3.077817 
0.365 1.36 1.58 0.3949 0.3780 0.1152 -0.0017 -0.026173 3.077817 
0.366 1.10 1.57 0.4153 0.3789 0.1156 -0.0017 -0.026173 3.077816 
0.367 1.40 1.58 0.3920 0.3783 0.1160 -0.0017 -0.026173 3.077817 
0.368 1.03 1.61 0.4205 0.3764 0.1164 -0.0018 -0.026173 3.077816 
0.369 1.41 1.27 0.3915 0.4024 0.1168 -0.0018 -0.026173 3.077814 
0.370 1.38 1.46 0.3939 0.3880 0.1170 -0.0018 -0.028790 3.077815 
0.371 1.49 1.56 0.3855 0.3801 0.1174 -0.0018 -0.028790 3.077815 
0.372 1.88 1.70 0.3553 0.3690 0.1178 -0.0018 -0.028790 3.077815 
0.373 1.44 1.63 0.3895 0.3747 0.1182 -0.0018 -0.028790 3.077812 
0.374 1.11 1.47 0.4146 0.3869 0.1186 -0.0018 -0.028790 3.077812 
0.375 1.45 1.54 0.3887 0.3815 0.1190 -0.0018 -0.028790 3.077820 
0.376 1.65 1.49 0.3732 0.3850 0.1195 -0.0018 -0.028790 3.077827 
0.377 1.49 1.61 0.3854 0.3764 0.1199 -0.0019 -0.028790 3.077831 
0.378 1.20 1.31 0.4078 0.3993 0.1203 -0.0019 -0.028790 3.077834 
0.379 1.48 1.62 0.3863 0.3755 0.1207 -0.0019 -0.028790 3.077837 
0.380 1.43 1.61 0.3903 0.3764 0.1211 -0.0019 -0.028790 3.077837 
0.381 1.40 1.69 0.3925 0.3698 0.1215 -0.0019 -0.028790 3.077835 
0.382 1.53 1.31 0.3820 0.3994 0.1219 -0.0019 -0.028790 3.077833 
0.383 1.44 1.60 0.3895 0.3768 0.1223 -0.0019 -0.028790 3.077832 
0.384 1.17 1.69 0.4099 0.3699 0.1227 -0.0019 -0.028790 3.077832 
0.385 1.41 1.64 0.3919 0.3738 0.1231 -0.0019 -0.028790 3.077832 
0.386 1.41 1.64 0.3919 0.3738 0.1231 -0.0019 -0.028790 3.077830 
0.387 1.52 1.44 0.3831 0.3889 0.1235 -0.0020 -0.028790 3.077824 
0.388 1.40 1.57 0.3920 0.3792 0.1239 -0.0020 -0.028790 3.077817 
0.389 1.34 1.54 0.3972 0.3811 0.1243 -0.0020 -0.028790 3.077817 
0.390 1.38 1.59 0.3939 0.3779 0.1247 -0.0020 -0.028790 3.077826 
0.391 1.43 1.35 0.3899 0.3964 0.1251 -0.0020 -0.028790 3.077834 
0.392 1.43 1.53 0.3899 0.3818 0.1255 -0.0020 -0.028790 3.077838 
0.393 1.50 1.48 0.3849 0.3861 0.1259 -0.0020 -0.028790 3.077839 
0.394 1.43 1.58 0.3902 0.3786 0.1263 -0.0020 -0.028790 3.077840 
0.395 1.61 1.17 0.3764 0.4102 0.1268 -0.0021 -0.028790 3.077838 
0.396 1.44 1.58 0.3891 0.3783 0.1272 -0.0021 -0.028790 3.077833 
0.397 1.27 1.54 0.4021 0.3818 0.1276 -0.0021 -0.028790 3.077830 
0.398 1.37 1.65 0.3946 0.3728 0.1280 -0.0021 -0.028790 3.077830 
0.399 1.42 1.54 0.3904 0.3815 0.1284 -0.0021 -0.028790 3.077831 
0.400 1.42 1.57 0.3908 0.3789 0.1288 -0.0021 -0.028790 3.077830 
0.401 1.21 1.13 0.4068 0.4130 0.1292 -0.0021 -0.028790 3.077824 
0.402 -5.08 -4.85 0.3912 0.3729 0.1296 -0.0021 -0.028790 3.077815 
0.403 -5.01 -4.72 0.3856 0.3629 0.1300 -0.0021 -0.028790 3.077810 
0.404 -4.81 -4.72 0.3702 0.3629 0.1302 -0.0022 -0.031408 3.077811 
0.405 -4.32 -4.44 0.3323 0.3418 0.1306 -0.0022 -0.031408 3.077813 
0.406 -4.32 -3.93 0.3323 0.3024 0.1308 -0.0022 -0.028790 3.077813 
0.407 -3.45 -3.56 0.2654 0.2738 0.1310 -0.0022 -0.031408 3.077815 
0.408 -3.45 -2.45 0.2654 0.1886 0.1312 -0.0022 -0.028790 3.077818 
0.409 -2.23 -2.45 0.1718 0.1886 0.1314 -0.0022 -0.031408 3.077825 
0.410 -2.23 -2.26 0.1718 0.1737 0.1314 -0.0022 -0.031408 3.077828 
0.411 -2.23 -1.58 0.1718 0.1216 0.1314 -0.0022 -0.031408 3.077821 
0.412 -1.67 -1.22 0.1284 0.0936 0.1314 -0.0022 -0.031408 3.077818 
0.413 -1.27 -0.99 0.0975 0.0761 0.1314 -0.0022 -0.031408 3.077779 
0.414 -1.02 -0.83 0.0786 0.0640 0.1314 -0.0022 -0.031408 3.077759 
0.415 -0.85 -0.72 0.0658 0.0553 0.1314 -0.0022 -0.031408 3.077821 
0.416 -0.74 -0.63 0.0567 0.0487 0.1314 -0.0022 -0.031408 3.077860 
0.417 -0.65 -0.56 0.0497 0.0435 0.1314 -0.0022 -0.031408 3.077829 
0.418 -0.57 -0.51 0.0443 0.0393 0.1314 -0.0022 -0.031408 3.077740 
0.419 0.53 -0.47 -0.0404 0.0358 0.1312 -0.0022 -0.028790 3.077690 
0.420 0.53 -0.43 -0.0404 0.0329 0.1312 -0.0022 -0.028790 3.077772 
0.421 0.53 -0.40 -0.0404 0.0304 0.1312 -0.0022 -0.028790 3.077912 
0.422 0.53 -0.37 -0.0404 0.0283 0.1312 -0.0022 -0.028790 3.077968 
0.423 0.53 0.36 -0.0404 -0.0274 0.1310 -0.0022 -0.031408 3.077928 
0.424 0.53 0.36 -0.0404 -0.0274 0.1310 -0.0022 -0.031408 3.077876 
0.425 0.90 0.36 -0.0695 -0.0274 0.1308 -0.0022 -0.028790 3.077845 
0.426 0.90 0.36 -0.0695 -0.0274 0.1308 -0.0022 -0.028790 3.077842 
0.427 0.90 0.36 -0.0695 -0.0274 0.1308 -0.0022 -0.028790 3.077842 
0.428 0.90 0.36 -0.0695 -0.0274 0.1308 -0.0022 -0.028790 3.077831 
0.429 0.90 0.36 -0.0695 -0.0274 0.1308 -0.0022 -0.028790 3.077836 
0.430 0.90 0.36 -0.0695 -0.0274 0.1308 -0.0022 -0.028790 3.077858 
0.431 0.84 0.36 -0.0646 -0.0274 0.1308 -0.0022 -0.028790 3.077882 
0.432 0.72 0.36 -0.0557 -0.0274 0.1308 -0.0022 -0.028790 3.077902 
0.433 0.64 0.36 -0.0490 -0.0274 0.1308 -0.0022 -0.028790 3.077909 
0.434 0.57 0.36 -0.0437 -0.0274 0.1308 -0.0022 -0.028790 3.077897 
0.435 0.51 0.36 -0.0395 -0.0274 0.1308 -0.0022 -0.028790 3.077861 
0.436 0.47 0.36 -0.0360 -0.0274 0.1308 -0.0022 -0.028790 3.077831 
0.437 0.43 0.36 -0.0330 -0.0274 0.1308 -0.0022 -0.028790 3.077831 
0.438 0.40 0.34 -0.0305 -0.0261 0.1308 -0.0022 -0.028790 3.077856 
0.439 0.37 0.32 -0.0284 -0.0245 0.1308 -0.0022 -0.028790 3.077883 
0.440 0.34 0.30 -0.0265 -0.0231 0.1308 -0.0022 -0.028790 3.077868 
0.441 0.32 0.28 -0.0249 -0.0219 0.1308 -0.0022 -0.028790 3.077830 
0.442 0.30 0.27 -0.0235 -0.0208 0.1308 -0.0022 -0.028790 3.077811 
0.443 0.29 0.26 -0.0222 -0.0197 0.1308 -0.0022 -0.028790 3.077823 
0.444 0.27 0.24 -0.0210 -0.0188 0.1308 -0.0022 -0.028790 3.077840 
0.445 0.26 0.23 -0.0200 -0.0180 0.1308 -0.0022 -0.028790 3.077838 
0.446 0.25 0.22 -0.0191 -0.0172 0.1308 -0.0022 -0.028790 3.077837 
0.447 0.24 0.21 -0.0182 -0.0165 0.1308 -0.0022 -0.028790 3.077845 
0.448 0.23 0.21 -0.0174 -0.0159 0.1308 -0.0022 -0.028790 3.077857 
0.449 0.22 0.20 -0.0167 -0.0153 0.1308 -0.0022 -0.028790 3.077853 
0.450 0.21 0.19 -0.0160 -0.0147 0.1308 -0.0022 -0.028790 3.077818 
0.451 0.20 0.18 -0.0154 -0.0142 0.1308 -0.0022 -0.028790 3.077782 
0.452 0.19 -0.18 -0.0149 0.0138 0.1310 -0.0022 -0.026173 3.077778 
0.453 0.19 -0.18 -0.0143 0.0138 0.1310 -0.0022 -0.026173 3.077806 
0.454 0.18 -0.18 -0.0139 0.0138 0.1310 -0.0022 -0.026173 3.077836 
0.455 0.17 -0.18 -0.0134 0.0138 0.1310 -0.0022 -0.026173 3.077847 
0.456 0.17 -0.18 -0.0130 0.0138 0.1310 -0.0022 -0.026173 3.077844 
0.457 0.16 -0.18 -0.0126 0.0138 0.1310 -0.0022 -0.026173 3.077850 
0.458 0.16 -0.18 -0.0122 0.0138 0.1310 -0.0022 -0.026173 3.077862 
0.459 0.15 -0.18 -0.0118 0.0138 0.1310 -0.0022 -0.026173 3.077863 
0.460 0.15 -0.18 -0.0115 0.0138 0.1310 -0.0022 -0.026173 3.077852 
0.461 0.14 -0.18 -0.0112 0.0138 0.1310 -0.0022 -0.026173 3.077840 
0.462 0.14 -0.18 -0.0109 0.0138 0.1310 -0.0022 -0.026173 3.077848 
0.463 0.14 -0.18 -0.0106 0.0138 0.1310 -0.0022 -0.026173 3.077863 
0.464 0.13 -0.18 -0.0103 0.0138 0.1310 -0.0022 -0.026173 3.077868 
0.465 0.13 -0.18 -0.0101 0.0138 0.1310 -0.0022 -0.026173 3.077864 
0.466 0.13 -0.18 -0.0098 0.0138 0.1310 -0.0022 -0.026173 3.077853 
0.467 0.12 -0.18 -0.0096 0.0138 0.1310 -0.0022 -0.026173 3.077845 
0.468 0.12 -0.18 -0.0094 0.0138 0.1310 -0.0022 -0.026173 3.077844 
0.469 0.12 -0.18 -0.0092 0.0138 0.1310 -0.0022 -0.026173 3.077851 
0.470 0.12 -0.18 -0.0090 0.0138 0.1310 -0.0022 -0.026173 3.077858 
0.471 0.11 -0.18 -0.0088 0.0138 0.1310 -0.0022 -0.026173 3.077862 
0.472 0.11 -0.18 -0.0086 0.0138 0.1310 -0.0022 -0.026173 3.077864 
0.473 0.11 -0.18 -0.0084 0.0138 0.1310 -0.0022 -0.026173 3.077867 
0.474 0.11 -0.18 -0.0082 0.0138 0.1310 -0.0022 -0.026173 3.077874 
0.475 0.10 -0.18 -0.0081 0.0138 0.1310 -0.0022 -0.026173 3.077878 
0.476 0.10 -0.18 -0.0079 0.0138 0.1310 -0.0022 -0.026173 3.077873 
0.477 0.10 -0.18 -0.0078 0.0138 0.1310 -0.0022 -0.026173 3.077863 
0.478 0.10 -0.18 -0.0076 0.0138 0.1310 -0.0022 -0.026173 3.077860 
0.479 0.10 -0.18 -0.0075 0.0138 0.1310 -0.0022 -0.026173 3.077864 
0.480 0.10 -0.18 -0.0073 0.0138 0.1310 -0.0022 -0.026173 3.077869 
0.481 0.09 -0.18 -0.0072 0.0138 0.1310 -0.0022 -0.026173 3.077873 
0.482 0.09 -0.17 -0.0071 0.0134 0.1310 -0.0022 -0.026173 3.077873 
0.483 0.09 -0.17 -0.0070 0.0130 0.1310 -0.0022 -0.026173 3.077871 
0.484 0.09 -0.16 -0.0068 0.0126 0.1310 -0.0022 -0.026173 3.077868 
0.485 0.09 -0.16 -0.0067 0.0122 0.1310 -0.0022 -0.026173 3.077864 
0.486 0.09 -0.15 -0.0066 0.0119 0.1310 -0.0022 -0.026173 3.077863 
0.487 0.08 -0.15 -0.0065 0.0115 0.1310 -0.0022 -0.026173 3.077864 
0.488 0.08 -0.14 -0.0064 0.0112 0.1310 -0.0022 -0.026173 3.077867 
0.489 0.08 -0.14 -0.0063 0.0109 0.1310 -0.0022 -0.026173 3.077868 
0.490 0.08 -0.14 -0.0062 0.0106 0.1310 -0.0022 -0.026173 3.077871 
0.491 0.08 -0.13 -0.0061 0.0104 0.1310 -0.0022 -0.026173 3.077872 
0.492 0.08 -0.13 -0.0060 0.0101 0.1310 -0.0022 -0.026173 3.077868 
0.493 0.08 -0.13 -0.0059 0.0098 0.1310 -0.0022 -0.026173 3.077865 
0.494 0.08 -0.12 -0.0059 0.0096 0.1310 -0.0022 -0.026173 3.077868 
0.495 0.07 -0.12 -0.0058 0.0094 0.1310 -0.0022 -0.026173 3.077875 
0.496 0.07 -0.12 -0.0057 0.0092 0.1310 -0.0022 -0.026173 3.077883 
0.497 0.07 -0.12 -0.0056 0.0090 0.1310 -0.0022 -0.026173 3.077888 
0.498 0.07 -0.11 -0.0055 0.0088 0.1310 -0.0022 -0.026173 3.077888 
0.499 0.07 -0.11 -0.0055 0.0086 0.1310 -0.0022 -0.026173 3.077885 
0.500 0.07 -0.11 -0.0054 0.0084 0.1310 -0.0022 -0.026173 3.077877 
0.501 0.07 -0.11 -0.0053 0.0082 0.1310 -0.0022 -0.026173 3.077866 
0.502 0.07 -0.10 -0.0052 0.0081 0.1310 -0.0022 -0.026173 3.077856 
0.503 0.07 -0.10 -0.0052 0.0079 0.1310 -0.0022 -0.026173 3.077851 
0.504 0.07 -0.10 -0.0051 0.0078 0.1310 -0.0022 -0.026173 3.077853 
0.505 0.07 -0.10 -0.0051 0.0076 0.1310 -0.0022 -0.026173 3.077857 
0.506 0.06 -0.10 -0.0050 0.0075 0.1310 -0.0022 -0.026173 3.077861 
0.507 0.06 -0.10 -0.0049 0.0073 0.1310 -0.0022 -0.026173 3.077861 
0.508 0.06 -0.09 -0.0049 0.0072 0.1310 -0.0022 -0.026173 3.077859 
0.509 0.06 -0.09 -0.0048 0.0071 0.1310 -0.0022 -0.026173 3.077858 
0.510 0.06 -0.09 -0.0048 0.0070 0.1310 -0.0022 -0.026173 3.077857 
0.511 0.06 -0.09 -0.0047 0.0069 0.1310 -0.0022 -0.026173 3.077858 
0.512 0.06 -0.09 -0.0046 0.0067 0.1310 -0.0022 -0.026173 3.077860 
0.513 0.06 -0.09 -0.0046 0.0066 0.1310 -0.0022 -0.026173 3.077861 
0.514 0.06 -0.08 -0.0045 0.0065 0.1310 -0.0022 -0.026173 3.077862 
0.515 0.06 -0.08 -0.0045 0.0064 0.1310 -0.0022 -0.026173 3.077862 
0.516 0.06 -0.08 -0.0044 0.0063 0.1310 -0.0022 -0.026173 3.077861 
0.517 0.06 -0.08 -0.0044 0.0062 0.1310 -0.0022 -0.026173 3.077859 
0.518 0.06 -0.08 -0.0043 0.0061 0.1310 -0.0022 -0.026173 3.077858 
0.519 0.06 -0.08 -0.0043 0.0060 0.1310 -0.0022 -0.026173 3.077854 
0.520 0.06 -0.08 -0.0043 0.0059 0.1310 -0.0022 -0.026173 3.077852 
0.521 0.05 -0.08 -0.0042 0.0059 0.1310 -0.0022 -0.026173 3.077854 
0.522 0.05 -0.07 -0.0042 0.0058 0.1310 -0.0022 -0.026173 3.077855 
0.523 0.05 -0.07 -0.0041 0.0057 0.1310 -0.0022 -0.026173 3.077853 
0.524 0.05 -0.07 -0.0041 0.0056 0.1310 -0.0022 -0.026173 3.077850 
0.525 0.05 -0.07 -0.0040 0.0055 0.1310 -0.0022 -0.026173 3.077847 
0.526 0.05 -0.07 -0.0040 0.0055 0.1310 -0.0022 -0.026173 3.077844 
0.527 0.05 -0.07 -0.0040 0.0054 0.1310 -0.0022 -0.026173 3.077842 
0.528 0.05 -0.07 -0.0039 0.0053 0.1310 -0.0022 -0.026173 3.077842 
0.529 0.05 -0.07 -0.0039 0.0053 0.1310 -0.0022 -0.026173 3.077846 
0.530 0.05 -0.07 -0.0039 0.0052 0.1310 -0.0022 -0.026173 3.077851 
0.531 0.05 -0.07 -0.0038 0.0051 0.1310 -0.0022 -0.026173 3.077852 
0.532 0.05 -0.07 -0.0038 0.0051 0.1310 -0.0022 -0.026173 3.077850 
0.533 0.05 -0.06 -0.0037 0.0050 0.1310 -0.0022 -0.026173 3.077847 
0.534 0.05 -0.06 -0.0037 0.0049 0.1310 -0.0022 -0.026173 3.077842 
0.535 0.05 -0.06 -0.0037 0.0049 0.1310 -0.0022 -0.026173 3.077835 
0.536 0.05 -0.06 -0.0036 0.0048 0.1310 -0.0022 -0.026173 3.077832 
0.537 0.05 -0.06 -0.0036 0.0048 0.1310 -0.0022 -0.026173 3.077831 
0.538 0.05 -0.06 -0.0036 0.0047 0.1310 -0.0022 -0.026173 3.077828 
0.539 0.05 -0.06 -0.0035 0.0047 0.1310 -0.0022 -0.026173 3.077825 
0.540 0.04 -0.06 -0.0035 0.0046 0.1310 -0.0022 -0.026173 3.077821 
0.541 0.04 -0.06 -0.0035 0.0045 0.1310 -0.0022 -0.026173 3.077817 
0.542 0.04 -0.06 -0.0035 0.0045 0.1310 -0.0022 -0.026173 3.077811 
0.543 0.04 -0.06 -0.0034 0.0044 0.1310 -0.0022 -0.026173 3.077805 
0.544 0.04 -0.06 -0.0034 0.0044 0.1310 -0.0022 -0.026173 3.077802 
0.545 0.04 -0.06 -0.0034 0.0044 0.1310 -0.0022 -0.026173 3.077802 
0.546 0.04 -0.06 -0.0033 0.0043 0.1310 -0.0022 -0.026173 3.077804 
0.547 0.04 -0.06 -0.0033 0.0043 0.1310 -0.0022 -0.026173 3.077810 
0.548 0.04 -0.05 -0.0033 0.0042 0.1310 -0.0022 -0.026173 3.077815 
0.549 0.04 -0.05 -0.0033 0.0042 0.1310 -0.0022 -0.026173 3.077814 
0.550 0.04 -0.05 -0.0032 0.0041 0.1310 -0.0022 -0.026173 3.077809 
0.551 0.04 -0.05 -0.0032 0.0041 0.1310 -0.0022 -0.026173 3.077809 
0.552 0.04 -0.05 -0.0032 0.0040 0.1310 -0.0022 -0.026173 3.077813 
0.553 0.04 -0.05 -0.0032 0.0040 0.1310 -0.0022 -0.026173 3.077819 
0.554 0.04 -0.05 -0.0031 0.0040 0.1310 -0.0022 -0.026173 3.077822 
0.555 0.04 -0.05 -0.0031 0.0039 0.1310 -0.0022 -0.026173 3.077820 
0.556 0.04 -0.05 -0.0031 0.0039 0.1310 -0.0022 -0.026173 3.077817 
0.557 0.04 -0.05 -0.0031 0.0039 0.1310 -0.0022 -0.026173 3.077817 
0.558 0.04 -0.05 -0.0030 0.0038 0.1310 -0.0022 -0.026173 3.077821 
0.559 0.04 -0.05 -0.0030 0.0038 0.1310 -0.0022 -0.026173 3.077825 
0.560 0.04 -0.05 -0.0030 0.0037 0.1310 -0.0022 -0.026173 3.077825 
0.561 0.04 -0.05 -0.0030 0.0037 0.1310 -0.0022 -0.026173 3.077822 
0.562 0.04 -0.05 -0.0030 0.0037 0.1310 -0.0022 -0.026173 3.077821 
0.563 0.04 -0.05 -0.0029 0.0036 0.1310 -0.0022 -0.026173 3.077821 
0.564 0.04 -0.05 -0.0029 0.0036 0.1310 -0.0022 -0.026173 3.077822 
0.565 0.04 -0.05 -0.0029 0.0036 0.1310 -0.0022 -0.026173 3.077824 
0.566 0.04 -0.05 -0.0029 0.0036 0.1310 -0.0022 -0.026173 3.077825 
0.567 0.04 -0.04 -0.0029 0.0035 0.1310 -0.0022 -0.026173 3.077823 
0.568 0.04 -0.04 -0.0028 0.0035 0.1310 -0.0022 -0.026173 3.077820 
0.569 0.04 -0.04 -0.0028 0.0035 0.1310 -0.0022 -0.026173 3.077817 
0.570 0.04 -0.04 -0.0028 0.0034 0.1310 -0.0022 -0.026173 3.077813 
0.571 0.04 -0.04 -0.0028 0.0034 0.1310 -0.0022 -0.026173 3.077809 
0.572 0.04 -0.04 -0.0028 0.0034 0.1310 -0.0022 -0.026173 3.077806 
0.573 0.04 -0.04 -0.0027 0.0033 0.1310 -0.0022 -0.026173 3.077801 
0.574 0.04 -0.04 -0.0027 0.0033 0.1310 -0.0022 -0.026173 3.077797 
0.575 0.04 -0.04 -0.0027 0.0033 0.1310 -0.0022 -0.026173 3.077795 
0.576 0.03 -0.04 -0.0027 0.0033 0.1310 -0.0022 -0.026173 3.077797 
0.577 0.03 -0.04 -0.0027 0.0032 0.1310 -0.0022 -0.026173 3.077796 
0.578 0.03 -0.04 -0.0026 0.0032 0.1310 -0.0022 -0.026173 3.077794 
0.579 0.03 -0.04 -0.0026 0.0032 0.1310 -0.0022 -0.026173 3.077794 
0.580 0.03 -0.04 -0.0026 0.0032 0.1310 -0.0022 -0.026173 3.077797 
0.581 0.03 -0.04 -0.0026 0.0031 0.1310 -0.0022 -0.026173 3.077800 
0.582 0.03 -0.04 -0.0026 0.0031 0.1310 -0.0022 -0.026173 3.077802 
0.583 0.03 -0.04 -0.0026 0.0031 0.1310 -0.0022 -0.026173 3.077805 
0.584 0.03 -0.04 -0.0025 0.0031 0.1310 -0.0022 -0.026173 3.077804 
0.585 0.03 -0.04 -0.0025 0.0030 0.1310 -0.0022 -0.026173 3.077798 
0.586 0.03 -0.04 -0.0025 0.0030 0.1310 -0.0022 -0.026173 3.077789 
0.587 0.03 -0.04 -0.0025 0.0030 0.1310 -0.0022 -0.026173 3.077780 
0.588 0.03 -0.04 -0.0025 0.0030 0.1310 -0.0022 -0.026173 3.077777 
0.589 0.03 -0.04 -0.0025 0.0030 0.1310 -0.0022 -0.026173 3.077783 
0.590 0.03 -0.04 -0.0025 0.0029 0.1310 -0.0022 -0.026173 3.077790 
0.591 0.03 -0.04 -0.0024 0.0029 0.1310 -0.0022 -0.026173 3.077797 
0.592 0.03 -0.04 -0.0024 0.0029 0.1310 -0.0022 -0.026173 3.077801 
0.593 0.03 -0.04 -0.0024 0.0029 0.1310 -0.0022 -0.026173 3.077799 
0.594 0.03 -0.04 -0.0024 0.0029 0.1310 -0.0022 -0.026173 3.077795 
0.595 0.03 -0.04 -0.0024 0.0028 0.1310 -0.0022 -0.026173 3.077792 
0.596 0.03 -0.04 -0.0024 0.0028 0.1310 -0.0022 -0.026173 3.077793 
0.597 0.03 -0.04 -0.0024 0.0028 0.1310 -0.0022 -0.026173 3.077800 
0.598 0.03 -0.04 -0.0023 0.0028 0.1310 -0.0022 -0.026173 3.077809 
0.599 0.03 -0.04 -0.0023 0.0028 0.1310 -0.0022 -0.026173 3.077812 
0.600 0.03 -0.04 -0.0023 0.0027 0.1310 -0.0022 -0.026173 3.077810 
0.601 0.03 -0.04 -0.0023 0.0027 0.1310 -0.0022 -0.026173 3.077809 
0.602 0.03 -0.04 -0.0023 0.0027 0.1310 -0.0022 -0.026173 3.077809 
0.603 0.03 -0.03 -0.0023 0.0027 0.1310 -0.0022 -0.026173 3.077808 
0.604 0.03 -0.03 -0.0023 0.0027 0.1310 -0.0022 -0.026173 3.077811 
0.605 0.03 -0.03 -0.0023 0.0026 0.1310 -0.0022 -0.026173 3.077817 
0.606 0.03 -0.03 -0.0022 0.0026 0.1310 -0.0022 -0.026173 3.077822 
0.607 0.03 -0.03 -0.0022 0.0026 0.1310 -0.0022 -0.026173 3.077823 
0.608 0.03 -0.03 -0.0022 0.0026 0.1310 -0.0022 -0.026173 3.077819 
0.609 0.03 -0.03 -0.0022 0.0026 0.1310 -0.0022 -0.026173 3.077816 
0.610 0.03 -0.03 -0.0022 0.0026 0.1310 -0.0022 -0.026173 3.077816 
0.611 0.03 -0.03 -0.0022 0.0025 0.1310 -0.0022 -0.026173 3.077816 
0.612 0.03 -0.03 -0.0022 0.0025 0.1310 -0.0022 -0.026173 3.077820 
0.613 0.03 -0.03 -0.0022 0.0025 0.1310 -0.0022 -0.026173 3.077826 
0.614 0.03 -0.03 -0.0021 0.0025 0.1310 -0.0022 -0.026173 3.077830 
0.615 0.03 -0.03 -0.0021 0.0025 0.1310 -0.0022 -0.026173 3.077830 
0.616 0.03 -0.03 -0.0021 0.0025 0.1310 -0.0022 -0.026173 3.077830 
0.617 0.03 -0.03 -0.0021 0.0025 0.1310 -0.0022 -0.026173 3.077829 
0.618 0.03 -0.03 -0.0021 0.0024 0.1310 -0.0022 -0.026173 3.077827 
0.619 0.03 -0.03 -0.0021 0.0024 0.1310 -0.0022 -0.026173 3.077827 
0.620 0.03 -0.03 -0.0021 0.0024 0.1310 -0.0022 -0.026173 3.077830 
0.621 0.03 -0.03 -0.0021 0.0024 0.1310 -0.0022 -0.026173 3.077833 
0.622 0.03 -0.03 -0.0021 0.0024 0.1310 -0.0022 -0.026173 3.077833 
0.623 0.03 -0.03 -0.0020 0.0024 0.1310 -0.0022 -0.026173 3.077831 
0.624 0.03 -0.03 -0.0020 0.0024 0.1310 -0.0022 -0.026173 3.077830 
0.625 0.03 -0.03 -0.0020 0.0023 0.1310 -0.0022 -0.026173 3.077834 
0.626 0.03 -0.03 -0.0020 0.0023 0.1310 -0.0022 -0.026173 3.077837 
0.627 0.03 -0.03 -0.0020 0.0023 0.1310 -0.0022 -0.026173 3.077835 
0.628 0.03 -0.03 -0.0020 0.0023 0.1310 -0.0022 -0.026173 3.077832 
0.629 0.03 -0.03 -0.0020 0.0023 0.1310 -0.0022 -0.026173 3.077828 
0.630 0.03 -0.03 -0.0020 0.0023 0.1310 -0.0022 -0.026173 3.077822 
0.631 0.03 -0.03 -0.0020 0.0023 0.1310 -0.0022 -0.026173 3.077815 
0.632 0.03 -0.03 -0.0020 0.0023 0.1310 -0.0022 -0.026173 3.077813 
0.633 0.03 -0.03 -0.0019 0.0022 0.1310 -0.0022 -0.026173 3.077817 
0.634 0.03 -0.03 -0.0019 0.0022 0.1310 -0.0022 -0.026173 3.077817 
0.635 0.03 -0.03 -0.0019 0.0022 0.1310 -0.0022 -0.026173 3.077814 
0.636 0.02 -0.03 -0.0019 0.0022 0.1310 -0.0022 -0.026173 3.077810 
0.637 0.02 -0.03 -0.0019 0.0022 0.1310 -0.0022 -0.026173 3.077809 
0.638 0.02 -0.03 -0.0019 0.0022 0.1310 -0.0022 -0.026173 3.077809 
0.639 0.02 -0.03 -0.0019 0.0022 0.1310 -0.0022 -0.026173 3.077810 
0.640 0.02 -0.03 -0.0019 0.0022 0.1310 -0.0022 -0.026173 3.077810 
0.641 0.02 -0.03 -0.0019 0.0021 0.1310 -0.0022 -0.026173 3.077808 
0.642 0.02 -0.03 -0.0019 0.0021 0.1310 -0.0022 -0.026173 3.077807 
0.643 0.02 -0.03 -0.0019 0.0021 0.1310 -0.0022 -0.026173 3.077807 
0.644 0.02 -0.03 -0.0019 0.0021 0.1310 -0.0022 -0.026173 3.077806 
0.645 0.02 -0.03 -0.0018 0.0021 0.1310 -0.0022 -0.026173 3.077803 
0.646 0.02 -0.03 -0.0018 0.0021 0.1310 -0.0022 -0.026173 3.077797 
0.647 0.02 -0.03 -0.0018 0.0021 0.1310 -0.0022 -0.026173 3.077794 
0.648 0.02 -0.03 -0.0018 0.0021 0.1310 -0.0022 -0.026173 3.077796 
0.649 0.02 -0.03 -0.0018 0.0021 0.1310 -0.0022 -0.026173 3.077800 
0.650 0.02 -0.03 -0.0018 0.0020 0.1310 -0.0022 -0.026173 3.077802 
0.651 0.02 -0.03 -0.0018 0.0020 0.1310 -0.0022 -0.026173 3.077801 
0.652 0.02 -0.03 -0.0018 0.0020 0.1310 -0.0022 -0.026173 3.077801 
0.653 0.02 -0.03 -0.0018 0.0020 0.1310 -0.0022 -0.026173 3.077801 
0.654 0.02 -0.03 -0.0018 0.0020 0.1310 -0.0022 -0.026173 3.077800 
0.655 0.02 -0.03 -0.0018 0.0020 0.1310 -0.0022 -0.026173 3.077798 
0.656 0.02 -0.03 -0.0018 0.0020 0.1310 -0.0022 -0.026173 3.077799 
0.657 0.02 -0.03 -0.0017 0.0020 0.1310 -0.0022 -0.026173 3.077798 
0.658 0.02 -0.03 -0.0017 0.0020 0.1310 -0.0022 -0.026173 3.077796 
0.659 0.02 -0.03 -0.0017 0.0020 0.1310 -0.0022 -0.026173 3.077797 
0.660 0.02 -0.03 -0.0017 0.0019 0.1310 -0.0022 -0.026173 3.077801 
0.661 0.02 -0.03 -0.0017 0.0019 0.1310 -0.0022 -0.026173 3.077804 
0.662 0.02 -0.03 -0.0017 0.0019 0.1310 -0.0022 -0.026173 3.077806 
0.663 0.02 -0.02 -0.0017 0.0019 0.1310 -0.0022 -0.026173 3.077809 
0.664 0.02 -0.02 -0.0017 0.0019 0.1310 -0.0022 -0.026173 3.077810 
0.665 0.02 -0.02 -0.0017 0.0019 0.1310 -0.0022 -0.026173 3.077811 
0.666 0.02 -0.02 -0.0017 0.0019 0.1310 -0.0022 -0.026173 3.077814 
0.667 0.02 -0.02 -0.0017 0.0019 0.1310 -0.0022 -0.026173 3.077819 
0.668 0.02 -0.02 -0.0017 0.0019 0.1310 -0.0022 -0.026173 3.077824 
0.669 0.02 -0.02 -0.0017 0.0019 0.1310 -0.0022 -0.026173 3.077826 
0.670 0.02 -0.02 -0.0017 0.0019 0.1310 -0.0022 -0.026173 3.077825 
0.671 0.02 -0.02 -0.0016 0.0019 0.1310 -0.0022 -0.026173 3.077824 
0.672 0.02 -0.02 -0.0016 0.0018 0.1310 -0.0022 -0.026173 3.077823 
0.673 0.02 -0.02 -0.0016 0.0018 0.1310 -0.0022 -0.026173 3.077825 
0.674 0.02 -0.02 -0.0016 0.0018 0.1310 -0.0022 -0.026173 3.077826 
0.675 0.02 -0.02 -0.0016 0.0018 0.1310 -0.0022 -0.026173 3.077827 
0.676 0.02 -0.02 -0.0016 0.0018 0.1310 -0.0022 -0.026173 3.077829 
0.677 0.02 -0.02 -0.0016 0.0018 0.1310 -0.0022 -0.026173 3.077830 
0.678 0.02 -0.02 -0.0016 0.0018 0.1310 -0.0022 -0.026173 3.077828 
0.679 0.02 -0.02 -0.0016 0.0018 0.1310 -0.0022 -0.026173 3.077825 
0.680 0.02 -0.02 -0.0016 0.0018 0.1310 -0.0022 -0.026173 3.077821 
0.681 0.02 -0.02 -0.0016 0.0018 0.1310 -0.0022 -0.026173 3.077822 
0.682 0.02 -0.02 -0.0016 0.0018 0.1310 -0.0022 -0.026173 3.077826 
0.683 0.02 -0.02 -0.0016 0.0018 0.1310 -0.0022 -0.026173 3.077827 
0.684 0.02 -0.02 -0.0016 0.0017 0.1310 -0.0022 -0.026173 3.077826 
0.685 0.02 -0.02 -0.0016 0.0017 0.1310 -0.0022 -0.026173 3.077829 
0.686 0.02 -0.02 -0.0016 0.0017 0.1310 -0.0022 -0.026173 3.077833 
0.687 0.02 -0.02 -0.0015 0.0017 0.1310 -0.0022 -0.026173 3.077837 
0.688 0.02 -0.02 -0.0015 0.0017 0.1310 -0.0022 -0.026173 3.077841 
0.689 0.02 -0.02 -0.0015 0.0017 0.1310 -0.0022 -0.026173 3.077844 
0.690 0.02 -0.02 -0.0015 0.0017 0.1310 -0.0022 -0.026173 3.077845 
0.691 0.02 -0.02 -0.0015 0.0017 0.1310 -0.0022 -0.026173 3.077847 
0.692 0.02 -0.02 -0.0015 0.0017 0.1310 -0.0022 -0.026173 3.077849 
0.693 0.02 -0.02 -0.0015 0.0017 0.1310 -0.0022 -0.026173 3.077847 
0.694 0.02 -0.02 -0.0015 0.0017 0.1310 -0.0022 -0.026173 3.077844 
0.695 0.02 -0.02 -0.0015 0.0017 0.1310 -0.0022 -0.026173 3.077843 
0.696 0.02 -0.02 -0.0015 0.0017 0.1310 -0.0022 -0.026173 3.077844 
0.697 0.02 -0.02 -0.0015 0.0017 0.1310 -0.0022 -0.026173 3.077846 
0.698 0.02 -0.02 -0.0015 0.0016 0.1310 -0.0022 -0.026173 3.077848 
0.699 0.02 -0.02 -0.0015 0.0016 0.1310 -0.0022 -0.026173 3.077851 
0.700 0.02 -0.02 -0.0015 0.0016 0.1310 -0.0022 -0.026173 3.077852 
0.701 0.02 -0.02 -0.0015 0.0016 0.1310 -0.0022 -0.026173 3.077854 
0.702 0.02 -0.02 -0.0015 0.0016 0.1310 -0.0022 -0.026173 3.077855 
0.703 0.02 -0.02 -0.0015 0.0016 0.1310 -0.0022 -0.026173 3.077858 
0.704 0.02 -0.02 -0.0015 0.0016 0.1310 -0.0022 -0.026173 3.077860 
0.705 0.02 -0.02 -0.0014 0.0016 0.1310 -0.0022 -0.026173 3.077855 
0.706 0.02 -0.02 -0.0014 0.0016 0.1310 -0.0022 -0.026173 3.077851 
0.707 0.02 -0.02 -0.0014 0.0016 0.1310 -0.0022 -0.026173 3.077851 
0.708 0.02 -0.02 -0.0014 0.0016 0.1310 -0.0022 -0.026173 3.077853 
0.709 0.02 -0.02 -0.0014 0.0016 0.1310 -0.0022 -0.026173 3.077855 
0.710 0.02 -0.02 -0.0014 0.0016 0.1310 -0.0022 -0.026173 3.077855 
0.711 0.02 -0.02 -0.0014 0.0016 0.1310 -0.0022 -0.026173 3.077856 
0.712 0.02 -0.02 -0.0014 0.0016 0.1310 -0.0022 -0.026173 3.077856 
0.713 0.02 -0.02 -0.0014 0.0016 0.1310 -0.0022 -0.026173 3.077854 
0.714 0.02 -0.02 -0.0014 0.0015 0.1310 -0.0022 -0.026173 3.077857 
0.715 0.02 -0.02 -0.0014 0.0015 0.1310 -0.0022 -0.026173 3.077864 
0.716 0.02 -0.02 -0.0014 0.0015 0.1310 -0.0022 -0.026173 3.077867 
0.717 0.02 -0.02 -0.0014 0.0015 0.1310 -0.0022 -0.026173 3.077865 
0.718 0.02 -0.02 -0.0014 0.0015 0.1310 -0.0022 -0.026173 3.077863 
0.719 0.02 -0.02 -0.0014 0.0015 0.1310 -0.0022 -0.026173 3.077863 
0.720 0.02 -0.02 -0.0014 0.0015 0.1310 -0.0022 -0.026173 3.077863 
0.721 0.02 -0.02 -0.0014 0.0015 0.1310 -0.0022 -0.026173 3.077861 
0.722 0.02 -0.02 -0.0014 0.0015 0.1310 -0.0022 -0.026173 3.077856 
0.723 0.02 -0.02 -0.0014 0.0015 0.1310 -0.0022 -0.026173 3.077852 
0.724 0.02 -0.02 -0.0014 0.0015 0.1310 -0.0022 -0.026173 3.077851 
0.725 0.02 -0.02 -0.0014 0.0015 0.1310 -0.0022 -0.026173 3.077852 
0.726 0.02 -0.02 -0.0013 0.0015 0.1310 -0.0022 -0.026173 3.077852 
0.727 0.02 -0.02 -0.0013 0.0015 0.1310 -0.0022 -0.026173 3.077852 
0.728 0.02 -0.02 -0.0013 0.0015 0.1310 -0.0022 -0.026173 3.077851 
0.729 0.02 -0.02 -0.0013 0.0015 0.1310 -0.0022 -0.026173 3.077852 
0.730 0.02 -0.02 -0.0013 0.0015 0.1310 -0.0022 -0.026173 3.077854 
0.731 0.02 -0.02 -0.0013 0.0015 0.1310 -0.0022 -0.026173 3.077853 
0.732 0.02 -0.02 -0.0013 0.0014 0.1310 -0.0022 -0.026173 3.077848 
0.733 0.02 -0.02 -0.0013 0.0014 0.1310 -0.0022 -0.026173 3.077842 
0.734 0.02 -0.02 -0.0013 0.0014 0.1310 -0.0022 -0.026173 3.077842 
0.735 0.02 -0.02 -0.0013 0.0014 0.1310 -0.0022 -0.026173 3.077846 
0.736 0.02 -0.02 -0.0013 0.0014 0.1310 -0.0022 -0.026173 3.077847 
0.737 0.02 -0.02 -0.0013 0.0014 0.1310 -0.0022 -0.026173 3.077843 
0.738 0.02 -0.02 -0.0013 0.0014 0.1310 -0.0022 -0.026173 3.077841 
0.739 0.02 -0.02 -0.0013 0.0014 0.1310 -0.0022 -0.026173 3.077842 
0.740 0.02 -0.02 -0.0013 0.0014 0.1310 -0.0022 -0.026173 3.077843 
0.741 0.02 -0.02 -0.0013 0.0014 0.1310 -0.0022 -0.026173 3.077844 
0.742 0.02 -0.02 -0.0013 0.0014 0.1310 -0.0022 -0.026173 3.077842 
0.743 0.02 -0.02 -0.0013 0.0014 0.1310 -0.0022 -0.026173 3.077837 
0.744 0.02 -0.02 -0.0013 0.0014 0.1310 -0.0022 -0.026173 3.077833 
0.745 0.02 -0.02 -0.0013 0.0014 0.1310 -0.0022 -0.026173 3.077832 
0.746 0.02 -0.02 -0.0013 0.0014 0.1310 -0.0022 -0.026173 3.077834 
0.747 0.02 -0.02 -0.0013 0.0014 0.1310 -0.0022 -0.026173 3.077834 
0.748 0.02 -0.02 -0.0013 0.0014 0.1310 -0.0022 -0.026173 3.077830 
0.749 0.02 -0.02 -0.0013 0.0014 0.1310 -0.0022 -0.026173 3.077826 
0.750 0.02 -0.02 -0.0012 0.0014 0.1310 -0.0022 -0.026173 3.077827 
0.751 0.02 -0.02 -0.0012 0.0014 0.1310 -0.0022 -0.026173 3.077830 
0.752 0.02 -0.02 -0.0012 0.0014 0.1310 -0.0022 -0.026173 3.077827 
0.753 0.02 -0.02 -0.0012 0.0013 0.1310 -0.0022 -0.026173 3.077822 
0.754 0.02 -0.02 -0.0012 0.0013 0.1310 -0.0022 -0.026173 3.077819 
0.755 0.01 -0.02 -0.0012 0.0013 0.1310 -0.0022 -0.026173 3.077819 
0.756 0.01 -0.02 -0.0012 0.0013 0.1310 -0.0022 -0.026173 3.077821 
0.757 0.01 -0.02 -0.0012 0.0013 0.1310 -0.0022 -0.026173 3.077823 
0.758 0.01 -0.02 -0.0012 0.0013 0.1310 -0.0022 -0.026173 3.077824 
0.759 0.01 -0.02 -0.0012 0.0013 0.1310 -0.0022 -0.026173 3.077822 
0.760 0.01 -0.02 -0.0012 0.0013 0.1310 -0.0022 -0.026173 3.077820 
0.761 0.01 -0.02 -0.0012 0.0013 0.1310 -0.0022 -0.026173 3.077820 
0.762 0.01 -0.02 -0.0012 0.0013 0.1310 -0.0022 -0.026173 3.077820 
0.763 0.01 -0.02 -0.0012 0.0013 0.1310 -0.0022 -0.026173 3.077819 
0.764 0.01 -0.02 -0.0012 0.0013 0.1310 -0.0022 -0.026173 3.077817 
0.765 0.01 -0.02 -0.0012 0.0013 0.1310 -0.0022 -0.026173 3.077814 
0.766 0.01 -0.02 -0.0012 0.0013 0.1310 -0.0022 -0.026173 3.077812 
0.767 0.01 -0.02 -0.0012 0.0013 0.1310 -0.0022 -0.026173 3.077812 
0.768 0.01 -0.02 -0.0012 0.0013 0.1310 -0.0022 -0.026173 3.077815 
0.769 0.01 -0.02 -0.0012 0.0013 0.1310 -0.0022 -0.026173 3.077814 
0.770 0.01 -0.02 -0.0012 0.0013 0.1310 -0.0022 -0.026173 3.077813 
0.771 0.01 -0.02 -0.0012 0.0013 0.1310 -0.0022 -0.026173 3.077816 
0.772 0.01 -0.02 -0.0012 0.0013 0.1310 -0.0022 -0.026173 3.077817 
0.773 0.01 -0.02 -0.0012 0.0013 0.1310 -0.0022 -0.026173 3.077818 
0.774 0.01 -0.02 -0.0012 0.0013 0.1310 -0.0022 -0.026173 3.077822 
0.775 0.01 -0.02 -0.0012 0.0013 0.1310 -0.0022 -0.026173 3.077823 
0.776 0.01 -0.02 -0.0012 0.0013 0.1310 -0.0022 -0.026173 3.077821 
0.777 0.01 -0.02 -0.0012 0.0012 0.1310 -0.0022 -0.026173 3.077820 
0.778 0.01 -0.02 -0.0011 0.0012 0.1310 -0.0022 -0.026173 3.077822 
0.779 0.01 -0.02 -0.0011 0.0012 0.1310 -0.0022 -0.026173 3.077823 
0.780 0.01 -0.02 -0.0011 0.0012 0.1310 -0.0022 -0.026173 3.077823 
0.781 0.01 -0.02 -0.0011 0.0012 0.1310 -0.0022 -0.026173 3.077823 
0.782 0.01 -0.01 -0.0011 0.0012 0.1310 -0.0022 -0.026173 3.077825 
0.783 0.01 -0.01 -0.0011 0.0012 0.1310 -0.0022 -0.026173 3.077826 
0.784 0.01 -0.01 -0.0011 0.0012 0.1310 -0.0022 -0.026173 3.077826 
0.785 0.01 -0.01 -0.0011 0.0012 0.1310 -0.0022 -0.026173 3.077827 
0.786 0.01 -0.01 -0.0011 0.0012 0.1310 -0.0022 -0.026173 3.077828 
0.787 0.01 -0.01 -0.0011 0.0012 0.1310 -0.0022 -0.026173 3.077826 
0.788 0.01 -0.01 -0.0011 0.0012 0.1310 -0.0022 -0.026173 3.077826 
0.789 0.01 -0.01 -0.0011 0.0012 0.1310 -0.0022 -0.026173 3.077830 
0.790 0.01 -0.01 -0.0011 0.0012 0.1310 -0.0022 -0.026173 3.077831 
0.791 0.01 -0.01 -0.0011 0.0012 0.1310 -0.0022 -0.026173 3.077830 
0.792 0.01 -0.01 -0.0011 0.0012 0.1310 -0.0022 -0.026173 3.077830 
0.793 0.01 -0.01 -0.0011 0.0012 0.1310 -0.0022 -0.026173 3.077830 
0.794 0.01 -0.01 -0.0011 0.0012 0.1310 -0.0022 -0.026173 3.077831 
0.795 0.01 -0.01 -0.0011 0.0012 0.1310 -0.0022 -0.026173 3.077835 
0.796 0.01 -0.01 -0.0011 0.0012 0.1310 -0.0022 -0.026173 3.077837 
0.797 0.01 -0.01 -0.0011 0.0012 0.1310 -0.0022 -0.026173 3.077835 
0.798 0.01 -0.01 -0.0011 0.0012 0.1310 -0.0022 -0.026173 3.077829 
0.799 0.01 -0.01 -0.0011 0.0012 0.1310 -0.0022 -0.026173 3.077826 
0.800 0.01 -0.01 -0.0011 0.0012 0.1310 -0.0022 -0.026173 3.077824 
0.801 0.01 -0.01 -0.0011 0.0012 0.1310 -0.0022 -0.026173 3.077824 
0.802 0.01 -0.01 -0.0011 0.0012 0.1310 -0.0022 -0.026173 3.077826 
0.803 0.01 -0.01 -0.0011 0.0012 0.1310 -0.0022 -0.026173 3.077830 
0.804 0.01 -0.01 -0.0011 0.0012 0.1310 -0.0022 -0.026173 3.077831 
0.805 0.01 -0.01 -0.0011 0.0011 0.1310 -0.0022 -0.026173 3.077828 
0.806 0.01 -0.01 -0.0011 0.0011 0.1310 -0.0022 -0.026173 3.077826 
0.807 0.01 -0.01 -0.0011 0.0011 0.1310 -0.0022 -0.026173 3.077826 
0.808 0.01 -0.01 -0.0011 0.0011 0.1310 -0.0022 -0.026173 3.077828 
0.809 0.01 -0.01 -0.0011 0.0011 0.1310 -0.0022 -0.026173 3.077835 
0.810 0.01 -0.01 -0.0011 0.0011 0.1310 -0.0022 -0.026173 3.077841 
0.811 0.01 -0.01 -0.0011 0.0011 0.1310 -0.0022 -0.026173 3.077842 
0.812 0.01 -0.01 -0.0010 0.0011 0.1310 -0.0022 -0.026173 3.077844 
0.813 0.01 -0.01 -0.0010 0.0011 0.1310 -0.0022 -0.026173 3.077844 
0.814 0.01 -0.01 -0.0010 0.0011 0.1310 -0.0022 -0.026173 3.077842 
0.815 0.01 -0.01 -0.0010 0.0011 0.1310 -0.0022 -0.026173 3.077840 
0.816 0.01 -0.01 -0.0010 0.0011 0.1310 -0.0022 -0.026173 3.077838 
0.817 0.01 -0.01 -0.0010 0.0011 0.1310 -0.0022 -0.026173 3.077838 
0.818 0.01 -0.01 -0.0010 0.0011 0.1310 -0.0022 -0.026173 3.077836 
0.819 0.01 -0.01 -0.0010 0.0011 0.1310 -0.0022 -0.026173 3.077835 
0.820 0.01 -0.01 -0.0010 0.0011 0.1310 -0.0022 -0.026173 3.077836 
0.821 0.01 -0.01 -0.0010 0.0011 0.1310 -0.0022 -0.026173 3.077837 
0.822 0.01 -0.01 -0.0010 0.0011 0.1310 -0.0022 -0.026173 3.077835 
0.823 0.01 -0.01 -0.0010 0.0011 0.1310 -0.0022 -0.026173 3.077833 
0.824 0.01 -0.01 -0.0010 0.0011 0.1310 -0.0022 -0.026173 3.077832 
0.825 0.01 -0.01 -0.0010 0.0011 0.1310 -0.0022 -0.026173 3.077832 
0.826 0.01 -0.01 -0.0010 0.0011 0.1310 -0.0022 -0.026173 3.077833 
0.827 0.01 -0.01 -0.0010 0.0011 0.1310 -0.0022 -0.026173 3.077831 
0.828 0.01 -0.01 -0.0010 0.0011 0.1310 -0.0022 -0.026173 3.077831 
0.829 0.01 -0.01 -0.0010 0.0011 0.1310 -0.0022 -0.026173 3.077832 
0.830 0.01 -0.01 -0.0010 0.0011 0.1310 -0.0022 -0.026173 3.077832 
0.831 0.01 -0.01 -0.0010 0.0011 0.1310 -0.0022 -0.026173 3.077835 
0.832 0.01 -0.01 -0.0010 0.0011 0.1310 -0.0022 -0.026173 3.077840 
0.833 0.01 -0.01 -0.0010 0.0011 0.1310 -0.0022 -0.026173 3.077843 
0.834 0.01 -0.01 -0.0010 0.0011 0.1310 -0.0022 -0.026173 3.077844 
0.835 0.01 -0.01 -0.0010 0.0011 0.1310 -0.0022 -0.026173 3.077845 
0.836 0.01 -0.01 -0.0010 0.0011 0.1310 -0.0022 -0.026173 3.077847 
0.837 0.01 -0.01 -0.0010 0.0011 0.1310 -0.0022 -0.026173 3.077850 
0.838 0.01 -0.01 -0.0010 0.0011 0.1310 -0.0022 -0.026173 3.077855 
0.839 0.01 -0.01 -0.0010 0.0010 0.1310 -0.0022 -0.026173 3.077857 
0.840 0.01 -0.01 -0.0010 0.0010 0.1310 -0.0022 -0.026173 3.077853 
0.841 0.01 -0.01 -0.0010 0.0010 0.1310 -0.0022 -0.026173 3.077850 
0.842 0.01 -0.01 -0.0010 0.0010 0.1310 -0.0022 -0.026173 3.077848 
0.843 0.01 -0.01 -0.0010 0.0010 0.1310 -0.0022 -0.026173 3.077844 
0.844 0.01 -0.01 -0.0010 0.0010 0.1310 -0.0022 -0.026173 3.077838 
0.845 0.01 -0.01 -0.0010 0.0010 0.1310 -0.0022 -0.026173 3.077833 
0.846 0.01 -0.01 -0.0010 0.0010 0.1310 -0.0022 -0.026173 3.077831 
0.847 0.01 -0.01 -0.0010 0.0010 0.1310 -0.0022 -0.026173 3.077832 
0.848 0.01 -0.01 -0.0010 0.0010 0.1310 -0.0022 -0.026173 3.077831 
0.849 0.01 -0.01 -0.0010 0.0010 0.1310 -0.0022 -0.026173 3.077829 
0.850 0.01 -0.01 -0.0010 0.0010 0.1310 -0.0022 -0.026173 3.077832 
0.851 0.01 -0.01 -0.0010 0.0010 0.1310 -0.0022 -0.026173 3.077835 
0.852 0.01 -0.01 -0.0009 0.0010 0.1310 -0.0022 -0.026173 3.077833 
0.853 0.01 -0.01 -0.0009 0.0010 0.1310 -0.0022 -0.026173 3.077828 
0.854 0.01 -0.01 -0.0009 0.0010 0.1310 -0.0022 -0.026173 3.077823 
0.855 0.01 -0.01 -0.0009 0.0010 0.1310 -0.0022 -0.026173 3.077819 
0.856 0.01 -0.01 -0.0009 0.0010 0.1310 -0.0022 -0.026173 3.077818 
0.857 0.01 -0.01 -0.0009 0.0010 0.1310 -0.0022 -0.026173 3.077817 
0.858 0.01 -0.01 -0.0009 0.0010 0.1310 -0.0022 -0.026173 3.077818 
0.859 0.01 -0.01 -0.0009 0.0010 0.1310 -0.0022 -0.026173 3.077820 
0.860 0.01 -0.01 -0.0009 0.0010 0.1310 -0.0022 -0.026173 3.077820 
0.861 0.01 -0.01 -0.0009 0.0010 0.1310 -0.0022 -0.026173 3.077818 
0.862 0.01 -0.01 -0.0009 0.0010 0.1310 -0.0022 -0.026173 3.077818 
0.863 0.01 -0.01 -0.0009 0.0010 0.1310 -0.0022 -0.026173 3.077818 
0.864 0.01 -0.01 -0.0009 0.0010 0.1310 -0.0022 -0.026173 3.077818 
0.865 0.01 -0.01 -0.0009 0.0010 0.1310 -0.0022 -0.026173 3.077821 
0.866 0.01 -0.01 -0.0009 0.0010 0.1310 -0.0022 -0.026173 3.077827 
0.867 0.01 -0.01 -0.0009 0.0010 0.1310 -0.0022 -0.026173 3.077829 
0.868 0.01 -0.01 -0.0009 0.0010 0.1310 -0.0022 -0.026173 3.077826 
0.869 0.01 -0.01 -0.0009 0.0010 0.1310 -0.0022 -0.026173 3.077825 
0.870 0.01 -0.01 -0.0009 0.0010 0.1310 -0.0022 -0.026173 3.077825 
0.871 0.01 -0.01 -0.0009 0.0010 0.1310 -0.0022 -0.026173 3.077826 
0.872 0.01 -0.01 -0.0009 0.0010 0.1310 -0.0022 -0.026173 3.077829 
0.873 0.01 -0.01 -0.0009 0.0010 0.1310 -0.0022 -0.026173 3.077836 
0.874 0.01 -0.01 -0.0009 0.0010 0.1310 -0.0022 -0.026173 3.077840 
0.875 0.01 -0.01 -0.0009 0.0010 0.1310 -0.0022 -0.026173 3.077841 
0.876 0.01 -0.01 -0.0009 0.0010 0.1310 -0.0022 -0.026173 3.077840 
0.877 0.01 -0.01 -0.0009 0.0010 0.1310 -0.0022 -0.026173 3.077839 
0.878 0.01 -0.01 -0.0009 0.0010 0.1310 -0.0022 -0.026173 3.077839 
0.879 0.01 -0.01 -0.0009 0.0009 0.1310 -0.0022 -0.026173 3.077837 
0.880 0.01 -0.01 -0.0009 0.0009 0.1310 -0.0022 -0.026173 3.077833 
0.881 0.01 -0.01 -0.0009 0.0009 0.1310 -0.0022 -0.026173 3.077829 
0.882 0.01 -0.01 -0.0009 0.0009 0.1310 -0.0022 -0.026173 3.077824 
0.883 0.01 -0.01 -0.0009 0.0009 0.1310 -0.0022 -0.026173 3.077820 
0.884 0.01 -0.01 -0.0009 0.0009 0.1310 -0.0022 -0.026173 3.077819 
0.885 0.01 -0.01 -0.0009 0.0009 0.1310 -0.0022 -0.026173 3.077821 
0.886 0.01 -0.01 -0.0009 0.0009 0.1310 -0.0022 -0.026173 3.077826 
0.887 0.01 -0.01 -0.0009 0.0009 0.1310 -0.0022 -0.026173 3.077831 
0.888 0.01 -0.01 -0.0009 0.0009 0.1310 -0.0022 -0.026173 3.077834 
0.889 0.01 -0.01 -0.0009 0.0009 0.1310 -0.0022 -0.026173 3.077835 
0.890 0.01 -0.01 -0.0009 0.0009 0.1310 -0.0022 -0.026173 3.077834 
0.891 0.01 -0.01 -0.0009 0.0009 0.1310 -0.0022 -0.026173 3.077832 
0.892 0.01 -0.01 -0.0009 0.0009 0.1310 -0.0022 -0.026173 3.077831 
0.893 0.01 -0.01 -0.0009 0.0009 0.1310 -0.0022 -0.026173 3.077832 
0.894 0.01 -0.01 -0.0009 0.0009 0.1310 -0.0022 -0.026173 3.077833 
0.895 0.01 -0.01 -0.0009 0.0009 0.1310 -0.0022 -0.026173 3.077831 
0.896 0.01 -0.01 -0.0009 0.0009 0.1310 -0.0022 -0.026173 3.077824 
0.897 0.01 -0.01 -0.0009 0.0009 0.1310 -0.0022 -0.026173 3.077819 
0.898 0.01 -0.01 -0.0009 0.0009 0.1310 -0.0022 -0.026173 3.077819 
0.899 0.01 -0.01 -0.0009 0.0009 0.1310 -0.0022 -0.026173 3.077820 
0.900 0.01 -0.01 -0.0009 0.0009 0.1310 -0.0022 -0.026173 3.077821 
0.901 0.01 -0.01 -0.0009 0.0009 0.1310 -0.0022 -0.026173 3.077820 
0.902 0.01 -0.01 -0.0008 0.0009 0.1310 -0.0022 -0.026173 3.077821 
0.903 0.01 -0.01 -0.0008 0.0009 0.1310 -0.0022 -0.026173 3.077823 
0.904 0.01 -0.01 -0.0008 0.0009 0.1310 -0.0022 -0.026173 3.077825 
0.905 0.01 -0.01 -0.0008 0.0009 0.1310 -0.0022 -0.026173 3.077824 
0.906 0.01 -0.01 -0.0008 0.0009 0.1310 -0.0022 -0.026173 3.077825 
0.907 0.01 -0.01 -0.0008 0.0009 0.1310 -0.0022 -0.026173 3.077829 
0.908 0.01 -0.01 -0.0008 0.0009 0.1310 -0.0022 -0.026173 3.077832 
0.909 0.01 -0.01 -0.0008 0.0009 0.1310 -0.0022 -0.026173 3.077834 
0.910 0.01 -0.01 -0.0008 0.0009 0.1310 -0.0022 -0.026173 3.077833 
0.911 0.01 -0.01 -0.0008 0.0009 0.1310 -0.0022 -0.026173 3.077830 
0.912 0.01 -0.01 -0.0008 0.0009 0.1310 -0.0022 -0.026173 3.077830 
0.913 0.01 -0.01 -0.0008 0.0009 0.1310 -0.0022 -0.026173 3.077829 
0.914 0.01 -0.01 -0.0008 0.0009 0.1310 -0.0022 -0.026173 3.077827 
0.915 0.01 -0.01 -0.0008 0.0009 0.1310 -0.0022 -0.026173 3.077823 
0.916 0.01 -0.01 -0.0008 0.0009 0.1310 -0.0022 -0.026173 3.077818 
0.917 0.01 -0.01 -0.0008 0.0009 0.1310 -0.0022 -0.026173 3.077817 
0.918 0.01 -0.01 -0.0008 0.0009 0.1310 -0.0022 -0.026173 3.077818 
0.919 0.01 -0.01 -0.0008 0.0009 0.1310 -0.0022 -0.026173 3.077813 
0.920 0.01 -0.01 -0.0008 0.0009 0.1310 -0.0022 -0.026173 3.077805 
0.921 0.01 -0.01 -0.0008 0.0009 0.1310 -0.0022 -0.026173 3.077799 
0.922 0.01 -0.01 -0.0008 0.0009 0.1310 -0.0022 -0.026173 3.077799 
0.923 0.01 -0.01 -0.0008 0.0009 0.1310 -0.0022 -0.026173 3.077800 
0.924 0.01 -0.01 -0.0008 0.0009 0.1310 -0.0022 -0.026173 3.077798 
0.925 0.00 -0.01 -0.0000 0.0009 0.1310 -0.0022 -0.026173 3.077796 
0.926 0.00 -0.01 -0.0000 0.0009 0.1310 -0.0022 -0.026173 3.077794 
0.927 0.00 -0.01 -0.0000 0.0009 0.1310 -0.0022 -0.026173 3.077793 
0.928 0.00 -0.01 -0.0000 0.0009 0.1310 -0.0022 -0.026173 3.077794 
0.929 0.00 -0.01 -0.0000 0.0009 0.1310 -0.0022 -0.026173 3.077796 
0.930 0.00 -0.01 -0.0000 0.0008 0.1310 -0.0022 -0.026173 3.077795 
0.931 0.00 -0.01 -0.0000 0.0008 0.1310 -0.0022 -0.026173 3.077791 
0.932 0.00 -0.01 -0.0000 0.0008 0.1310 -0.0022 -0.026173 3.077790 
0.933 0.00 -0.01 -0.0000 0.0008 0.1310 -0.0022 -0.026173 3.077793 
0.934 0.00 -0.01 -0.0000 0.0008 0.1310 -0.0022 -0.026173 3.077796 
0.935 0.00 -0.01 -0.0000 0.0008 0.1310 -0.0022 -0.026173 3.077797 
