%% logfile from robot Freja (4)
% Freja (4)
%  1    time 0.000 sec
%  2  3 Motor voltage [V] left, right: 1.50 1.50
%  4  5 Wheel velocity [m/s] left, right: 0.0000 -0.0000
%  6  7  8  9 Pose x,y,h,tilt [m,m,rad,rad]: 0 0 0 3.07669
0.000 1.50 1.50 0.0000 -0.0000 0.0000 0.0000 0.000000 3.076689 
0.001 1.50 1.50 0.0000 -0.0000 0.0000 0.0000 0.000000 3.076693 
0.002 1.50 1.50 0.0000 -0.0000 0.0000 0.0000 0.000000 3.076698 
0.003 1.50 1.50 0.0000 -0.0000 0.0000 0.0000 0.000000 3.076701 
0.004 1.50 1.50 0.0000 -0.0000 0.0000 0.0000 0.000000 3.076702 
0.005 1.50 1.50 0.0000 -0.0000 0.0000 0.0000 0.000000 3.076701 
0.006 1.50 1.50 0.0000 -0.0000 0.0000 0.0000 0.000000 3.076701 
0.007 1.50 1.50 0.0000 -0.0000 0.0000 0.0000 0.000000 3.076702 
0.008 1.50 1.50 0.0000 0.0000 0.0002 0.0000 0.002617 3.076702 
0.009 1.50 1.50 0.0000 0.0000 0.0004 0.0000 0.000000 3.076702 
0.010 1.50 1.50 0.0000 0.0000 0.0004 0.0000 0.000000 3.076708 
0.011 1.50 1.50 0.0000 0.0000 0.0004 0.0000 0.000000 3.076713 
0.012 1.50 1.50 0.0000 0.0000 0.0004 0.0000 0.000000 3.076711 
0.013 1.08 1.09 0.0848 0.0811 0.0008 0.0000 0.000000 3.076707 
0.014 1.08 1.09 0.0848 0.0811 0.0008 0.0000 0.000000 3.076708 
0.015 1.08 1.09 0.0848 0.0811 0.0008 0.0000 0.000000 3.076706 
0.016 1.08 0.93 0.0848 0.1139 0.0010 0.0000 0.002617 3.076721 
0.017 1.00 0.93 0.0997 0.1139 0.0012 0.0000 0.000000 3.076738 
0.018 1.00 0.93 0.0997 0.1139 0.0012 0.0000 0.000000 3.076720 
0.019 1.00 0.86 0.0997 0.1282 0.0014 0.0000 0.002617 3.076714 
0.020 1.00 0.86 0.0997 0.1282 0.0014 0.0000 0.002617 3.076720 
0.021 0.86 0.86 0.1268 0.1282 0.0016 0.0000 0.000000 3.076719 
0.022 0.86 0.81 0.1268 0.1379 0.0018 0.0000 0.002617 3.076722 
0.023 0.86 0.81 0.1268 0.1379 0.0018 0.0000 0.002617 3.076724 
0.024 0.83 0.81 0.1335 0.1379 0.0020 0.0000 0.000000 3.076727 
0.025 0.83 0.77 0.1335 0.1462 0.0022 0.0000 0.002617 3.076721 
0.026 0.77 0.77 0.1455 0.1462 0.0024 0.0000 0.000000 3.076710 
0.027 0.77 0.77 0.1455 0.1462 0.0024 0.0000 0.000000 3.076703 
0.028 0.77 0.77 0.1455 0.1458 0.0026 0.0000 0.002617 3.076699 
0.029 0.75 0.77 0.1503 0.1458 0.0028 0.0000 0.000000 3.076699 
0.030 0.75 0.77 0.1503 0.1458 0.0028 0.0000 0.000000 3.076704 
0.031 0.75 0.77 0.1503 0.1456 0.0030 0.0000 0.002617 3.076714 
0.032 0.81 0.77 0.1376 0.1456 0.0032 0.0000 0.000000 3.076723 
0.033 0.81 0.78 0.1376 0.1437 0.0032 0.0000 0.000000 3.076724 
0.034 0.81 0.81 0.1376 0.1371 0.0034 0.0000 0.002617 3.076706 
0.035 0.74 0.81 0.1525 0.1371 0.0037 0.0000 0.000000 3.076693 
0.036 0.74 0.81 0.1525 0.1371 0.0037 0.0000 0.000000 3.076689 
0.037 0.69 0.80 0.1612 0.1394 0.0041 0.0000 0.000000 3.076686 
0.038 0.69 0.80 0.1612 0.1394 0.0041 0.0000 0.000000 3.076694 
0.039 0.69 0.81 0.1612 0.1374 0.0041 0.0000 0.000000 3.076708 
0.040 0.76 0.86 0.1480 0.1281 0.0045 0.0000 0.000000 3.076718 
0.041 0.76 0.86 0.1480 0.1281 0.0045 0.0000 0.000000 3.076719 
0.042 0.76 0.86 0.1480 0.1281 0.0045 0.0000 0.000000 3.076709 
0.043 0.79 0.86 0.1414 0.1275 0.0049 0.0000 0.000000 3.076697 
0.044 0.79 0.86 0.1414 0.1275 0.0049 0.0000 0.000000 3.076692 
0.045 0.79 0.86 0.1414 0.1275 0.0049 0.0000 0.000000 3.076697 
0.046 0.75 0.86 0.1491 0.1274 0.0053 0.0000 0.000000 3.076710 
0.047 0.75 0.86 0.1491 0.1274 0.0053 0.0000 0.000000 3.076719 
0.048 0.69 0.86 0.1620 0.1274 0.0055 0.0000 -0.002617 3.076721 
0.049 0.69 0.78 0.1620 0.1433 0.0057 0.0000 0.000000 3.076717 
0.050 0.69 0.78 0.1620 0.1433 0.0057 0.0000 0.000000 3.076711 
0.051 0.71 0.78 0.1573 0.1433 0.0059 0.0000 -0.002617 3.076706 
0.052 0.71 0.80 0.1573 0.1397 0.0061 0.0000 0.000000 3.076701 
0.053 0.68 0.80 0.1634 0.1397 0.0063 0.0000 -0.002617 3.076699 
0.054 0.68 0.80 0.1634 0.1397 0.0063 0.0000 -0.002617 3.076698 
0.055 0.68 0.80 0.1634 0.1391 0.0065 0.0000 0.000000 3.076697 
0.056 0.69 0.80 0.1627 0.1391 0.0067 0.0000 -0.002617 3.076692 
0.057 0.69 0.80 0.1627 0.1391 0.0067 0.0000 -0.002617 3.076695 
0.058 0.74 0.81 0.1511 0.1376 0.0071 0.0000 -0.002617 3.076704 
0.059 0.74 0.81 0.1511 0.1376 0.0071 0.0000 -0.002617 3.076697 
0.060 0.74 0.81 0.1511 0.1376 0.0071 0.0000 -0.002617 3.076688 
0.061 0.76 0.79 0.1484 0.1427 0.0075 0.0000 -0.002617 3.076684 
0.062 0.76 0.79 0.1484 0.1427 0.0075 0.0000 -0.002617 3.076678 
0.063 0.76 0.80 0.1484 0.1394 0.0077 0.0000 0.000000 3.076679 
0.064 0.73 0.80 0.1532 0.1394 0.0079 -0.0000 -0.002617 3.076688 
0.065 0.73 0.80 0.1532 0.1394 0.0079 -0.0000 -0.002617 3.076697 
0.066 0.76 0.79 0.1474 0.1428 0.0083 -0.0000 -0.002617 3.076698 
0.067 0.76 0.79 0.1474 0.1428 0.0083 -0.0000 -0.002617 3.076693 
0.068 0.76 0.79 0.1474 0.1428 0.0083 -0.0000 -0.002617 3.076690 
0.069 0.76 0.79 0.1486 0.1423 0.0087 -0.0000 -0.002617 3.076687 
0.070 0.76 0.79 0.1486 0.1423 0.0087 -0.0000 -0.002617 3.076686 
0.071 0.76 0.79 0.1486 0.1423 0.0087 -0.0000 -0.002617 3.076691 
0.072 0.73 0.74 0.1539 0.1515 0.0091 -0.0000 -0.002617 3.076697 
0.073 0.73 0.74 0.1539 0.1515 0.0091 -0.0000 -0.002617 3.076696 
0.074 0.70 0.75 0.1607 0.1504 0.0093 -0.0000 -0.005235 3.076692 
0.075 0.70 0.77 0.1607 0.1453 0.0095 -0.0000 -0.002617 3.076690 
0.076 0.70 0.77 0.1607 0.1453 0.0095 -0.0000 -0.002617 3.076693 
0.077 0.69 0.76 0.1615 0.1477 0.0099 -0.0000 -0.002617 3.076694 
0.078 0.69 0.76 0.1615 0.1477 0.0099 -0.0000 -0.002617 3.076687 
0.079 0.71 0.76 0.1568 0.1477 0.0101 -0.0000 -0.005235 3.076680 
0.080 0.71 0.78 0.1568 0.1448 0.0103 -0.0000 -0.002617 3.076675 
0.081 0.71 0.78 0.1568 0.1448 0.0103 -0.0000 -0.002617 3.076671 
0.082 0.74 0.78 0.1521 0.1448 0.0105 -0.0000 -0.005235 3.076667 
0.083 0.74 0.71 0.1521 0.1569 0.0108 -0.0000 -0.002617 3.076664 
0.084 0.74 0.71 0.1521 0.1569 0.0108 -0.0000 -0.002617 3.076665 
0.085 0.76 0.76 0.1481 0.1474 0.0112 -0.0000 -0.002617 3.076670 
0.086 0.76 0.76 0.1481 0.1474 0.0112 -0.0000 -0.002617 3.076675 
0.087 0.76 0.76 0.1481 0.1474 0.0112 -0.0000 -0.002617 3.076680 
0.088 0.75 0.75 0.1505 0.1506 0.0116 -0.0000 -0.002617 3.076682 
0.089 0.75 0.75 0.1505 0.1506 0.0116 -0.0000 -0.002617 3.076682 
0.090 0.77 0.75 0.1470 0.1506 0.0118 -0.0000 -0.005235 3.076679 
0.091 0.77 0.75 0.1470 0.1492 0.0120 -0.0000 -0.002617 3.076676 
0.092 0.77 0.75 0.1470 0.1492 0.0120 -0.0000 -0.002617 3.076674 
0.093 0.72 0.75 0.1549 0.1492 0.0124 -0.0000 -0.002617 3.076673 
0.094 0.72 0.73 0.1549 0.1547 0.0124 -0.0000 -0.002617 3.076670 
0.095 0.67 0.73 0.1656 0.1547 0.0126 -0.0000 -0.005235 3.076663 
0.096 0.67 0.73 0.1656 0.1536 0.0128 -0.0000 -0.002617 3.076656 
0.097 0.67 0.73 0.1656 0.1536 0.0128 -0.0000 -0.002617 3.076652 
0.098 0.68 0.73 0.1640 0.1536 0.0130 -0.0000 -0.005235 3.076654 
0.099 0.68 0.68 0.1640 0.1634 0.0132 -0.0000 -0.002617 3.076650 
0.100 0.72 0.68 0.1552 0.1634 0.0132 -0.0000 -0.002617 3.076660 
0.101 0.76 0.79 0.1485 0.1423 0.0136 -0.0000 -0.002617 3.076673 
0.102 0.76 0.79 0.1485 0.1423 0.0136 -0.0000 -0.002617 3.076665 
0.103 0.79 0.79 0.1423 0.1423 0.0138 -0.0000 -0.005235 3.076666 
0.104 0.79 0.83 0.1423 0.1346 0.0140 -0.0000 -0.002617 3.076668 
0.105 0.79 0.83 0.1423 0.1343 0.0140 -0.0000 -0.002617 3.076673 
0.106 0.78 0.83 0.1449 0.1343 0.0142 -0.0000 -0.005235 3.076686 
0.107 0.78 0.82 0.1449 0.1362 0.0144 -0.0000 -0.002617 3.076697 
0.108 0.78 0.82 0.1449 0.1362 0.0144 -0.0000 -0.002617 3.076701 
0.109 0.79 0.82 0.1416 0.1362 0.0146 -0.0000 -0.005235 3.076693 
0.110 0.79 0.77 0.1416 0.1462 0.0148 -0.0000 -0.002617 3.076683 
0.111 0.79 0.77 0.1416 0.1462 0.0148 -0.0000 -0.002617 3.076675 
0.112 0.78 0.77 0.1438 0.1462 0.0150 -0.0000 -0.005235 3.076670 
0.113 0.78 0.81 0.1438 0.1378 0.0152 -0.0000 -0.002617 3.076669 
0.114 0.78 0.81 0.1438 0.1378 0.0152 -0.0000 -0.002617 3.076673 
0.115 0.75 0.81 0.1505 0.1378 0.0154 -0.0000 -0.005235 3.076678 
0.116 0.75 0.84 0.1505 0.1327 0.0156 -0.0000 -0.002617 3.076678 
0.117 0.71 0.84 0.1579 0.1327 0.0158 -0.0000 -0.005235 3.076672 
0.118 0.71 0.84 0.1579 0.1327 0.0158 -0.0000 -0.005235 3.076666 
0.119 0.71 0.80 0.1579 0.1409 0.0160 -0.0000 -0.002617 3.076663 
0.120 0.71 0.80 0.1582 0.1409 0.0162 -0.0000 -0.005235 3.076661 
0.121 0.71 0.80 0.1582 0.1409 0.0162 -0.0000 -0.005235 3.076656 
0.122 0.75 0.76 0.1495 0.1475 0.0164 -0.0000 -0.002617 3.076651 
0.123 0.76 0.76 0.1481 0.1475 0.0166 -0.0000 -0.005235 3.076649 
0.124 0.76 0.76 0.1481 0.1475 0.0166 -0.0000 -0.005235 3.076653 
0.125 0.75 0.79 0.1496 0.1421 0.0170 -0.0000 -0.005235 3.076658 
0.126 0.75 0.79 0.1496 0.1421 0.0170 -0.0000 -0.005235 3.076658 
0.127 0.75 0.74 0.1496 0.1509 0.0172 -0.0000 -0.002617 3.076652 
0.128 0.72 0.74 0.1562 0.1509 0.0174 -0.0000 -0.005235 3.076643 
0.129 0.72 0.74 0.1562 0.1509 0.0174 -0.0000 -0.005235 3.076638 
0.130 0.74 0.81 0.1521 0.1381 0.0176 -0.0000 -0.002617 3.076643 
0.131 0.75 0.81 0.1495 0.1381 0.0178 -0.0000 -0.005235 3.076649 
0.132 0.75 0.81 0.1495 0.1381 0.0178 -0.0000 -0.005235 3.076649 
0.133 0.77 0.77 0.1461 0.1451 0.0183 -0.0000 -0.005235 3.076649 
0.134 0.77 0.77 0.1461 0.1451 0.0183 -0.0000 -0.005235 3.076652 
0.135 0.77 0.77 0.1461 0.1451 0.0183 -0.0000 -0.005235 3.076658 
0.136 0.72 0.82 0.1550 0.1365 0.0187 -0.0000 -0.005235 3.076660 
0.137 0.72 0.82 0.1550 0.1365 0.0187 -0.0000 -0.005235 3.076659 
0.138 0.70 0.82 0.1597 0.1365 0.0189 -0.0000 -0.007852 3.076660 
0.139 0.70 0.79 0.1597 0.1410 0.0191 -0.0000 -0.005235 3.076664 
0.140 0.70 0.79 0.1597 0.1410 0.0191 -0.0000 -0.005235 3.076668 
0.141 0.68 0.79 0.1642 0.1410 0.0193 -0.0000 -0.007852 3.076668 
0.142 0.68 0.77 0.1642 0.1452 0.0195 -0.0000 -0.005235 3.076674 
0.143 0.68 0.77 0.1648 0.1452 0.0197 -0.0000 -0.007852 3.076686 
0.144 0.68 0.77 0.1648 0.1452 0.0197 -0.0000 -0.007852 3.076682 
0.145 0.68 0.77 0.1648 0.1450 0.0199 -0.0000 -0.005235 3.076673 
0.146 0.75 0.77 0.1502 0.1450 0.0201 -0.0000 -0.007852 3.076665 
0.147 0.75 0.80 0.1502 0.1405 0.0203 -0.0001 -0.005235 3.076653 
0.148 0.75 0.80 0.1502 0.1402 0.0203 -0.0001 -0.005235 3.076654 
0.149 0.71 0.80 0.1575 0.1402 0.0205 -0.0001 -0.007852 3.076666 
0.150 0.71 0.76 0.1575 0.1482 0.0207 -0.0001 -0.005235 3.076674 
0.151 1.76 1.76 0.1480 0.1482 0.0209 -0.0001 -0.007852 3.076667 
0.152 1.76 1.76 0.1480 0.1482 0.0209 -0.0001 -0.007852 3.076647 
0.153 1.76 1.78 0.1480 0.1429 0.0211 -0.0001 -0.005235 3.076626 
0.154 1.72 1.78 0.1563 0.1429 0.0213 -0.0001 -0.007852 3.076614 
0.155 1.72 1.78 0.1563 0.1429 0.0213 -0.0001 -0.007852 3.076614 
0.156 1.62 1.72 0.1759 0.1552 0.0217 -0.0001 -0.007852 3.076623 
0.157 1.62 1.72 0.1759 0.1552 0.0217 -0.0001 -0.007852 3.076637 
0.158 1.62 1.61 0.1759 0.1785 0.0219 -0.0001 -0.005235 3.076643 
0.159 1.59 1.61 0.1825 0.1785 0.0221 -0.0001 -0.007852 3.076638 
0.160 1.45 1.49 0.2104 0.2014 0.0225 -0.0001 -0.007852 3.076637 
0.161 1.45 1.49 0.2104 0.2014 0.0225 -0.0001 -0.007852 3.076637 
0.162 1.35 1.44 0.2301 0.2125 0.0229 -0.0001 -0.007852 3.076643 
0.163 1.35 1.44 0.2301 0.2125 0.0229 -0.0001 -0.007852 3.076635 
0.164 1.38 1.40 0.2237 0.2201 0.0233 -0.0001 -0.007852 3.076607 
0.165 1.38 1.40 0.2237 0.2201 0.0233 -0.0001 -0.007852 3.076601 
0.166 1.38 1.41 0.2238 0.2175 0.0237 -0.0001 -0.007852 3.076608 
0.167 1.38 1.34 0.2238 0.2315 0.0239 -0.0001 -0.005235 3.076616 
0.168 1.29 1.34 0.2413 0.2315 0.0241 -0.0001 -0.007852 3.076625 
0.169 1.18 1.39 0.2637 0.2222 0.0245 -0.0001 -0.007852 3.076632 
0.170 1.18 1.39 0.2637 0.2222 0.0245 -0.0001 -0.007852 3.076636 
0.171 1.22 1.36 0.2554 0.2272 0.0249 -0.0001 -0.007852 3.076627 
0.172 1.20 1.36 0.2599 0.2272 0.0252 -0.0001 -0.010469 3.076617 
0.173 1.20 1.36 0.2599 0.2274 0.0254 -0.0001 -0.007852 3.076613 
0.174 1.18 1.24 0.2644 0.2516 0.0258 -0.0001 -0.007852 3.076620 
0.175 1.21 1.24 0.2589 0.2516 0.0260 -0.0001 -0.010469 3.076626 
0.176 1.21 1.29 0.2589 0.2428 0.0262 -0.0001 -0.007852 3.076632 
0.177 1.18 1.29 0.2631 0.2428 0.0264 -0.0001 -0.010469 3.076633 
0.178 1.11 1.29 0.2768 0.2424 0.0268 -0.0001 -0.010469 3.076624 
0.179 1.11 1.28 0.2768 0.2444 0.0270 -0.0001 -0.007852 3.076617 
0.180 1.17 1.28 0.2664 0.2444 0.0272 -0.0001 -0.010469 3.076618 
0.181 1.17 1.24 0.2659 0.2526 0.0276 -0.0001 -0.010469 3.076622 
0.182 1.17 1.24 0.2659 0.2526 0.0276 -0.0001 -0.010469 3.076623 
0.183 1.15 1.26 0.2697 0.2476 0.0280 -0.0001 -0.010469 3.076625 
0.184 1.12 1.24 0.2750 0.2520 0.0284 -0.0001 -0.010469 3.076627 
0.185 1.12 1.24 0.2750 0.2520 0.0284 -0.0001 -0.010469 3.076625 
0.186 1.13 1.25 0.2747 0.2500 0.0288 -0.0001 -0.010469 3.076620 
0.187 1.14 1.18 0.2721 0.2648 0.0292 -0.0001 -0.010469 3.076615 
0.188 1.14 1.18 0.2721 0.2648 0.0292 -0.0001 -0.010469 3.076611 
0.189 1.14 1.21 0.2720 0.2578 0.0296 -0.0001 -0.010469 3.076605 
0.190 1.16 1.19 0.2683 0.2622 0.0300 -0.0001 -0.010469 3.076599 
0.191 1.16 1.19 0.2683 0.2622 0.0300 -0.0001 -0.010469 3.076600 
0.192 1.14 1.21 0.2723 0.2581 0.0304 -0.0001 -0.010469 3.076613 
0.193 1.18 1.21 0.2643 0.2581 0.0308 -0.0001 -0.010469 3.076627 
0.194 1.18 1.09 0.2643 0.2812 0.0308 -0.0001 -0.010469 3.076637 
0.195 1.13 1.18 0.2737 0.2634 0.0312 -0.0001 -0.010469 3.076638 
0.196 1.07 1.18 0.2853 0.2634 0.0314 -0.0001 -0.013086 3.076628 
0.197 1.07 1.16 0.2853 0.2677 0.0316 -0.0002 -0.010469 3.076620 
0.198 1.09 1.20 0.2812 0.2606 0.0320 -0.0002 -0.010469 3.076616 
0.199 1.11 1.20 0.2772 0.2606 0.0323 -0.0002 -0.013086 3.076618 
0.200 1.11 1.16 0.2772 0.2673 0.0325 -0.0002 -0.010469 3.076624 
0.201 1.12 1.17 0.2753 0.2669 0.0329 -0.0002 -0.010469 3.076623 
0.202 1.07 1.17 0.2854 0.2669 0.0331 -0.0002 -0.013086 3.076617 
0.203 1.08 1.05 0.2846 0.2896 0.0333 -0.0002 -0.010469 3.076608 
0.204 1.13 1.20 0.2744 0.2595 0.0337 -0.0002 -0.010469 3.076600 
0.205 1.14 1.20 0.2722 0.2595 0.0339 -0.0002 -0.013086 3.076597 
0.206 1.14 1.24 0.2722 0.2526 0.0341 -0.0002 -0.010469 3.076598 
0.207 1.12 1.21 0.2750 0.2576 0.0345 -0.0002 -0.010469 3.076599 
0.208 1.10 1.21 0.2807 0.2576 0.0347 -0.0002 -0.013086 3.076600 
0.209 1.10 1.13 0.2790 0.2740 0.0351 -0.0002 -0.013086 3.076602 
0.210 1.10 1.23 0.2790 0.2548 0.0353 -0.0002 -0.010469 3.076606 
0.211 1.18 1.23 0.2635 0.2548 0.0355 -0.0002 -0.013086 3.076605 
0.212 1.14 1.25 0.2715 0.2492 0.0359 -0.0002 -0.013086 3.076605 
0.213 1.14 1.25 0.2715 0.2492 0.0359 -0.0002 -0.013086 3.076607 
0.214 1.07 1.20 0.2856 0.2598 0.0363 -0.0002 -0.013086 3.076604 
0.215 1.15 1.16 0.2708 0.2681 0.0367 -0.0002 -0.013086 3.076596 
0.216 1.15 1.16 0.2708 0.2681 0.0367 -0.0002 -0.013086 3.076594 
0.217 1.19 1.20 0.2621 0.2607 0.0371 -0.0002 -0.013086 3.076597 
0.218 1.14 1.09 0.2721 0.2826 0.0375 -0.0002 -0.013086 3.076599 
0.219 1.14 1.09 0.2721 0.2826 0.0375 -0.0002 -0.013086 3.076596 
0.220 1.14 1.19 0.2724 0.2612 0.0379 -0.0002 -0.013086 3.076590 
0.221 1.10 1.13 0.2808 0.2743 0.0383 -0.0002 -0.013086 3.076585 
0.222 1.10 1.13 0.2808 0.2743 0.0383 -0.0002 -0.013086 3.076586 
0.223 1.02 1.22 0.2955 0.2551 0.0387 -0.0002 -0.013086 3.076590 
0.224 1.11 1.21 0.2769 0.2574 0.0391 -0.0002 -0.013086 3.076591 
0.225 1.11 1.21 0.2769 0.2574 0.0391 -0.0002 -0.013086 3.076592 
0.226 1.02 1.21 0.2955 0.2572 0.0396 -0.0002 -0.013086 3.076593 
0.227 1.12 1.23 0.2764 0.2548 0.0400 -0.0003 -0.013086 3.076595 
0.228 1.10 1.23 0.2800 0.2548 0.0402 -0.0003 -0.015704 3.076598 
0.229 1.10 1.23 0.2800 0.2532 0.0404 -0.0003 -0.013086 3.076600 
0.230 1.12 1.23 0.2761 0.2532 0.0406 -0.0003 -0.015704 3.076598 
0.231 1.20 1.15 0.2599 0.2704 0.0408 -0.0003 -0.013086 3.076597 
0.232 1.22 1.21 0.2557 0.2575 0.0412 -0.0003 -0.013086 3.076595 
0.233 1.09 1.21 0.2818 0.2575 0.0414 -0.0003 -0.015704 3.076588 
0.234 1.00 1.24 0.2996 0.2522 0.0418 -0.0003 -0.015704 3.076582 
0.235 1.00 1.21 0.2996 0.2586 0.0420 -0.0003 -0.013086 3.076581 
0.236 1.10 1.21 0.2794 0.2586 0.0422 -0.0003 -0.015704 3.076579 
0.237 1.16 1.16 0.2679 0.2678 0.0426 -0.0003 -0.015704 3.076574 
0.238 1.16 1.18 0.2679 0.2645 0.0428 -0.0003 -0.013086 3.076569 
0.239 1.11 1.18 0.2778 0.2645 0.0430 -0.0003 -0.015704 3.076564 
0.240 1.03 1.17 0.2941 0.2650 0.0434 -0.0003 -0.015704 3.076561 
0.241 1.03 1.22 0.2941 0.2564 0.0436 -0.0003 -0.013086 3.076563 
0.242 1.11 1.22 0.2788 0.2564 0.0438 -0.0003 -0.015704 3.076568 
0.243 1.09 1.15 0.2817 0.2691 0.0442 -0.0003 -0.015704 3.076572 
0.244 1.08 1.18 0.2842 0.2639 0.0444 -0.0003 -0.018321 3.076575 
0.245 1.08 1.23 0.2842 0.2536 0.0446 -0.0003 -0.015704 3.076576 
0.246 1.12 1.23 0.2751 0.2542 0.0450 -0.0003 -0.015704 3.076575 
0.247 1.12 1.23 0.2759 0.2542 0.0452 -0.0003 -0.018321 3.076573 
0.248 1.12 1.25 0.2759 0.2494 0.0454 -0.0003 -0.015704 3.076570 
0.249 1.06 1.15 0.2888 0.2705 0.0458 -0.0003 -0.015704 3.076565 
0.250 1.12 1.15 0.2763 0.2705 0.0460 -0.0003 -0.018321 3.076563 
0.251 1.12 1.21 0.2763 0.2572 0.0462 -0.0004 -0.015704 3.076570 
0.252 1.13 1.23 0.2739 0.2548 0.0467 -0.0004 -0.015704 3.076577 
0.253 1.11 1.23 0.2770 0.2548 0.0469 -0.0004 -0.018321 3.076579 
0.254 1.11 1.21 0.2770 0.2573 0.0471 -0.0004 -0.015704 3.076581 
0.255 1.08 1.21 0.2836 0.2573 0.0473 -0.0004 -0.018321 3.076588 
0.256 1.08 1.16 0.2831 0.2671 0.0477 -0.0004 -0.018321 3.076593 
0.257 1.08 1.20 0.2831 0.2599 0.0479 -0.0004 -0.015704 3.076592 
0.258 1.10 1.20 0.2792 0.2599 0.0481 -0.0004 -0.018321 3.076589 
0.259 1.11 1.19 0.2786 0.2627 0.0485 -0.0004 -0.018321 3.076584 
0.260 1.13 1.20 0.2740 0.2592 0.0489 -0.0004 -0.018321 3.076578 
0.261 1.13 1.20 0.2740 0.2592 0.0489 -0.0004 -0.018321 3.076574 
0.262 1.11 1.13 0.2778 0.2735 0.0493 -0.0004 -0.018321 3.076575 
0.263 1.15 1.17 0.2691 0.2653 0.0497 -0.0004 -0.018321 3.076576 
0.264 1.15 1.17 0.2691 0.2653 0.0497 -0.0004 -0.018321 3.076574 
0.265 1.11 1.15 0.2784 0.2692 0.0501 -0.0004 -0.018321 3.076566 
0.266 1.05 1.18 0.2889 0.2644 0.0505 -0.0004 -0.018321 3.076560 
0.267 1.05 1.18 0.2889 0.2644 0.0505 -0.0004 -0.018321 3.076558 
0.268 1.08 1.07 0.2846 0.2858 0.0509 -0.0004 -0.018321 3.076558 
0.269 1.10 1.18 0.2800 0.2647 0.0513 -0.0004 -0.018321 3.076556 
0.270 1.10 1.18 0.2800 0.2647 0.0513 -0.0004 -0.018321 3.076556 
0.271 1.11 1.15 0.2780 0.2696 0.0517 -0.0004 -0.018321 3.076559 
0.272 1.06 1.18 0.2870 0.2641 0.0521 -0.0005 -0.018321 3.076564 
0.273 1.11 1.18 0.2781 0.2641 0.0523 -0.0005 -0.020938 3.076568 
0.274 1.13 1.14 0.2747 0.2712 0.0525 -0.0005 -0.018321 3.076570 
0.275 1.15 1.15 0.2706 0.2701 0.0529 -0.0005 -0.018321 3.076568 
0.276 1.13 1.15 0.2738 0.2701 0.0531 -0.0005 -0.020938 3.076563 
0.277 1.13 1.05 0.2738 0.2907 0.0533 -0.0005 -0.018321 3.076558 
0.278 1.10 1.20 0.2795 0.2596 0.0537 -0.0005 -0.018321 3.076558 
0.279 1.11 1.20 0.2777 0.2596 0.0540 -0.0005 -0.020938 3.076559 
0.280 1.11 1.24 0.2777 0.2526 0.0542 -0.0005 -0.018321 3.076557 
0.281 1.18 1.21 0.2640 0.2576 0.0546 -0.0005 -0.018321 3.076559 
0.282 1.13 1.21 0.2731 0.2576 0.0548 -0.0005 -0.020938 3.076568 
0.283 1.13 1.13 0.2731 0.2743 0.0550 -0.0005 -0.018321 3.076575 
0.284 1.06 1.22 0.2881 0.2553 0.0554 -0.0005 -0.018321 3.076577 
0.285 1.13 1.22 0.2741 0.2553 0.0556 -0.0005 -0.020938 3.076578 
0.286 1.13 1.25 0.2741 0.2492 0.0558 -0.0005 -0.018321 3.076577 
0.287 1.18 1.25 0.2645 0.2492 0.0560 -0.0005 -0.020938 3.076576 
0.288 1.12 1.20 0.2749 0.2603 0.0564 -0.0005 -0.020938 3.076578 
0.289 1.12 1.16 0.2749 0.2685 0.0566 -0.0005 -0.018321 3.076584 
0.290 1.12 1.16 0.2752 0.2685 0.0568 -0.0005 -0.020938 3.076591 
0.291 1.08 1.20 0.2845 0.2607 0.0572 -0.0006 -0.020938 3.076596 
0.292 1.08 1.08 0.2845 0.2829 0.0574 -0.0006 -0.018321 3.076595 
0.293 1.01 1.08 0.2987 0.2829 0.0576 -0.0006 -0.020938 3.076593 
0.294 1.10 1.19 0.2800 0.2610 0.0580 -0.0006 -0.020938 3.076593 
0.295 1.01 1.13 0.2979 0.2744 0.0584 -0.0006 -0.020938 3.076593 
0.296 1.01 1.13 0.2979 0.2744 0.0584 -0.0006 -0.020938 3.076590 
0.297 1.10 1.23 0.2790 0.2548 0.0588 -0.0006 -0.020938 3.076590 
0.298 1.09 1.21 0.2815 0.2574 0.0592 -0.0006 -0.020938 3.076594 
0.299 1.09 1.21 0.2815 0.2574 0.0592 -0.0006 -0.020938 3.076597 
0.300 1.12 1.20 0.2767 0.2591 0.0596 -0.0006 -0.020938 3.076600 
0.301 1.22 1.21 0.2564 0.2586 0.0600 -0.0006 -0.020938 3.076601 
0.302 1.22 1.21 0.2564 0.2586 0.0600 -0.0006 -0.020938 3.076599 
0.303 1.09 1.22 0.2821 0.2560 0.0604 -0.0006 -0.020938 3.076596 
0.304 1.00 1.22 0.3000 0.2560 0.0606 -0.0006 -0.023556 3.076595 
0.305 1.01 1.13 0.2974 0.2731 0.0608 -0.0006 -0.020938 3.076599 
0.306 1.10 1.21 0.2795 0.2586 0.0613 -0.0006 -0.020938 3.076604 
0.307 1.16 1.21 0.2682 0.2586 0.0615 -0.0006 -0.023556 3.076607 
0.308 1.16 1.23 0.2682 0.2530 0.0617 -0.0006 -0.020938 3.076608 
0.309 1.11 1.21 0.2780 0.2590 0.0621 -0.0007 -0.020938 3.076605 
0.310 1.02 1.21 0.2948 0.2590 0.0623 -0.0007 -0.023556 3.076598 
0.311 1.11 1.16 0.2787 0.2685 0.0627 -0.0007 -0.023556 3.076593 
0.312 1.11 1.17 0.2787 0.2664 0.0629 -0.0007 -0.020938 3.076594 
0.313 1.09 1.17 0.2823 0.2664 0.0631 -0.0007 -0.023556 3.076597 
0.314 1.08 1.16 0.2844 0.2687 0.0635 -0.0007 -0.023556 3.076599 
0.315 1.08 1.20 0.2844 0.2599 0.0637 -0.0007 -0.020938 3.076602 
0.316 1.11 1.20 0.2778 0.2599 0.0639 -0.0007 -0.023556 3.076603 
0.317 1.10 1.14 0.2803 0.2712 0.0643 -0.0007 -0.023556 3.076604 
0.318 1.10 1.23 0.2803 0.2542 0.0645 -0.0007 -0.020938 3.076604 
0.319 1.04 1.23 0.2920 0.2542 0.0647 -0.0007 -0.023556 3.076607 
0.320 1.11 1.23 0.2773 0.2544 0.0651 -0.0007 -0.023556 3.076612 
0.321 1.13 1.23 0.2739 0.2544 0.0653 -0.0007 -0.026173 3.076616 
0.322 1.13 1.25 0.2739 0.2496 0.0655 -0.0007 -0.023556 3.076612 
0.323 1.11 1.15 0.2775 0.2704 0.0659 -0.0007 -0.023556 3.076608 
0.324 1.08 1.15 0.2838 0.2704 0.0661 -0.0008 -0.026173 3.076606 
0.325 1.08 1.21 0.2838 0.2574 0.0663 -0.0008 -0.023556 3.076608 
0.326 1.08 1.23 0.2833 0.2546 0.0667 -0.0008 -0.023556 3.076613 
0.327 1.10 1.23 0.2792 0.2546 0.0669 -0.0008 -0.026173 3.076613 
0.328 1.10 1.21 0.2792 0.2574 0.0671 -0.0008 -0.023556 3.076614 
0.329 1.11 1.17 0.2780 0.2670 0.0675 -0.0008 -0.023556 3.076615 
0.330 1.13 1.17 0.2737 0.2670 0.0677 -0.0008 -0.026173 3.076613 
0.331 1.13 1.20 0.2737 0.2609 0.0679 -0.0008 -0.023556 3.076608 
0.332 1.11 1.20 0.2775 0.2609 0.0681 -0.0008 -0.026173 3.076604 
0.333 1.16 1.19 0.2674 0.2625 0.0686 -0.0008 -0.026173 3.076602 
0.334 1.16 1.21 0.2674 0.2578 0.0688 -0.0008 -0.023556 3.076602 
0.335 1.11 1.21 0.2778 0.2578 0.0690 -0.0008 -0.026173 3.076601 
0.336 1.06 1.14 0.2879 0.2714 0.0694 -0.0008 -0.026173 3.076601 
0.337 1.08 1.18 0.2835 0.2638 0.0698 -0.0008 -0.026173 3.076602 
0.338 1.08 1.18 0.2835 0.2638 0.0698 -0.0008 -0.026173 3.076603 
0.339 1.09 1.16 0.2809 0.2674 0.0702 -0.0009 -0.026173 3.076601 
0.340 1.11 1.19 0.2780 0.2629 0.0706 -0.0009 -0.026173 3.076596 
0.341 1.11 1.19 0.2780 0.2629 0.0706 -0.0009 -0.026173 3.076593 
0.342 1.07 1.07 0.2868 0.2859 0.0710 -0.0009 -0.026173 3.076593 
0.343 1.11 1.16 0.2769 0.2670 0.0714 -0.0009 -0.026173 3.076595 
0.344 1.11 1.16 0.2769 0.2670 0.0714 -0.0009 -0.026173 3.076597 
0.345 1.13 1.14 0.2733 0.2714 0.0718 -0.0009 -0.026173 3.076600 
0.346 1.12 1.17 0.2765 0.2664 0.0722 -0.0009 -0.026173 3.076601 
0.347 1.12 1.17 0.2765 0.2664 0.0722 -0.0009 -0.026173 3.076600 
0.348 1.09 1.13 0.2812 0.2732 0.0726 -0.0009 -0.026173 3.076599 
0.349 1.10 1.14 0.2795 0.2718 0.0730 -0.0009 -0.026173 3.076598 
0.350 1.10 1.14 0.2795 0.2718 0.0730 -0.0009 -0.026173 3.076596 
0.351 1.17 1.02 0.2654 0.2951 0.0734 -0.0009 -0.026173 3.076595 
0.352 1.13 1.18 0.2741 0.2635 0.0738 -0.0009 -0.026173 3.076598 
0.353 1.13 1.18 0.2741 0.2635 0.0738 -0.0009 -0.026173 3.076601 
0.354 1.06 1.22 0.2882 0.2560 0.0742 -0.0010 -0.026173 3.076606 
0.355 1.13 1.20 0.2740 0.2610 0.0746 -0.0010 -0.026173 3.076606 
0.356 1.13 1.20 0.2731 0.2610 0.0746 -0.0010 -0.026173 3.076601 
0.357 1.18 1.11 0.2644 0.2777 0.0750 -0.0010 -0.026173 3.076598 
0.358 1.13 1.21 0.2744 0.2575 0.0754 -0.0010 -0.026173 3.076601 
0.359 1.13 1.21 0.2744 0.2575 0.0757 -0.0010 -0.028790 3.076604 
0.360 1.13 1.24 0.2747 0.2517 0.0759 -0.0010 -0.026173 3.076605 
0.361 1.08 1.19 0.2839 0.2620 0.0763 -0.0010 -0.026173 3.076605 
0.362 1.01 1.19 0.2982 0.2620 0.0765 -0.0010 -0.028790 3.076608 
0.363 1.01 1.15 0.2982 0.2701 0.0767 -0.0010 -0.026173 3.076612 
0.364 1.10 1.19 0.2800 0.2622 0.0771 -0.0010 -0.026173 3.076615 
0.365 1.00 1.19 0.2992 0.2622 0.0773 -0.0010 -0.028790 3.076619 
0.366 1.05 1.08 0.2899 0.2840 0.0775 -0.0010 -0.026173 3.076625 
0.367 1.10 1.19 0.2793 0.2624 0.0779 -0.0011 -0.026173 3.076629 
0.368 1.09 1.19 0.2819 0.2624 0.0781 -0.0011 -0.028790 3.076629 
0.369 1.11 1.12 0.2775 0.2752 0.0785 -0.0011 -0.028790 3.076629 
0.370 1.11 1.21 0.2775 0.2589 0.0785 -0.0011 -0.028790 3.076630 
0.371 1.22 1.22 0.2568 0.2558 0.0789 -0.0011 -0.028790 3.076630 
0.372 1.09 1.21 0.2827 0.2585 0.0793 -0.0011 -0.028790 3.076627 
0.373 1.09 1.21 0.2827 0.2585 0.0793 -0.0011 -0.028790 3.076622 
0.374 1.00 1.20 0.3001 0.2600 0.0797 -0.0011 -0.028790 3.076617 
0.375 1.10 1.20 0.2796 0.2596 0.0801 -0.0011 -0.028790 3.076612 
0.376 1.10 1.20 0.2796 0.2596 0.0801 -0.0011 -0.028790 3.076610 
0.377 1.16 1.21 0.2687 0.2573 0.0805 -0.0011 -0.028790 3.076611 
0.378 1.10 1.13 0.2789 0.2739 0.0809 -0.0011 -0.028790 3.076612 
0.379 1.10 1.13 0.2789 0.2739 0.0809 -0.0011 -0.028790 3.076611 
0.380 1.02 1.20 0.2955 0.2598 0.0813 -0.0012 -0.028790 3.076609 
0.381 1.10 1.23 0.2791 0.2534 0.0817 -0.0012 -0.028790 3.076607 
0.382 1.09 1.23 0.2826 0.2534 0.0819 -0.0012 -0.031408 3.076608 
0.383 1.09 1.21 0.2826 0.2581 0.0821 -0.0012 -0.028790 3.076610 
0.384 1.07 1.21 0.2857 0.2581 0.0823 -0.0012 -0.031408 3.076608 
0.385 1.11 1.16 0.2779 0.2671 0.0827 -0.0012 -0.031408 3.076607 
0.386 1.11 1.18 0.2779 0.2647 0.0829 -0.0012 -0.028790 3.076610 
0.387 1.09 1.18 0.2813 0.2647 0.0832 -0.0012 -0.031408 3.076613 
0.388 1.03 1.17 0.2942 0.2666 0.0836 -0.0012 -0.031408 3.076612 
0.389 1.03 1.22 0.2942 0.2563 0.0838 -0.0012 -0.028790 3.076612 
0.390 1.09 1.22 0.2810 0.2563 0.0840 -0.0012 -0.031408 3.076612 
0.391 1.11 1.15 0.2776 0.2691 0.0844 -0.0012 -0.031408 3.076610 
0.392 1.11 1.23 0.2776 0.2531 0.0846 -0.0013 -0.028790 3.076605 
0.393 1.10 1.23 0.2804 0.2531 0.0848 -0.0013 -0.031408 3.076602 
0.394 1.07 1.23 0.2868 0.2540 0.0852 -0.0013 -0.031408 3.076600 
0.395 1.07 1.25 0.2857 0.2491 0.0856 -0.0013 -0.031408 3.076597 
0.396 1.07 1.25 0.2857 0.2491 0.0856 -0.0013 -0.031408 3.076596 
0.397 1.09 1.15 0.2822 0.2695 0.0860 -0.0013 -0.031408 3.076593 
0.398 1.09 1.15 0.2808 0.2695 0.0862 -0.0013 -0.034025 3.076592 
0.399 1.09 1.22 0.2808 0.2566 0.0864 -0.0013 -0.031408 3.076595 
0.400 1.12 1.23 0.2763 0.2541 0.0868 -0.0013 -0.031408 3.076600 
0.401 1.10 1.23 0.2802 0.2541 0.0870 -0.0013 -0.034025 3.076604 
0.402 -1.40 -1.28 0.2802 0.2572 0.0872 -0.0013 -0.031408 3.076607 
0.403 -1.35 -1.33 0.2711 0.2667 0.0876 -0.0014 -0.031408 3.076612 
0.404 -1.38 -1.33 0.2757 0.2667 0.0878 -0.0014 -0.034025 3.076615 
0.405 -1.38 -1.24 0.2757 0.2478 0.0880 -0.0014 -0.031408 3.076617 
0.406 -1.33 -1.24 0.2657 0.2478 0.0882 -0.0014 -0.034025 3.076616 
0.407 -1.17 -1.10 0.2348 0.2199 0.0886 -0.0014 -0.034025 3.076613 
0.408 -1.17 -1.10 0.2348 0.2199 0.0886 -0.0014 -0.034025 3.076611 
0.409 -0.99 -0.87 0.1975 0.1748 0.0890 -0.0014 -0.034025 3.076610 
0.410 -0.99 -0.87 0.1975 0.1748 0.0890 -0.0014 -0.034025 3.076606 
0.411 -0.99 -0.84 0.1975 0.1679 0.0890 -0.0014 -0.034025 3.076602 
0.412 -0.74 -0.69 0.1481 0.1375 0.0894 -0.0014 -0.034025 3.076599 
0.413 -0.74 -0.69 0.1481 0.1375 0.0894 -0.0014 -0.034025 3.076589 
0.414 -0.74 -0.69 0.1481 0.1375 0.0894 -0.0014 -0.034025 3.076553 
0.415 -0.61 -0.58 0.1229 0.1169 0.0894 -0.0014 -0.034025 3.076513 
0.416 -0.49 -0.51 0.0978 0.1025 0.0898 -0.0014 -0.034025 3.076545 
0.417 -0.49 -0.51 0.0978 0.1025 0.0898 -0.0014 -0.034025 3.076580 
0.418 -0.49 -0.51 0.0978 0.1025 0.0898 -0.0014 -0.034025 3.076558 
0.419 -0.49 -0.51 0.0978 0.1025 0.0898 -0.0014 -0.034025 3.076550 
0.420 -0.49 -0.45 0.0978 0.0899 0.0898 -0.0014 -0.034025 3.076532 
0.421 -0.39 -0.37 0.0787 0.0736 0.0898 -0.0014 -0.034025 3.076519 
0.422 -0.33 -0.36 0.0660 0.0717 0.0900 -0.0014 -0.031408 3.076544 
0.423 -0.28 -0.36 0.0567 0.0717 0.0900 -0.0014 -0.031408 3.076574 
0.424 -0.25 -0.36 0.0498 0.0717 0.0900 -0.0014 -0.031408 3.076605 
0.425 -0.22 -0.36 0.0443 0.0717 0.0900 -0.0014 -0.031408 3.076621 
0.426 -0.20 -0.36 0.0400 0.0717 0.0900 -0.0014 -0.031408 3.076612 
0.427 -0.18 -0.35 0.0364 0.0693 0.0900 -0.0014 -0.031408 3.076580 
0.428 -0.17 -0.29 0.0334 0.0592 0.0900 -0.0014 -0.031408 3.076538 
0.429 -0.15 -0.26 0.0308 0.0516 0.0900 -0.0014 -0.031408 3.076512 
0.430 -0.14 -0.23 0.0287 0.0458 0.0900 -0.0014 -0.031408 3.076521 
0.431 -0.13 -0.20 0.0268 0.0412 0.0900 -0.0014 -0.031408 3.076539 
0.432 -0.12 -0.19 0.0251 0.0374 0.0900 -0.0014 -0.031408 3.076543 
0.433 -0.12 -0.17 0.0236 0.0342 0.0900 -0.0014 -0.031408 3.076545 
0.434 -0.11 -0.16 0.0223 0.0316 0.0900 -0.0014 -0.031408 3.076545 
0.435 -0.10 -0.15 0.0212 0.0293 0.0900 -0.0014 -0.031408 3.076541 
0.436 -0.10 -0.14 0.0201 0.0273 0.0900 -0.0014 -0.031408 3.076536 
0.437 -0.10 -0.13 0.0192 0.0256 0.0900 -0.0014 -0.031408 3.076527 
0.438 -0.09 -0.12 0.0183 0.0241 0.0900 -0.0014 -0.031408 3.076522 
0.439 -0.09 -0.11 0.0175 0.0227 0.0900 -0.0014 -0.031408 3.076521 
0.440 -0.08 -0.11 0.0168 0.0215 0.0900 -0.0014 -0.031408 3.076524 
0.441 -0.08 -0.10 0.0161 0.0204 0.0900 -0.0014 -0.031408 3.076529 
0.442 -0.08 -0.10 0.0155 0.0195 0.0900 -0.0014 -0.031408 3.076532 
0.443 -0.07 -0.09 0.0149 0.0186 0.0900 -0.0014 -0.031408 3.076528 
0.444 -0.07 -0.09 0.0144 0.0177 0.0900 -0.0014 -0.031408 3.076518 
0.445 -0.07 -0.09 0.0139 0.0170 0.0900 -0.0014 -0.031408 3.076512 
0.446 -0.07 -0.08 0.0135 0.0163 0.0900 -0.0014 -0.031408 3.076504 
0.447 -0.07 -0.08 0.0130 0.0157 0.0900 -0.0014 -0.031408 3.076498 
0.448 -0.06 -0.07 0.0126 0.0151 0.0900 -0.0014 -0.031408 3.076499 
0.449 -0.06 -0.07 0.0122 0.0146 0.0900 -0.0014 -0.031408 3.076497 
0.450 -0.06 -0.07 0.0119 0.0141 0.0900 -0.0014 -0.031408 3.076492 
0.451 -0.06 -0.07 0.0115 0.0136 0.0900 -0.0014 -0.031408 3.076488 
0.452 -0.06 -0.07 0.0112 0.0131 0.0900 -0.0014 -0.031408 3.076481 
0.453 -0.05 -0.06 0.0109 0.0127 0.0900 -0.0014 -0.031408 3.076480 
0.454 -0.05 -0.06 0.0106 0.0123 0.0900 -0.0014 -0.031408 3.076488 
0.455 -0.05 -0.06 0.0104 0.0120 0.0900 -0.0014 -0.031408 3.076495 
0.456 -0.05 -0.06 0.0101 0.0116 0.0900 -0.0014 -0.031408 3.076500 
0.457 -0.05 -0.06 0.0099 0.0113 0.0900 -0.0014 -0.031408 3.076506 
0.458 -0.05 -0.06 0.0096 0.0110 0.0900 -0.0014 -0.031408 3.076515 
0.459 -0.05 -0.05 0.0094 0.0107 0.0900 -0.0014 -0.031408 3.076522 
0.460 -0.04 -0.05 0.0092 0.0104 0.0900 -0.0014 -0.031408 3.076526 
0.461 -0.04 -0.05 0.0090 0.0102 0.0900 -0.0014 -0.031408 3.076532 
0.462 -0.04 -0.05 0.0088 0.0099 0.0900 -0.0014 -0.031408 3.076537 
0.463 -0.04 -0.05 0.0086 0.0097 0.0900 -0.0014 -0.031408 3.076536 
0.464 -0.04 -0.05 0.0084 0.0095 0.0900 -0.0014 -0.031408 3.076530 
0.465 -0.04 -0.05 0.0083 0.0093 0.0900 -0.0014 -0.031408 3.076525 
0.466 -0.04 -0.04 0.0081 0.0090 0.0900 -0.0014 -0.031408 3.076523 
0.467 -0.04 -0.04 0.0079 0.0088 0.0900 -0.0014 -0.031408 3.076518 
0.468 -0.04 -0.04 0.0078 0.0087 0.0900 -0.0014 -0.031408 3.076514 
0.469 -0.04 -0.04 0.0076 0.0085 0.0900 -0.0014 -0.031408 3.076514 
0.470 -0.04 -0.04 0.0075 0.0083 0.0900 -0.0014 -0.031408 3.076514 
0.471 -0.04 -0.04 0.0074 0.0081 0.0900 -0.0014 -0.031408 3.076512 
0.472 -0.04 -0.04 0.0072 0.0080 0.0900 -0.0014 -0.031408 3.076514 
0.473 -0.04 -0.04 0.0071 0.0078 0.0900 -0.0014 -0.031408 3.076522 
0.474 -0.03 -0.04 0.0070 0.0077 0.0900 -0.0014 -0.031408 3.076527 
0.475 -0.03 -0.04 0.0069 0.0075 0.0900 -0.0014 -0.031408 3.076528 
0.476 -0.03 -0.04 0.0067 0.0074 0.0900 -0.0014 -0.031408 3.076530 
0.477 -0.03 -0.04 0.0066 0.0073 0.0900 -0.0014 -0.031408 3.076531 
0.478 -0.03 -0.04 0.0065 0.0071 0.0900 -0.0014 -0.031408 3.076532 
0.479 -0.03 -0.04 0.0064 0.0070 0.0900 -0.0014 -0.031408 3.076535 
0.480 -0.03 -0.03 0.0063 0.0069 0.0900 -0.0014 -0.031408 3.076537 
0.481 -0.03 -0.03 0.0062 0.0068 0.0900 -0.0014 -0.031408 3.076537 
0.482 -0.03 -0.03 0.0061 0.0067 0.0900 -0.0014 -0.031408 3.076537 
0.483 -0.03 -0.03 0.0060 0.0066 0.0900 -0.0014 -0.031408 3.076535 
0.484 -0.03 -0.03 0.0060 0.0065 0.0900 -0.0014 -0.031408 3.076535 
0.485 -0.03 -0.03 0.0059 0.0064 0.0900 -0.0014 -0.031408 3.076536 
0.486 -0.03 -0.03 0.0058 0.0063 0.0900 -0.0014 -0.031408 3.076538 
0.487 -0.03 -0.03 0.0057 0.0062 0.0900 -0.0014 -0.031408 3.076539 
0.488 -0.03 -0.03 0.0056 0.0061 0.0900 -0.0014 -0.031408 3.076540 
0.489 -0.03 -0.03 0.0055 0.0060 0.0900 -0.0014 -0.031408 3.076543 
0.490 -0.03 -0.03 0.0055 0.0059 0.0900 -0.0014 -0.031408 3.076547 
0.491 -0.03 -0.03 0.0054 0.0058 0.0900 -0.0014 -0.031408 3.076549 
0.492 -0.03 -0.03 0.0053 0.0057 0.0900 -0.0014 -0.031408 3.076550 
0.493 -0.03 -0.03 0.0053 0.0056 0.0900 -0.0014 -0.031408 3.076550 
0.494 -0.03 -0.03 0.0052 0.0056 0.0900 -0.0014 -0.031408 3.076549 
0.495 -0.03 -0.03 0.0051 0.0055 0.0900 -0.0014 -0.031408 3.076548 
0.496 -0.03 -0.03 0.0051 0.0054 0.0900 -0.0014 -0.031408 3.076550 
0.497 -0.02 -0.03 0.0050 0.0053 0.0900 -0.0014 -0.031408 3.076553 
0.498 -0.02 -0.03 0.0049 0.0053 0.0900 -0.0014 -0.031408 3.076553 
0.499 -0.02 -0.03 0.0049 0.0052 0.0900 -0.0014 -0.031408 3.076551 
0.500 -0.02 -0.03 0.0048 0.0051 0.0900 -0.0014 -0.031408 3.076548 
0.501 -0.02 -0.03 0.0048 0.0051 0.0900 -0.0014 -0.031408 3.076546 
0.502 -0.02 -0.03 0.0047 0.0050 0.0900 -0.0014 -0.031408 3.076546 
0.503 -0.02 -0.02 0.0047 0.0050 0.0900 -0.0014 -0.031408 3.076546 
0.504 -0.02 -0.02 0.0046 0.0049 0.0900 -0.0014 -0.031408 3.076544 
0.505 -0.02 -0.02 0.0046 0.0048 0.0900 -0.0014 -0.031408 3.076541 
0.506 -0.02 -0.02 0.0045 0.0048 0.0900 -0.0014 -0.031408 3.076536 
0.507 -0.02 -0.02 0.0045 0.0047 0.0900 -0.0014 -0.031408 3.076532 
0.508 -0.02 -0.02 0.0044 0.0047 0.0900 -0.0014 -0.031408 3.076534 
0.509 -0.02 -0.02 0.0044 0.0046 0.0900 -0.0014 -0.031408 3.076536 
0.510 -0.02 -0.02 0.0043 0.0046 0.0900 -0.0014 -0.031408 3.076536 
0.511 -0.02 -0.02 0.0043 0.0045 0.0900 -0.0014 -0.031408 3.076540 
0.512 -0.02 -0.02 0.0042 0.0045 0.0900 -0.0014 -0.031408 3.076548 
0.513 -0.02 -0.02 0.0042 0.0044 0.0900 -0.0014 -0.031408 3.076556 
0.514 -0.02 -0.02 0.0041 0.0044 0.0900 -0.0014 -0.031408 3.076561 
0.515 -0.02 -0.02 0.0041 0.0043 0.0900 -0.0014 -0.031408 3.076558 
0.516 -0.02 -0.02 0.0041 0.0043 0.0900 -0.0014 -0.031408 3.076551 
0.517 -0.02 -0.02 0.0040 0.0042 0.0900 -0.0014 -0.031408 3.076547 
0.518 -0.02 -0.02 0.0040 0.0042 0.0900 -0.0014 -0.031408 3.076545 
0.519 -0.02 -0.02 0.0039 0.0041 0.0900 -0.0014 -0.031408 3.076542 
0.520 -0.02 -0.02 0.0039 0.0041 0.0900 -0.0014 -0.031408 3.076539 
0.521 -0.02 -0.02 0.0039 0.0041 0.0900 -0.0014 -0.031408 3.076537 
0.522 -0.02 -0.02 0.0038 0.0040 0.0900 -0.0014 -0.031408 3.076536 
0.523 -0.02 -0.02 0.0038 0.0040 0.0900 -0.0014 -0.031408 3.076534 
0.524 -0.02 -0.02 0.0038 0.0039 0.0900 -0.0014 -0.031408 3.076531 
0.525 -0.02 -0.02 0.0037 0.0039 0.0900 -0.0014 -0.031408 3.076529 
0.526 -0.02 -0.02 0.0037 0.0039 0.0900 -0.0014 -0.031408 3.076533 
0.527 -0.02 -0.02 0.0036 0.0038 0.0900 -0.0014 -0.031408 3.076539 
0.528 -0.02 -0.02 0.0036 0.0038 0.0900 -0.0014 -0.031408 3.076544 
0.529 -0.02 -0.02 0.0036 0.0038 0.0900 -0.0014 -0.031408 3.076548 
0.530 -0.02 -0.02 0.0036 0.0037 0.0900 -0.0014 -0.031408 3.076550 
0.531 -0.02 -0.02 0.0035 0.0037 0.0900 -0.0014 -0.031408 3.076546 
0.532 -0.02 -0.02 0.0035 0.0037 0.0900 -0.0014 -0.031408 3.076541 
0.533 -0.02 -0.02 0.0035 0.0036 0.0900 -0.0014 -0.031408 3.076535 
0.534 -0.02 -0.02 0.0034 0.0036 0.0900 -0.0014 -0.031408 3.076528 
0.535 -0.02 -0.02 0.0034 0.0036 0.0900 -0.0014 -0.031408 3.076525 
0.536 -0.02 -0.02 0.0034 0.0035 0.0900 -0.0014 -0.031408 3.076528 
0.537 -0.02 -0.02 0.0033 0.0035 0.0900 -0.0014 -0.031408 3.076529 
0.538 -0.02 -0.02 0.0033 0.0035 0.0900 -0.0014 -0.031408 3.076526 
0.539 -0.02 -0.02 0.0033 0.0034 0.0900 -0.0014 -0.031408 3.076524 
0.540 -0.02 -0.02 0.0033 0.0034 0.0900 -0.0014 -0.031408 3.076519 
0.541 -0.02 -0.02 0.0032 0.0034 0.0900 -0.0014 -0.031408 3.076516 
0.542 -0.02 -0.02 0.0032 0.0034 0.0900 -0.0014 -0.031408 3.076516 
0.543 -0.01 -0.02 0.0032 0.0033 0.0900 -0.0014 -0.031408 3.076517 
0.544 -0.01 -0.02 0.0032 0.0033 0.0900 -0.0014 -0.031408 3.076520 
0.545 -0.01 -0.02 0.0031 0.0033 0.0900 -0.0014 -0.031408 3.076525 
0.546 -0.01 -0.02 0.0031 0.0032 0.0900 -0.0014 -0.031408 3.076526 
0.547 -0.01 -0.02 0.0031 0.0032 0.0900 -0.0014 -0.031408 3.076522 
0.548 -0.01 -0.01 0.0031 0.0032 0.0900 -0.0014 -0.031408 3.076520 
0.549 -0.01 -0.01 0.0030 0.0032 0.0900 -0.0014 -0.031408 3.076517 
0.550 -0.01 -0.01 0.0030 0.0031 0.0900 -0.0014 -0.031408 3.076514 
0.551 -0.01 -0.01 0.0030 0.0031 0.0900 -0.0014 -0.031408 3.076514 
0.552 -0.01 -0.01 0.0030 0.0031 0.0900 -0.0014 -0.031408 3.076514 
0.553 -0.01 -0.01 0.0030 0.0031 0.0900 -0.0014 -0.031408 3.076510 
0.554 -0.01 -0.01 0.0029 0.0031 0.0900 -0.0014 -0.031408 3.076506 
0.555 -0.01 -0.01 0.0029 0.0030 0.0900 -0.0014 -0.031408 3.076503 
0.556 -0.01 -0.01 0.0029 0.0030 0.0900 -0.0014 -0.031408 3.076502 
0.557 -0.01 -0.01 0.0029 0.0030 0.0900 -0.0014 -0.031408 3.076502 
0.558 -0.01 -0.01 0.0029 0.0030 0.0900 -0.0014 -0.031408 3.076504 
0.559 -0.01 -0.01 0.0028 0.0029 0.0900 -0.0014 -0.031408 3.076507 
0.560 -0.01 -0.01 0.0028 0.0029 0.0900 -0.0014 -0.031408 3.076509 
0.561 -0.01 -0.01 0.0028 0.0029 0.0900 -0.0014 -0.031408 3.076508 
0.562 -0.01 -0.01 0.0028 0.0029 0.0900 -0.0014 -0.031408 3.076507 
0.563 -0.01 -0.01 0.0028 0.0029 0.0900 -0.0014 -0.031408 3.076505 
0.564 -0.01 -0.01 0.0027 0.0028 0.0900 -0.0014 -0.031408 3.076502 
0.565 -0.01 -0.01 0.0027 0.0028 0.0900 -0.0014 -0.031408 3.076500 
0.566 -0.01 -0.01 0.0027 0.0028 0.0900 -0.0014 -0.031408 3.076500 
0.567 -0.01 -0.01 0.0027 0.0028 0.0900 -0.0014 -0.031408 3.076502 
0.568 -0.01 -0.01 0.0027 0.0028 0.0900 -0.0014 -0.031408 3.076504 
0.569 -0.01 -0.01 0.0026 0.0027 0.0900 -0.0014 -0.031408 3.076503 
0.570 -0.01 -0.01 0.0026 0.0027 0.0900 -0.0014 -0.031408 3.076501 
0.571 -0.01 -0.01 0.0026 0.0027 0.0900 -0.0014 -0.031408 3.076500 
0.572 -0.01 -0.01 0.0026 0.0027 0.0900 -0.0014 -0.031408 3.076497 
0.573 -0.01 -0.01 0.0026 0.0027 0.0900 -0.0014 -0.031408 3.076493 
0.574 -0.01 -0.01 0.0026 0.0027 0.0900 -0.0014 -0.031408 3.076492 
0.575 -0.01 -0.01 0.0025 0.0026 0.0900 -0.0014 -0.031408 3.076495 
0.576 -0.01 -0.01 0.0025 0.0026 0.0900 -0.0014 -0.031408 3.076499 
0.577 -0.01 -0.01 0.0025 0.0026 0.0900 -0.0014 -0.031408 3.076503 
0.578 -0.01 -0.01 0.0025 0.0026 0.0900 -0.0014 -0.031408 3.076506 
0.579 -0.01 -0.01 0.0025 0.0026 0.0900 -0.0014 -0.031408 3.076509 
0.580 -0.01 -0.01 0.0025 0.0026 0.0900 -0.0014 -0.031408 3.076510 
0.581 -0.01 -0.01 0.0025 0.0025 0.0900 -0.0014 -0.031408 3.076509 
0.582 -0.01 -0.01 0.0024 0.0025 0.0900 -0.0014 -0.031408 3.076509 
0.583 -0.01 -0.01 0.0024 0.0025 0.0900 -0.0014 -0.031408 3.076508 
0.584 -0.01 -0.01 0.0024 0.0025 0.0900 -0.0014 -0.031408 3.076506 
0.585 -0.01 -0.01 0.0024 0.0025 0.0900 -0.0014 -0.031408 3.076503 
0.586 -0.01 -0.01 0.0024 0.0025 0.0900 -0.0014 -0.031408 3.076503 
0.587 -0.01 -0.01 0.0024 0.0024 0.0900 -0.0014 -0.031408 3.076504 
0.588 -0.01 -0.01 0.0024 0.0024 0.0900 -0.0014 -0.031408 3.076503 
0.589 -0.01 -0.01 0.0023 0.0024 0.0900 -0.0014 -0.031408 3.076500 
0.590 -0.01 -0.01 0.0023 0.0024 0.0900 -0.0014 -0.031408 3.076498 
0.591 -0.01 -0.01 0.0023 0.0024 0.0900 -0.0014 -0.031408 3.076495 
0.592 -0.01 -0.01 0.0023 0.0024 0.0900 -0.0014 -0.031408 3.076492 
0.593 -0.01 -0.01 0.0023 0.0024 0.0900 -0.0014 -0.031408 3.076492 
0.594 -0.01 -0.01 0.0023 0.0023 0.0900 -0.0014 -0.031408 3.076495 
0.595 -0.01 -0.01 0.0023 0.0023 0.0900 -0.0014 -0.031408 3.076497 
0.596 -0.01 -0.01 0.0023 0.0023 0.0900 -0.0014 -0.031408 3.076499 
0.597 -0.01 -0.01 0.0022 0.0023 0.0900 -0.0014 -0.031408 3.076497 
0.598 -0.01 -0.01 0.0022 0.0023 0.0900 -0.0014 -0.031408 3.076495 
0.599 -0.01 -0.01 0.0022 0.0023 0.0900 -0.0014 -0.031408 3.076495 
0.600 -0.01 -0.01 0.0022 0.0023 0.0900 -0.0014 -0.031408 3.076495 
0.601 -0.01 -0.01 0.0022 0.0023 0.0900 -0.0014 -0.031408 3.076496 
0.602 -0.01 -0.01 0.0022 0.0022 0.0900 -0.0014 -0.031408 3.076499 
0.603 -0.01 -0.01 0.0022 0.0022 0.0900 -0.0014 -0.031408 3.076500 
0.604 -0.01 -0.01 0.0022 0.0022 0.0900 -0.0014 -0.031408 3.076498 
0.605 -0.01 -0.01 0.0021 0.0022 0.0900 -0.0014 -0.031408 3.076497 
0.606 -0.01 -0.01 0.0021 0.0022 0.0900 -0.0014 -0.031408 3.076495 
0.607 -0.01 -0.01 0.0021 0.0022 0.0900 -0.0014 -0.031408 3.076489 
0.608 -0.01 -0.01 0.0021 0.0022 0.0900 -0.0014 -0.031408 3.076482 
0.609 -0.01 -0.01 0.0021 0.0022 0.0900 -0.0014 -0.031408 3.076477 
0.610 -0.01 -0.01 0.0021 0.0021 0.0900 -0.0014 -0.031408 3.076475 
0.611 -0.01 -0.01 0.0021 0.0021 0.0900 -0.0014 -0.031408 3.076475 
0.612 -0.01 -0.01 0.0021 0.0021 0.0900 -0.0014 -0.031408 3.076476 
0.613 -0.01 -0.01 0.0021 0.0021 0.0900 -0.0014 -0.031408 3.076477 
0.614 -0.01 -0.01 0.0020 0.0021 0.0900 -0.0014 -0.031408 3.076479 
0.615 -0.01 -0.01 0.0020 0.0021 0.0900 -0.0014 -0.031408 3.076485 
0.616 -0.01 -0.01 0.0020 0.0021 0.0900 -0.0014 -0.031408 3.076491 
0.617 -0.01 -0.01 0.0020 0.0021 0.0900 -0.0014 -0.031408 3.076499 
0.618 -0.01 -0.01 0.0020 0.0021 0.0900 -0.0014 -0.031408 3.076507 
0.619 -0.01 -0.01 0.0020 0.0021 0.0900 -0.0014 -0.031408 3.076512 
0.620 -0.01 -0.01 0.0020 0.0020 0.0900 -0.0014 -0.031408 3.076511 
0.621 -0.01 -0.01 0.0020 0.0020 0.0900 -0.0014 -0.031408 3.076507 
0.622 -0.01 -0.01 0.0020 0.0020 0.0900 -0.0014 -0.031408 3.076501 
0.623 -0.01 -0.01 0.0020 0.0020 0.0900 -0.0014 -0.031408 3.076495 
0.624 -0.01 -0.01 0.0019 0.0020 0.0900 -0.0014 -0.031408 3.076492 
0.625 -0.01 -0.01 0.0019 0.0020 0.0900 -0.0014 -0.031408 3.076491 
0.626 -0.01 -0.01 0.0019 0.0020 0.0900 -0.0014 -0.031408 3.076492 
0.627 -0.01 -0.01 0.0019 0.0020 0.0900 -0.0014 -0.031408 3.076491 
0.628 -0.01 -0.01 0.0019 0.0020 0.0900 -0.0014 -0.031408 3.076487 
0.629 -0.01 -0.01 0.0019 0.0020 0.0900 -0.0014 -0.031408 3.076483 
0.630 -0.01 -0.01 0.0019 0.0019 0.0900 -0.0014 -0.031408 3.076482 
0.631 -0.01 -0.01 0.0019 0.0019 0.0900 -0.0014 -0.031408 3.076484 
0.632 -0.01 -0.01 0.0019 0.0019 0.0900 -0.0014 -0.031408 3.076483 
0.633 -0.01 -0.01 0.0019 0.0019 0.0900 -0.0014 -0.031408 3.076481 
0.634 -0.01 -0.01 0.0019 0.0019 0.0900 -0.0014 -0.031408 3.076478 
0.635 -0.01 -0.01 0.0019 0.0019 0.0900 -0.0014 -0.031408 3.076475 
0.636 -0.01 -0.01 0.0018 0.0019 0.0900 -0.0014 -0.031408 3.076471 
0.637 -0.01 -0.01 0.0018 0.0019 0.0900 -0.0014 -0.031408 3.076471 
0.638 -0.01 -0.01 0.0018 0.0019 0.0900 -0.0014 -0.031408 3.076474 
0.639 -0.01 -0.01 0.0018 0.0019 0.0900 -0.0014 -0.031408 3.076476 
0.640 -0.01 -0.01 0.0018 0.0019 0.0900 -0.0014 -0.031408 3.076479 
0.641 -0.01 -0.01 0.0018 0.0018 0.0900 -0.0014 -0.031408 3.076483 
0.642 -0.01 -0.01 0.0018 0.0018 0.0900 -0.0014 -0.031408 3.076481 
0.643 -0.01 -0.01 0.0018 0.0018 0.0900 -0.0014 -0.031408 3.076475 
0.644 -0.01 -0.01 0.0018 0.0018 0.0900 -0.0014 -0.031408 3.076472 
0.645 -0.01 -0.01 0.0018 0.0018 0.0900 -0.0014 -0.031408 3.076471 
0.646 -0.01 -0.01 0.0018 0.0018 0.0900 -0.0014 -0.031408 3.076472 
0.647 -0.01 -0.01 0.0018 0.0018 0.0900 -0.0014 -0.031408 3.076473 
0.648 -0.01 -0.01 0.0017 0.0018 0.0900 -0.0014 -0.031408 3.076476 
0.649 -0.01 -0.01 0.0017 0.0018 0.0900 -0.0014 -0.031408 3.076480 
0.650 -0.01 -0.01 0.0017 0.0018 0.0900 -0.0014 -0.031408 3.076482 
0.651 -0.01 -0.01 0.0017 0.0018 0.0900 -0.0014 -0.031408 3.076484 
0.652 -0.01 -0.01 0.0017 0.0018 0.0900 -0.0014 -0.031408 3.076489 
0.653 -0.01 -0.01 0.0017 0.0017 0.0900 -0.0014 -0.031408 3.076490 
0.654 -0.01 -0.01 0.0017 0.0017 0.0900 -0.0014 -0.031408 3.076488 
0.655 -0.01 -0.01 0.0017 0.0017 0.0900 -0.0014 -0.031408 3.076490 
0.656 -0.01 -0.01 0.0017 0.0017 0.0900 -0.0014 -0.031408 3.076491 
0.657 -0.01 -0.01 0.0017 0.0017 0.0900 -0.0014 -0.031408 3.076490 
0.658 -0.01 -0.01 0.0017 0.0017 0.0900 -0.0014 -0.031408 3.076490 
0.659 -0.01 -0.01 0.0017 0.0017 0.0900 -0.0014 -0.031408 3.076486 
0.660 -0.01 -0.01 0.0017 0.0017 0.0900 -0.0014 -0.031408 3.076479 
0.661 -0.01 -0.01 0.0017 0.0017 0.0900 -0.0014 -0.031408 3.076472 
0.662 -0.01 -0.01 0.0016 0.0017 0.0900 -0.0014 -0.031408 3.076465 
0.663 -0.01 -0.01 0.0016 0.0017 0.0900 -0.0014 -0.031408 3.076460 
0.664 -0.01 -0.01 0.0016 0.0017 0.0900 -0.0014 -0.031408 3.076459 
0.665 -0.01 -0.01 0.0016 0.0017 0.0900 -0.0014 -0.031408 3.076456 
0.666 -0.01 -0.01 0.0016 0.0017 0.0900 -0.0014 -0.031408 3.076452 
0.667 -0.01 -0.01 0.0016 0.0017 0.0900 -0.0014 -0.031408 3.076453 
0.668 -0.01 -0.01 0.0016 0.0016 0.0900 -0.0014 -0.031408 3.076457 
0.669 -0.01 -0.01 0.0016 0.0016 0.0900 -0.0014 -0.031408 3.076458 
0.670 -0.01 -0.01 0.0016 0.0016 0.0900 -0.0014 -0.031408 3.076455 
0.671 -0.01 -0.01 0.0016 0.0016 0.0900 -0.0014 -0.031408 3.076453 
0.672 -0.01 -0.01 0.0016 0.0016 0.0900 -0.0014 -0.031408 3.076455 
0.673 -0.01 -0.01 0.0016 0.0016 0.0900 -0.0014 -0.031408 3.076461 
0.674 -0.01 -0.01 0.0016 0.0016 0.0900 -0.0014 -0.031408 3.076465 
0.675 -0.01 -0.01 0.0016 0.0016 0.0900 -0.0014 -0.031408 3.076466 
0.676 -0.01 -0.01 0.0016 0.0016 0.0900 -0.0014 -0.031408 3.076466 
0.677 -0.01 -0.01 0.0016 0.0016 0.0900 -0.0014 -0.031408 3.076467 
0.678 -0.01 -0.01 0.0015 0.0016 0.0900 -0.0014 -0.031408 3.076469 
0.679 -0.01 -0.01 0.0015 0.0016 0.0900 -0.0014 -0.031408 3.076468 
0.680 -0.01 -0.01 0.0015 0.0016 0.0900 -0.0014 -0.031408 3.076465 
0.681 -0.01 -0.01 0.0015 0.0016 0.0900 -0.0014 -0.031408 3.076463 
0.682 -0.01 -0.01 0.0015 0.0016 0.0900 -0.0014 -0.031408 3.076462 
0.683 -0.01 -0.01 0.0015 0.0015 0.0900 -0.0014 -0.031408 3.076463 
0.684 -0.01 -0.01 0.0015 0.0015 0.0900 -0.0014 -0.031408 3.076465 
0.685 -0.01 -0.01 0.0015 0.0015 0.0900 -0.0014 -0.031408 3.076466 
0.686 -0.01 -0.01 0.0015 0.0015 0.0900 -0.0014 -0.031408 3.076465 
0.687 -0.01 -0.01 0.0015 0.0015 0.0900 -0.0014 -0.031408 3.076463 
0.688 -0.01 -0.01 0.0015 0.0015 0.0900 -0.0014 -0.031408 3.076461 
0.689 -0.01 -0.01 0.0015 0.0015 0.0900 -0.0014 -0.031408 3.076461 
0.690 -0.01 -0.01 0.0015 0.0015 0.0900 -0.0014 -0.031408 3.076461 
0.691 -0.01 -0.01 0.0015 0.0015 0.0900 -0.0014 -0.031408 3.076459 
0.692 -0.01 -0.01 0.0015 0.0015 0.0900 -0.0014 -0.031408 3.076457 
0.693 -0.01 -0.01 0.0015 0.0015 0.0900 -0.0014 -0.031408 3.076454 
0.694 -0.01 -0.01 0.0015 0.0015 0.0900 -0.0014 -0.031408 3.076452 
0.695 -0.01 -0.01 0.0015 0.0015 0.0900 -0.0014 -0.031408 3.076448 
0.696 -0.01 -0.01 0.0014 0.0015 0.0900 -0.0014 -0.031408 3.076445 
0.697 -0.01 -0.01 0.0014 0.0015 0.0900 -0.0014 -0.031408 3.076442 
0.698 -0.01 -0.01 0.0014 0.0015 0.0900 -0.0014 -0.031408 3.076441 
0.699 -0.01 -0.01 0.0014 0.0015 0.0900 -0.0014 -0.031408 3.076444 
0.700 -0.01 -0.01 0.0014 0.0015 0.0900 -0.0014 -0.031408 3.076447 
0.701 -0.01 -0.01 0.0014 0.0014 0.0900 -0.0014 -0.031408 3.076446 
0.702 -0.01 -0.01 0.0014 0.0014 0.0900 -0.0014 -0.031408 3.076445 
0.703 -0.01 -0.01 0.0014 0.0014 0.0900 -0.0014 -0.031408 3.076447 
0.704 -0.01 -0.01 0.0014 0.0014 0.0900 -0.0014 -0.031408 3.076446 
0.705 -0.01 -0.01 0.0014 0.0014 0.0900 -0.0014 -0.031408 3.076444 
0.706 -0.01 -0.01 0.0014 0.0014 0.0900 -0.0014 -0.031408 3.076443 
0.707 -0.01 -0.01 0.0014 0.0014 0.0900 -0.0014 -0.031408 3.076442 
0.708 -0.01 -0.01 0.0014 0.0014 0.0900 -0.0014 -0.031408 3.076443 
0.709 -0.01 -0.01 0.0014 0.0014 0.0900 -0.0014 -0.031408 3.076446 
0.710 -0.01 -0.01 0.0014 0.0014 0.0900 -0.0014 -0.031408 3.076451 
0.711 -0.01 -0.01 0.0014 0.0014 0.0900 -0.0014 -0.031408 3.076454 
0.712 -0.01 -0.01 0.0014 0.0014 0.0900 -0.0014 -0.031408 3.076455 
0.713 -0.01 -0.01 0.0014 0.0014 0.0900 -0.0014 -0.031408 3.076455 
0.714 -0.01 -0.01 0.0014 0.0014 0.0900 -0.0014 -0.031408 3.076457 
0.715 -0.01 -0.01 0.0014 0.0014 0.0900 -0.0014 -0.031408 3.076461 
0.716 -0.01 -0.01 0.0014 0.0014 0.0900 -0.0014 -0.031408 3.076463 
0.717 -0.01 -0.01 0.0013 0.0014 0.0900 -0.0014 -0.031408 3.076465 
0.718 -0.01 -0.01 0.0013 0.0014 0.0900 -0.0014 -0.031408 3.076467 
0.719 -0.01 -0.01 0.0013 0.0014 0.0900 -0.0014 -0.031408 3.076467 
0.720 -0.01 -0.01 0.0013 0.0014 0.0900 -0.0014 -0.031408 3.076468 
0.721 -0.01 -0.01 0.0013 0.0014 0.0900 -0.0014 -0.031408 3.076470 
0.722 -0.01 -0.01 0.0013 0.0013 0.0900 -0.0014 -0.031408 3.076473 
0.723 -0.01 -0.01 0.0013 0.0013 0.0900 -0.0014 -0.031408 3.076475 
0.724 -0.01 -0.01 0.0013 0.0013 0.0900 -0.0014 -0.031408 3.076473 
0.725 -0.01 -0.01 0.0013 0.0013 0.0900 -0.0014 -0.031408 3.076468 
0.726 -0.01 -0.01 0.0013 0.0013 0.0900 -0.0014 -0.031408 3.076467 
0.727 -0.01 -0.01 0.0013 0.0013 0.0900 -0.0014 -0.031408 3.076468 
0.728 -0.01 -0.01 0.0013 0.0013 0.0900 -0.0014 -0.031408 3.076469 
0.729 -0.01 -0.01 0.0013 0.0013 0.0900 -0.0014 -0.031408 3.076470 
0.730 -0.01 -0.01 0.0013 0.0013 0.0900 -0.0014 -0.031408 3.076471 
0.731 -0.01 -0.01 0.0013 0.0013 0.0900 -0.0014 -0.031408 3.076468 
0.732 -0.01 -0.01 0.0013 0.0013 0.0900 -0.0014 -0.031408 3.076464 
0.733 -0.01 -0.01 0.0013 0.0013 0.0900 -0.0014 -0.031408 3.076459 
0.734 -0.01 -0.01 0.0013 0.0013 0.0900 -0.0014 -0.031408 3.076455 
0.735 -0.01 -0.01 0.0013 0.0013 0.0900 -0.0014 -0.031408 3.076453 
0.736 -0.01 -0.01 0.0013 0.0013 0.0900 -0.0014 -0.031408 3.076452 
0.737 -0.01 -0.01 0.0013 0.0013 0.0900 -0.0014 -0.031408 3.076450 
0.738 -0.01 -0.01 0.0013 0.0013 0.0900 -0.0014 -0.031408 3.076447 
0.739 -0.01 -0.01 0.0013 0.0013 0.0900 -0.0014 -0.031408 3.076443 
0.740 -0.01 -0.01 0.0013 0.0013 0.0900 -0.0014 -0.031408 3.076440 
0.741 -0.01 -0.01 0.0012 0.0013 0.0900 -0.0014 -0.031408 3.076439 
0.742 -0.01 -0.01 0.0012 0.0013 0.0900 -0.0014 -0.031408 3.076440 
0.743 -0.01 -0.01 0.0012 0.0013 0.0900 -0.0014 -0.031408 3.076443 
0.744 -0.01 -0.01 0.0012 0.0013 0.0900 -0.0014 -0.031408 3.076448 
0.745 -0.01 -0.01 0.0012 0.0013 0.0900 -0.0014 -0.031408 3.076452 
0.746 -0.01 -0.01 0.0012 0.0012 0.0900 -0.0014 -0.031408 3.076451 
0.747 -0.01 -0.01 0.0012 0.0012 0.0900 -0.0014 -0.031408 3.076449 
0.748 -0.01 -0.01 0.0012 0.0012 0.0900 -0.0014 -0.031408 3.076448 
0.749 -0.01 -0.01 0.0012 0.0012 0.0900 -0.0014 -0.031408 3.076448 
0.750 -0.01 -0.01 0.0012 0.0012 0.0900 -0.0014 -0.031408 3.076449 
0.751 -0.01 -0.01 0.0012 0.0012 0.0900 -0.0014 -0.031408 3.076452 
0.752 -0.01 -0.01 0.0012 0.0012 0.0900 -0.0014 -0.031408 3.076458 
0.753 -0.01 -0.01 0.0012 0.0012 0.0900 -0.0014 -0.031408 3.076460 
0.754 -0.01 -0.01 0.0012 0.0012 0.0900 -0.0014 -0.031408 3.076460 
0.755 -0.01 -0.01 0.0012 0.0012 0.0900 -0.0014 -0.031408 3.076462 
0.756 -0.01 -0.01 0.0012 0.0012 0.0900 -0.0014 -0.031408 3.076464 
0.757 -0.01 -0.01 0.0012 0.0012 0.0900 -0.0014 -0.031408 3.076464 
0.758 -0.01 -0.01 0.0012 0.0012 0.0900 -0.0014 -0.031408 3.076462 
0.759 -0.01 -0.01 0.0012 0.0012 0.0900 -0.0014 -0.031408 3.076460 
0.760 -0.01 -0.01 0.0012 0.0012 0.0900 -0.0014 -0.031408 3.076461 
0.761 -0.01 -0.01 0.0012 0.0012 0.0900 -0.0014 -0.031408 3.076460 
0.762 -0.01 -0.01 0.0012 0.0012 0.0900 -0.0014 -0.031408 3.076456 
0.763 -0.01 -0.01 0.0012 0.0012 0.0900 -0.0014 -0.031408 3.076452 
0.764 -0.01 -0.01 0.0012 0.0012 0.0900 -0.0014 -0.031408 3.076450 
0.765 -0.01 -0.01 0.0012 0.0012 0.0900 -0.0014 -0.031408 3.076449 
0.766 -0.01 -0.01 0.0012 0.0012 0.0900 -0.0014 -0.031408 3.076449 
0.767 -0.01 -0.01 0.0012 0.0012 0.0900 -0.0014 -0.031408 3.076454 
0.768 -0.01 -0.01 0.0012 0.0012 0.0900 -0.0014 -0.031408 3.076460 
0.769 -0.01 -0.01 0.0011 0.0012 0.0900 -0.0014 -0.031408 3.076463 
0.770 -0.01 -0.01 0.0011 0.0012 0.0900 -0.0014 -0.031408 3.076465 
0.771 -0.01 -0.01 0.0011 0.0012 0.0900 -0.0014 -0.031408 3.076469 
0.772 -0.01 -0.01 0.0011 0.0012 0.0900 -0.0014 -0.031408 3.076471 
0.773 -0.01 -0.01 0.0011 0.0012 0.0900 -0.0014 -0.031408 3.076474 
0.774 -0.01 -0.01 0.0011 0.0011 0.0900 -0.0014 -0.031408 3.076478 
0.775 -0.01 -0.01 0.0011 0.0011 0.0900 -0.0014 -0.031408 3.076479 
0.776 -0.01 -0.01 0.0011 0.0011 0.0900 -0.0014 -0.031408 3.076479 
0.777 -0.01 -0.01 0.0011 0.0011 0.0900 -0.0014 -0.031408 3.076478 
0.778 -0.01 -0.01 0.0011 0.0011 0.0900 -0.0014 -0.031408 3.076477 
0.779 -0.01 -0.01 0.0011 0.0011 0.0900 -0.0014 -0.031408 3.076476 
0.780 -0.01 -0.01 0.0011 0.0011 0.0900 -0.0014 -0.031408 3.076477 
0.781 -0.01 -0.01 0.0011 0.0011 0.0900 -0.0014 -0.031408 3.076479 
0.782 -0.01 -0.01 0.0011 0.0011 0.0900 -0.0014 -0.031408 3.076484 
0.783 -0.01 -0.01 0.0011 0.0011 0.0900 -0.0014 -0.031408 3.076491 
0.784 -0.01 -0.01 0.0011 0.0011 0.0900 -0.0014 -0.031408 3.076492 
0.785 -0.01 -0.01 0.0011 0.0011 0.0900 -0.0014 -0.031408 3.076489 
0.786 -0.01 -0.01 0.0011 0.0011 0.0900 -0.0014 -0.031408 3.076489 
0.787 -0.01 -0.01 0.0011 0.0011 0.0900 -0.0014 -0.031408 3.076490 
0.788 -0.01 -0.01 0.0011 0.0011 0.0900 -0.0014 -0.031408 3.076489 
0.789 -0.01 -0.01 0.0011 0.0011 0.0900 -0.0014 -0.031408 3.076490 
0.790 -0.01 -0.01 0.0011 0.0011 0.0900 -0.0014 -0.031408 3.076495 
0.791 -0.01 -0.01 0.0011 0.0011 0.0900 -0.0014 -0.031408 3.076499 
0.792 -0.01 -0.01 0.0011 0.0011 0.0900 -0.0014 -0.031408 3.076501 
0.793 -0.01 -0.01 0.0011 0.0011 0.0900 -0.0014 -0.031408 3.076500 
0.794 -0.01 -0.01 0.0011 0.0011 0.0900 -0.0014 -0.031408 3.076500 
0.795 -0.01 -0.01 0.0011 0.0011 0.0900 -0.0014 -0.031408 3.076503 
0.796 -0.01 -0.01 0.0011 0.0011 0.0900 -0.0014 -0.031408 3.076505 
0.797 -0.01 -0.01 0.0011 0.0011 0.0900 -0.0014 -0.031408 3.076506 
0.798 -0.01 -0.01 0.0011 0.0011 0.0900 -0.0014 -0.031408 3.076510 
0.799 -0.01 -0.01 0.0011 0.0011 0.0900 -0.0014 -0.031408 3.076513 
0.800 -0.01 -0.01 0.0011 0.0011 0.0900 -0.0014 -0.031408 3.076516 
0.801 -0.01 -0.01 0.0011 0.0011 0.0900 -0.0014 -0.031408 3.076519 
0.802 -0.01 -0.01 0.0011 0.0011 0.0900 -0.0014 -0.031408 3.076518 
0.803 -0.01 -0.01 0.0010 0.0011 0.0900 -0.0014 -0.031408 3.076514 
0.804 -0.01 -0.01 0.0010 0.0011 0.0900 -0.0014 -0.031408 3.076514 
0.805 -0.01 -0.01 0.0010 0.0011 0.0900 -0.0014 -0.031408 3.076519 
0.806 -0.01 -0.01 0.0010 0.0011 0.0900 -0.0014 -0.031408 3.076522 
0.807 -0.01 -0.01 0.0010 0.0011 0.0900 -0.0014 -0.031408 3.076524 
0.808 -0.01 -0.01 0.0010 0.0010 0.0900 -0.0014 -0.031408 3.076527 
0.809 -0.01 -0.01 0.0010 0.0010 0.0900 -0.0014 -0.031408 3.076527 
0.810 -0.01 -0.01 0.0010 0.0010 0.0900 -0.0014 -0.031408 3.076526 
0.811 -0.01 -0.01 0.0010 0.0010 0.0900 -0.0014 -0.031408 3.076526 
0.812 -0.01 -0.01 0.0010 0.0010 0.0900 -0.0014 -0.031408 3.076527 
0.813 -0.01 -0.01 0.0010 0.0010 0.0900 -0.0014 -0.031408 3.076532 
0.814 -0.01 -0.01 0.0010 0.0010 0.0900 -0.0014 -0.031408 3.076539 
0.815 -0.01 -0.01 0.0010 0.0010 0.0900 -0.0014 -0.031408 3.076543 
0.816 -0.01 -0.01 0.0010 0.0010 0.0900 -0.0014 -0.031408 3.076545 
0.817 -0.01 -0.01 0.0010 0.0010 0.0900 -0.0014 -0.031408 3.076547 
0.818 -0.01 -0.01 0.0010 0.0010 0.0900 -0.0014 -0.031408 3.076548 
0.819 -0.01 -0.01 0.0010 0.0010 0.0900 -0.0014 -0.031408 3.076546 
0.820 -0.01 -0.01 0.0010 0.0010 0.0900 -0.0014 -0.031408 3.076543 
0.821 -0.01 -0.01 0.0010 0.0010 0.0900 -0.0014 -0.031408 3.076541 
0.822 -0.00 -0.01 0.0010 0.0010 0.0900 -0.0014 -0.031408 3.076544 
0.823 -0.00 -0.01 0.0010 0.0010 0.0900 -0.0014 -0.031408 3.076547 
0.824 -0.00 -0.01 0.0010 0.0010 0.0900 -0.0014 -0.031408 3.076548 
0.825 -0.00 -0.01 0.0010 0.0010 0.0900 -0.0014 -0.031408 3.076548 
0.826 -0.00 -0.01 0.0010 0.0010 0.0900 -0.0014 -0.031408 3.076547 
0.827 -0.00 -0.00 0.0010 0.0010 0.0900 -0.0014 -0.031408 3.076545 
0.828 -0.00 -0.00 0.0010 0.0010 0.0900 -0.0014 -0.031408 3.076544 
0.829 -0.00 -0.00 0.0010 0.0010 0.0900 -0.0014 -0.031408 3.076546 
0.830 -0.00 -0.00 0.0010 0.0010 0.0900 -0.0014 -0.031408 3.076551 
0.831 -0.00 -0.00 0.0010 0.0010 0.0900 -0.0014 -0.031408 3.076555 
0.832 -0.00 -0.00 0.0010 0.0010 0.0900 -0.0014 -0.031408 3.076557 
0.833 -0.00 -0.00 0.0010 0.0010 0.0900 -0.0014 -0.031408 3.076555 
0.834 -0.00 -0.00 0.0010 0.0010 0.0900 -0.0014 -0.031408 3.076556 
0.835 -0.00 -0.00 0.0010 0.0010 0.0900 -0.0014 -0.031408 3.076559 
0.836 -0.00 -0.00 0.0010 0.0010 0.0900 -0.0014 -0.031408 3.076563 
0.837 -0.00 -0.00 0.0010 0.0010 0.0900 -0.0014 -0.031408 3.076567 
0.838 -0.00 -0.00 0.0010 0.0010 0.0900 -0.0014 -0.031408 3.076567 
0.839 -0.00 -0.00 0.0010 0.0010 0.0900 -0.0014 -0.031408 3.076566 
0.840 -0.00 -0.00 0.0010 0.0010 0.0900 -0.0014 -0.031408 3.076569 
0.841 -0.00 -0.00 0.0010 0.0010 0.0900 -0.0014 -0.031408 3.076572 
0.842 -0.00 -0.00 0.0010 0.0010 0.0900 -0.0014 -0.031408 3.076577 
0.843 -0.00 -0.00 0.0009 0.0010 0.0900 -0.0014 -0.031408 3.076578 
0.844 -0.00 -0.00 0.0009 0.0010 0.0900 -0.0014 -0.031408 3.076577 
0.845 -0.00 -0.00 0.0009 0.0010 0.0900 -0.0014 -0.031408 3.076580 
0.846 -0.00 -0.00 0.0009 0.0010 0.0900 -0.0014 -0.031408 3.076584 
0.847 -0.00 -0.00 0.0009 0.0010 0.0900 -0.0014 -0.031408 3.076587 
0.848 -0.00 -0.00 0.0009 0.0010 0.0900 -0.0014 -0.031408 3.076588 
0.849 -0.00 -0.00 0.0009 0.0009 0.0900 -0.0014 -0.031408 3.076587 
0.850 -0.00 -0.00 0.0009 0.0009 0.0900 -0.0014 -0.031408 3.076586 
0.851 -0.00 -0.00 0.0009 0.0009 0.0900 -0.0014 -0.031408 3.076585 
0.852 -0.00 -0.00 0.0009 0.0009 0.0900 -0.0014 -0.031408 3.076583 
0.853 -0.00 -0.00 0.0009 0.0009 0.0900 -0.0014 -0.031408 3.076583 
0.854 -0.00 -0.00 0.0009 0.0009 0.0900 -0.0014 -0.031408 3.076584 
0.855 -0.00 -0.00 0.0009 0.0009 0.0900 -0.0014 -0.031408 3.076583 
0.856 -0.00 -0.00 0.0009 0.0009 0.0900 -0.0014 -0.031408 3.076581 
0.857 -0.00 -0.00 0.0009 0.0009 0.0900 -0.0014 -0.031408 3.076580 
0.858 -0.00 -0.00 0.0009 0.0009 0.0900 -0.0014 -0.031408 3.076581 
0.859 -0.00 -0.00 0.0009 0.0009 0.0900 -0.0014 -0.031408 3.076583 
0.860 -0.00 -0.00 0.0009 0.0009 0.0900 -0.0014 -0.031408 3.076584 
0.861 -0.00 -0.00 0.0009 0.0009 0.0900 -0.0014 -0.031408 3.076582 
0.862 -0.00 -0.00 0.0009 0.0009 0.0900 -0.0014 -0.031408 3.076580 
0.863 -0.00 -0.00 0.0009 0.0009 0.0900 -0.0014 -0.031408 3.076580 
0.864 -0.00 -0.00 0.0009 0.0009 0.0900 -0.0014 -0.031408 3.076582 
0.865 -0.00 -0.00 0.0009 0.0009 0.0900 -0.0014 -0.031408 3.076583 
0.866 -0.00 -0.00 0.0009 0.0009 0.0900 -0.0014 -0.031408 3.076581 
0.867 -0.00 -0.00 0.0009 0.0009 0.0900 -0.0014 -0.031408 3.076579 
0.868 -0.00 -0.00 0.0009 0.0009 0.0900 -0.0014 -0.031408 3.076577 
0.869 -0.00 -0.00 0.0009 0.0009 0.0900 -0.0014 -0.031408 3.076579 
0.870 -0.00 -0.00 0.0009 0.0009 0.0900 -0.0014 -0.031408 3.076582 
0.871 -0.00 -0.00 0.0009 0.0009 0.0900 -0.0014 -0.031408 3.076585 
0.872 -0.00 -0.00 0.0009 0.0009 0.0900 -0.0014 -0.031408 3.076588 
0.873 -0.00 -0.00 0.0009 0.0009 0.0900 -0.0014 -0.031408 3.076589 
0.874 -0.00 -0.00 0.0009 0.0009 0.0900 -0.0014 -0.031408 3.076587 
0.875 -0.00 -0.00 0.0009 0.0009 0.0900 -0.0014 -0.031408 3.076585 
0.876 -0.00 -0.00 0.0009 0.0009 0.0900 -0.0014 -0.031408 3.076586 
0.877 -0.00 -0.00 0.0009 0.0009 0.0900 -0.0014 -0.031408 3.076589 
0.878 -0.00 -0.00 0.0009 0.0009 0.0900 -0.0014 -0.031408 3.076591 
0.879 -0.00 -0.00 0.0009 0.0009 0.0900 -0.0014 -0.031408 3.076594 
0.880 -0.00 -0.00 0.0009 0.0009 0.0900 -0.0014 -0.031408 3.076595 
0.881 -0.00 -0.00 0.0009 0.0009 0.0900 -0.0014 -0.031408 3.076594 
0.882 -0.00 -0.00 0.0009 0.0009 0.0900 -0.0014 -0.031408 3.076595 
0.883 -0.00 -0.00 0.0009 0.0009 0.0900 -0.0014 -0.031408 3.076596 
0.884 -0.00 -0.00 0.0009 0.0009 0.0900 -0.0014 -0.031408 3.076594 
0.885 -0.00 -0.00 0.0009 0.0009 0.0900 -0.0014 -0.031408 3.076592 
0.886 -0.00 -0.00 0.0009 0.0009 0.0900 -0.0014 -0.031408 3.076593 
0.887 -0.00 -0.00 0.0009 0.0009 0.0900 -0.0014 -0.031408 3.076594 
0.888 -0.00 -0.00 0.0009 0.0009 0.0900 -0.0014 -0.031408 3.076600 
0.889 -0.00 -0.00 0.0009 0.0009 0.0900 -0.0014 -0.031408 3.076607 
0.890 -0.00 -0.00 0.0009 0.0009 0.0900 -0.0014 -0.031408 3.076609 
0.891 -0.00 -0.00 0.0009 0.0009 0.0900 -0.0014 -0.031408 3.076608 
0.892 -0.00 -0.00 0.0009 0.0009 0.0900 -0.0014 -0.031408 3.076607 
0.893 -0.00 -0.00 0.0009 0.0009 0.0900 -0.0014 -0.031408 3.076606 
0.894 -0.00 -0.00 0.0008 0.0009 0.0900 -0.0014 -0.031408 3.076606 
0.895 -0.00 -0.00 0.0008 0.0009 0.0900 -0.0014 -0.031408 3.076607 
0.896 -0.00 -0.00 0.0008 0.0009 0.0900 -0.0014 -0.031408 3.076607 
0.897 -0.00 -0.00 0.0008 0.0009 0.0900 -0.0014 -0.031408 3.076606 
0.898 -0.00 -0.00 0.0008 0.0009 0.0900 -0.0014 -0.031408 3.076606 
0.899 -0.00 -0.00 0.0008 0.0008 0.0900 -0.0014 -0.031408 3.076607 
0.900 -0.00 -0.00 0.0008 0.0008 0.0900 -0.0014 -0.031408 3.076607 
0.901 -0.00 -0.00 0.0008 0.0008 0.0900 -0.0014 -0.031408 3.076607 
0.902 -0.00 -0.00 0.0008 0.0008 0.0900 -0.0014 -0.031408 3.076605 
0.903 -0.00 -0.00 0.0008 0.0008 0.0900 -0.0014 -0.031408 3.076605 
0.904 -0.00 -0.00 0.0008 0.0008 0.0900 -0.0014 -0.031408 3.076607 
0.905 -0.00 -0.00 0.0008 0.0008 0.0900 -0.0014 -0.031408 3.076607 
0.906 -0.00 -0.00 0.0008 0.0008 0.0900 -0.0014 -0.031408 3.076608 
0.907 -0.00 -0.00 0.0008 0.0008 0.0900 -0.0014 -0.031408 3.076613 
0.908 -0.00 -0.00 0.0008 0.0008 0.0900 -0.0014 -0.031408 3.076616 
0.909 -0.00 -0.00 0.0008 0.0008 0.0900 -0.0014 -0.031408 3.076617 
0.910 -0.00 -0.00 0.0008 0.0008 0.0900 -0.0014 -0.031408 3.076617 
0.911 -0.00 -0.00 0.0008 0.0008 0.0900 -0.0014 -0.031408 3.076617 
0.912 -0.00 -0.00 0.0008 0.0008 0.0900 -0.0014 -0.031408 3.076615 
0.913 -0.00 -0.00 0.0008 0.0008 0.0900 -0.0014 -0.031408 3.076615 
0.914 -0.00 -0.00 0.0008 0.0008 0.0900 -0.0014 -0.031408 3.076616 
0.915 -0.00 -0.00 0.0008 0.0008 0.0900 -0.0014 -0.031408 3.076615 
0.916 0.00 -0.00 0.0000 0.0008 0.0900 -0.0014 -0.031408 3.076614 
0.917 0.00 -0.00 0.0000 0.0008 0.0900 -0.0014 -0.031408 3.076616 
0.918 0.00 -0.00 0.0000 0.0008 0.0900 -0.0014 -0.031408 3.076620 
0.919 0.00 -0.00 0.0000 0.0008 0.0900 -0.0014 -0.031408 3.076623 
0.920 0.00 -0.00 0.0000 0.0008 0.0900 -0.0014 -0.031408 3.076625 
0.921 0.00 -0.00 0.0000 0.0008 0.0900 -0.0014 -0.031408 3.076627 
0.922 0.00 0.00 0.0000 0.0000 0.0900 -0.0014 -0.031408 3.076630 
0.923 0.00 0.00 0.0000 0.0000 0.0900 -0.0014 -0.031408 3.076634 
0.924 0.00 0.00 0.0000 0.0000 0.0900 -0.0014 -0.031408 3.076641 
0.925 0.00 0.00 0.0000 0.0000 0.0900 -0.0014 -0.031408 3.076646 
0.926 0.00 0.00 0.0000 0.0000 0.0900 -0.0014 -0.031408 3.076643 
0.927 0.00 0.00 0.0000 0.0000 0.0900 -0.0014 -0.031408 3.076636 
0.928 0.00 0.00 0.0000 0.0000 0.0900 -0.0014 -0.031408 3.076632 
0.929 0.00 0.00 0.0000 0.0000 0.0900 -0.0014 -0.031408 3.076635 
0.930 0.00 0.00 0.0000 0.0000 0.0900 -0.0014 -0.031408 3.076640 
0.931 0.00 0.00 0.0000 0.0000 0.0900 -0.0014 -0.031408 3.076643 
0.932 0.00 0.00 0.0000 0.0000 0.0900 -0.0014 -0.031408 3.076643 
0.933 0.00 0.00 0.0000 0.0000 0.0900 -0.0014 -0.031408 3.076645 
0.934 0.00 0.00 0.0000 0.0000 0.0900 -0.0014 -0.031408 3.076648 
0.935 0.00 0.00 0.0000 0.0000 0.0900 -0.0014 -0.031408 3.076650 
