%% logfile from robot Freja (4)
% Freja (4)
%  1    time 0.000 sec
%  2  3 Motor voltage [V] left, right: 1.20 1.20
%  4  5 Wheel velocity [m/s] left, right: 0.0000 0.0000
%  6  7  8  9 Pose x,y,h,tilt [m,m,rad,rad]: 0 0 0 -3.11947
0.000 1.20 1.20 0.0000 0.0000 0.0000 0.0000 0.000000 -3.119467 
0.001 1.20 1.20 0.0000 0.0000 0.0000 0.0000 0.000000 -3.119554 
0.002 1.20 1.20 0.0000 0.0000 0.0000 0.0000 0.000000 -3.119641 
0.003 1.20 1.20 0.0000 0.0000 0.0000 0.0000 0.000000 -3.119728 
0.004 1.20 1.20 0.0000 0.0000 0.0000 0.0000 0.000000 -3.119814 
0.005 1.20 1.20 0.0000 0.0000 0.0000 0.0000 0.000000 -3.119904 
0.006 1.20 1.20 0.0000 0.0000 0.0000 0.0000 0.000000 -3.119993 
0.007 1.20 1.20 0.0000 0.0000 0.0000 0.0000 0.000000 -3.120081 
0.008 1.20 1.20 0.0000 0.0000 0.0000 0.0000 0.000000 -3.120165 
0.009 1.20 1.20 0.0000 0.0000 0.0000 0.0000 0.000000 -3.120248 
0.010 1.20 1.20 0.0000 0.0000 0.0000 0.0000 0.000000 -3.120332 
0.011 1.20 1.20 0.0000 0.0000 0.0000 0.0000 0.000000 -3.120418 
0.012 1.20 1.20 0.0000 0.0000 0.0000 0.0000 0.000000 -3.120505 
0.013 1.20 1.20 0.0000 0.0000 0.0002 -0.0000 -0.002617 -3.120592 
0.014 1.20 1.20 0.0000 0.0000 0.0002 -0.0000 -0.002617 -3.120680 
0.015 1.20 1.20 0.0000 0.0000 0.0004 -0.0000 0.000000 -3.120768 
0.016 1.20 1.20 0.0000 0.0000 0.0004 -0.0000 0.000000 -3.120854 
0.017 1.20 1.20 0.0000 0.0000 0.0004 -0.0000 0.000000 -3.120940 
0.018 1.20 1.20 0.0000 0.0000 0.0004 -0.0000 0.000000 -3.121028 
0.019 1.20 1.20 0.0594 0.0000 0.0006 -0.0000 -0.002617 -3.121115 
0.020 1.20 1.20 0.0594 0.0000 0.0006 -0.0000 -0.002617 -3.121200 
0.021 1.20 1.20 0.0594 0.0733 0.0008 -0.0000 0.000000 -3.121285 
0.022 1.20 1.20 0.0594 0.0733 0.0008 -0.0000 0.000000 -3.121372 
0.023 1.20 1.20 0.0594 0.0733 0.0008 -0.0000 0.000000 -3.121457 
0.024 1.20 1.20 0.0594 0.0733 0.0008 -0.0000 0.000000 -3.121537 
0.025 1.20 1.20 0.0695 0.0733 0.0010 -0.0000 -0.002617 -3.121620 
0.026 1.20 1.20 0.0695 0.0824 0.0012 -0.0000 0.000000 -3.121710 
0.027 1.20 1.20 0.0695 0.0824 0.0012 -0.0000 0.000000 -3.121798 
0.028 1.20 1.20 0.0695 0.0824 0.0012 -0.0000 0.000000 -3.121877 
0.029 1.20 1.20 0.0695 0.0824 0.0012 -0.0000 0.000000 -3.121957 
0.030 1.20 1.20 0.0890 0.0991 0.0016 -0.0000 0.000000 -3.122046 
0.031 1.20 1.20 0.0890 0.0991 0.0016 -0.0000 0.000000 -3.122141 
0.032 1.20 1.20 0.0890 0.0991 0.0016 -0.0000 0.000000 -3.122240 
0.033 1.20 1.20 0.0890 0.0991 0.0018 -0.0000 0.002617 -3.122331 
0.034 1.20 1.20 0.1021 0.1060 0.0020 -0.0000 0.000000 -3.122412 
0.035 1.20 1.20 0.1021 0.1060 0.0020 -0.0000 0.000000 -3.122490 
0.036 1.20 1.20 0.1021 0.1060 0.0020 -0.0000 0.000000 -3.122573 
0.037 1.20 1.20 0.1170 0.1160 0.0024 -0.0000 0.000000 -3.122652 
0.038 1.20 1.20 0.1170 0.1160 0.0024 -0.0000 0.000000 -3.122732 
0.039 1.20 1.20 0.1170 0.1160 0.0024 -0.0000 0.000000 -3.122821 
0.040 1.20 1.20 0.1309 0.1247 0.0028 -0.0000 0.000000 -3.122908 
0.041 1.20 1.20 0.1309 0.1247 0.0028 -0.0000 0.000000 -3.122990 
0.042 1.20 1.20 0.1309 0.1247 0.0028 -0.0000 0.000000 -3.123067 
0.043 1.20 1.20 0.1420 0.1258 0.0032 -0.0000 0.000000 -3.123148 
0.044 1.20 1.20 0.1420 0.1258 0.0032 -0.0000 0.000000 -3.123230 
0.045 1.20 1.20 0.1420 0.1258 0.0032 -0.0000 0.000000 -3.123315 
0.046 1.20 1.20 0.1452 0.1258 0.0034 -0.0000 -0.002617 -3.123405 
0.047 1.20 1.20 0.1452 0.1231 0.0037 -0.0000 0.000000 -3.123489 
0.048 1.20 1.20 0.1452 0.1231 0.0037 -0.0000 0.000000 -3.123569 
0.049 1.20 1.20 0.1413 0.1231 0.0039 -0.0000 -0.002617 -3.123648 
0.050 1.20 1.20 0.1413 0.1358 0.0041 -0.0000 0.000000 -3.123726 
0.051 1.20 1.20 0.1413 0.1358 0.0041 -0.0000 0.000000 -3.123806 
0.052 1.20 1.20 0.1398 0.1358 0.0043 -0.0000 -0.002617 -3.123890 
0.053 1.20 1.20 0.1398 0.1337 0.0045 -0.0000 0.000000 -3.123975 
0.054 1.20 1.20 0.1398 0.1337 0.0045 -0.0000 0.000000 -3.124062 
0.055 1.20 1.20 0.1394 0.1337 0.0047 -0.0000 -0.002617 -3.124149 
0.056 1.20 1.20 0.1394 0.1345 0.0049 -0.0000 0.000000 -3.124236 
0.057 1.20 1.20 0.1453 0.1345 0.0051 -0.0000 -0.002617 -3.124321 
0.058 1.20 1.20 0.1453 0.1345 0.0051 -0.0000 -0.002617 -3.124407 
0.059 1.20 1.20 0.1453 0.1407 0.0053 -0.0000 0.000000 -3.124492 
0.060 1.20 1.20 0.1444 0.1407 0.0055 -0.0000 -0.002617 -3.124573 
0.061 1.20 1.20 0.1444 0.1476 0.0057 -0.0000 0.000000 -3.124654 
0.062 1.20 1.20 0.1444 0.1476 0.0057 -0.0000 0.000000 -3.124738 
0.063 1.20 1.20 0.1553 0.1476 0.0059 -0.0000 -0.002617 -3.124828 
0.064 1.20 1.20 0.1553 0.1456 0.0061 -0.0000 0.000000 -3.124919 
0.065 1.20 1.20 0.1679 0.1456 0.0063 -0.0000 -0.002617 -3.125006 
0.066 1.20 1.20 0.1679 0.1456 0.0063 -0.0000 -0.002617 -3.125091 
0.067 1.20 1.20 0.1679 0.1445 0.0065 -0.0000 0.000000 -3.125176 
0.068 1.20 1.20 0.1686 0.1445 0.0067 -0.0000 -0.002617 -3.125259 
0.069 1.20 1.20 0.1686 0.1445 0.0067 -0.0000 -0.002617 -3.125338 
0.070 1.20 1.20 0.1611 0.1334 0.0071 -0.0000 -0.002617 -3.125417 
0.071 1.20 1.20 0.1611 0.1334 0.0071 -0.0000 -0.002617 -3.125500 
0.072 1.20 1.20 0.1611 0.1334 0.0071 -0.0000 -0.002617 -3.125580 
0.073 1.20 1.20 0.1542 0.1361 0.0075 -0.0000 -0.002617 -3.125657 
0.074 1.20 1.20 0.1542 0.1361 0.0075 -0.0000 -0.002617 -3.125739 
0.075 1.20 1.20 0.1580 0.1361 0.0077 -0.0000 -0.005235 -3.125823 
0.076 1.20 1.20 0.1580 0.1270 0.0079 -0.0000 -0.002617 -3.125905 
0.077 1.20 1.20 0.1580 0.1270 0.0079 -0.0000 -0.002617 -3.125985 
0.078 1.20 1.20 0.1541 0.1270 0.0081 -0.0000 -0.005235 -3.126060 
0.079 1.20 1.20 0.1541 0.1300 0.0083 -0.0000 -0.002617 -3.126140 
0.080 1.20 1.20 0.1541 0.1300 0.0083 -0.0000 -0.002617 -3.126226 
0.081 1.20 1.20 0.1584 0.1300 0.0085 -0.0000 -0.005235 -3.126317 
0.082 1.20 1.20 0.1584 0.1315 0.0087 -0.0000 -0.002617 -3.126405 
0.083 1.20 1.20 0.1679 0.1315 0.0089 -0.0000 -0.005235 -3.126486 
0.084 1.20 1.20 0.1679 0.1315 0.0089 -0.0000 -0.005235 -3.126561 
0.085 1.20 1.20 0.1759 0.1491 0.0093 -0.0000 -0.005235 -3.126638 
0.086 1.20 1.20 0.1759 0.1491 0.0093 -0.0000 -0.005235 -3.126723 
0.087 1.20 1.20 0.1759 0.1491 0.0093 -0.0000 -0.005235 -3.126804 
0.088 1.20 1.20 0.1732 0.1442 0.0097 -0.0000 -0.005235 -3.126882 
0.089 1.20 1.20 0.1732 0.1442 0.0097 -0.0000 -0.005235 -3.126972 
0.090 1.20 1.20 0.1646 0.1442 0.0099 -0.0000 -0.007852 -3.127062 
0.091 1.20 1.20 0.1646 0.1417 0.0101 -0.0000 -0.005235 -3.127144 
0.092 1.20 1.20 0.1646 0.1417 0.0101 -0.0000 -0.005235 -3.127221 
0.093 1.20 1.20 0.1689 0.1417 0.0103 -0.0000 -0.007852 -3.127295 
0.094 1.20 1.20 0.1689 0.1369 0.0105 -0.0000 -0.005235 -3.127372 
0.095 1.20 1.20 0.1796 0.1369 0.0108 -0.0000 -0.007852 -3.127447 
0.096 1.20 1.20 0.1796 0.1369 0.0108 -0.0000 -0.007852 -3.127526 
0.097 1.20 1.20 0.1757 0.1388 0.0112 -0.0000 -0.007852 -3.127614 
0.098 1.20 1.20 0.1757 0.1388 0.0112 -0.0000 -0.007852 -3.127702 
0.099 1.20 1.20 0.1753 0.1388 0.0114 -0.0000 -0.010469 -3.127785 
0.100 1.20 1.20 0.1753 0.1351 0.0116 -0.0000 -0.007852 -3.127862 
0.101 1.20 1.20 0.1753 0.1351 0.0116 -0.0000 -0.007852 -3.127933 
0.102 1.20 1.20 0.1873 0.1351 0.0118 -0.0000 -0.010469 -3.128005 
0.103 1.20 1.20 0.1873 0.1398 0.0120 -0.0000 -0.007852 -3.128086 
0.104 1.20 1.20 0.1921 0.1398 0.0122 -0.0000 -0.010469 -3.128175 
0.105 1.20 1.20 0.1921 0.1398 0.0122 -0.0000 -0.010469 -3.128263 
0.106 1.20 1.20 0.2011 0.1387 0.0126 -0.0000 -0.010469 -3.128346 
0.107 1.20 1.20 0.2011 0.1387 0.0126 -0.0000 -0.010469 -3.128424 
0.108 1.20 1.20 0.2091 0.1474 0.0130 -0.0000 -0.010469 -3.128500 
0.109 1.20 1.20 0.2091 0.1474 0.0130 -0.0000 -0.010469 -3.128575 
0.110 1.20 1.20 0.1927 0.1474 0.0132 -0.0000 -0.013086 -3.128654 
0.111 1.20 1.20 0.1927 0.1449 0.0134 -0.0000 -0.010469 -3.128732 
0.112 1.20 1.20 0.2049 0.1449 0.0136 -0.0001 -0.013086 -3.128812 
0.113 1.20 1.20 0.2049 0.1449 0.0136 -0.0001 -0.013086 -3.128893 
0.114 1.20 1.20 0.1941 0.1445 0.0140 -0.0001 -0.013086 -3.128972 
0.115 1.20 1.20 0.1941 0.1445 0.0140 -0.0001 -0.013086 -3.129049 
0.116 1.20 1.20 0.1991 0.1445 0.0142 -0.0001 -0.015704 -3.129126 
0.117 1.20 1.20 0.1991 0.1390 0.0144 -0.0001 -0.013086 -3.129204 
0.118 1.20 1.20 0.1999 0.1390 0.0146 -0.0001 -0.015704 -3.129286 
0.119 1.20 1.20 0.1999 0.1390 0.0146 -0.0001 -0.015704 -3.129369 
0.120 1.20 1.20 0.1876 0.1487 0.0150 -0.0001 -0.015704 -3.129453 
0.121 1.20 1.20 0.1876 0.1487 0.0150 -0.0001 -0.015704 -3.129534 
0.122 1.20 1.20 0.2067 0.1392 0.0154 -0.0001 -0.015704 -3.129612 
0.123 1.20 1.20 0.2067 0.1391 0.0154 -0.0001 -0.015704 -3.129688 
0.124 1.20 1.20 0.2162 0.1391 0.0156 -0.0001 -0.018321 -3.129763 
0.125 1.20 1.20 0.2162 0.1435 0.0158 -0.0001 -0.015704 -3.129839 
0.126 1.20 1.20 0.1980 0.1435 0.0160 -0.0001 -0.018321 -3.129918 
0.127 1.20 1.20 0.1980 0.1435 0.0160 -0.0001 -0.018321 -3.129997 
0.128 1.20 1.20 0.1880 0.1439 0.0164 -0.0001 -0.018321 -3.130079 
0.129 1.20 1.20 0.1880 0.1439 0.0164 -0.0001 -0.018321 -3.130157 
0.130 1.20 1.20 0.1954 0.1439 0.0166 -0.0001 -0.020938 -3.130225 
0.131 1.20 1.20 0.1954 0.1519 0.0168 -0.0001 -0.018321 -3.130293 
0.132 1.20 1.20 0.2087 0.1519 0.0170 -0.0001 -0.020938 -3.130366 
0.133 1.20 1.20 0.2087 0.1524 0.0172 -0.0001 -0.018321 -3.130446 
0.134 1.20 1.20 0.2003 0.1524 0.0174 -0.0001 -0.020938 -3.130527 
0.135 1.20 1.20 0.2003 0.1524 0.0174 -0.0001 -0.020938 -3.130603 
0.136 1.20 1.20 0.2075 0.1631 0.0178 -0.0001 -0.020938 -3.130676 
0.137 1.20 1.20 0.2075 0.1631 0.0178 -0.0001 -0.020938 -3.130748 
0.138 1.20 1.20 0.2129 0.1600 0.0181 -0.0001 -0.023556 -3.130816 
0.139 1.20 1.20 0.2129 0.1404 0.0183 -0.0001 -0.020938 -3.130887 
0.140 1.20 1.20 0.2060 0.1404 0.0185 -0.0001 -0.023556 -3.130964 
0.141 1.20 1.20 0.2060 0.1404 0.0185 -0.0001 -0.023556 -3.131045 
0.142 1.20 1.20 0.2067 0.1296 0.0189 -0.0001 -0.023556 -3.131126 
0.143 1.20 1.20 0.2067 0.1296 0.0189 -0.0001 -0.023556 -3.131205 
0.144 1.20 1.20 0.2146 0.1296 0.0191 -0.0002 -0.026173 -3.131281 
0.145 1.20 1.20 0.2146 0.1263 0.0193 -0.0002 -0.023556 -3.131350 
0.146 1.20 1.20 0.2055 0.1263 0.0195 -0.0002 -0.026173 -3.131419 
0.147 1.20 1.20 0.2055 0.1263 0.0195 -0.0002 -0.026173 -3.131499 
0.148 1.20 1.20 0.2065 0.1349 0.0199 -0.0002 -0.026173 -3.131577 
0.149 1.20 1.20 0.2065 0.1349 0.0199 -0.0002 -0.026173 -3.131651 
0.150 1.20 1.20 0.2126 0.1349 0.0201 -0.0002 -0.028790 -3.131727 
0.151 2.00 2.00 0.2126 0.1253 0.0205 -0.0002 -0.028790 -3.131795 
0.152 2.00 2.00 0.2206 0.1253 0.0205 -0.0002 -0.028790 -3.131859 
0.153 2.00 2.00 0.2216 0.1253 0.0207 -0.0002 -0.031408 -3.131929 
0.154 2.00 2.00 0.2216 0.1253 0.0207 -0.0002 -0.031408 -3.132008 
0.155 2.00 2.00 0.2239 0.1308 0.0211 -0.0002 -0.031408 -3.132092 
0.156 2.00 2.00 0.2239 0.1308 0.0211 -0.0002 -0.031408 -3.132171 
0.157 2.00 2.00 0.2322 0.1576 0.0215 -0.0002 -0.031408 -3.132245 
0.158 2.00 2.00 0.2322 0.1576 0.0215 -0.0002 -0.031408 -3.132313 
0.159 2.00 2.00 0.2406 0.1744 0.0219 -0.0002 -0.031408 -3.132380 
0.160 2.00 2.00 0.2511 0.1744 0.0221 -0.0002 -0.034025 -3.132451 
0.161 2.00 2.00 0.2511 0.1744 0.0221 -0.0002 -0.034025 -3.132520 
0.162 2.00 2.00 0.2527 0.1813 0.0225 -0.0003 -0.034025 -3.132586 
0.163 2.00 2.00 0.2725 0.1813 0.0227 -0.0003 -0.036642 -3.132665 
0.164 2.00 2.00 0.2725 0.2122 0.0229 -0.0003 -0.034025 -3.132746 
0.165 2.00 2.00 0.2930 0.2122 0.0233 -0.0003 -0.034025 -3.132823 
0.166 2.00 2.00 0.2946 0.2120 0.0235 -0.0003 -0.036642 -3.132896 
0.167 2.00 2.00 0.2922 0.2398 0.0239 -0.0003 -0.036642 -3.132957 
0.168 2.00 2.00 0.2922 0.2398 0.0239 -0.0003 -0.036642 -3.133012 
0.169 2.00 2.00 0.2961 0.2332 0.0243 -0.0003 -0.036642 -3.133073 
0.170 2.00 2.00 0.3124 0.2332 0.0245 -0.0003 -0.039259 -3.133155 
0.171 2.00 2.00 0.3080 0.2355 0.0249 -0.0003 -0.039259 -3.133244 
0.172 2.00 2.00 0.3080 0.2482 0.0251 -0.0004 -0.036642 -3.133320 
0.173 2.00 2.00 0.3121 0.2482 0.0254 -0.0004 -0.039259 -3.133397 
0.174 2.00 2.00 0.3218 0.2536 0.0258 -0.0004 -0.039259 -3.133475 
0.175 2.00 2.00 0.3332 0.2564 0.0262 -0.0004 -0.039259 -3.133548 
0.176 2.00 2.00 0.3367 0.2564 0.0264 -0.0004 -0.041877 -3.133630 
0.177 2.00 2.00 0.3367 0.2811 0.0266 -0.0004 -0.039259 -3.133723 
0.178 2.00 2.00 0.3247 0.2739 0.0270 -0.0004 -0.039259 -3.133812 
0.179 2.00 2.00 0.3411 0.2739 0.0272 -0.0004 -0.041877 -3.133894 
0.180 2.00 2.00 0.3642 0.2738 0.0276 -0.0004 -0.041877 -3.133970 
0.181 2.00 2.00 0.3507 0.2862 0.0280 -0.0005 -0.041877 -3.134029 
0.182 2.00 2.00 0.3415 0.2862 0.0282 -0.0005 -0.044494 -3.134082 
0.183 2.00 2.00 0.3569 0.3020 0.0286 -0.0005 -0.044494 -3.134143 
0.184 2.00 2.00 0.3569 0.3031 0.0288 -0.0005 -0.041877 -3.134210 
0.185 2.00 2.00 0.3578 0.3078 0.0292 -0.0005 -0.041877 -3.134286 
0.186 2.00 2.00 0.3696 0.3078 0.0294 -0.0005 -0.044494 -3.134366 
0.187 2.00 2.00 0.3894 0.2992 0.0298 -0.0005 -0.044494 -3.134443 
0.188 2.00 2.00 0.3690 0.3188 0.0302 -0.0006 -0.044494 -3.134514 
0.189 2.00 2.00 0.3981 0.3049 0.0306 -0.0006 -0.044494 -3.134578 
0.190 2.00 2.00 0.3756 0.3049 0.0308 -0.0006 -0.047111 -3.134637 
0.191 2.00 2.00 0.3824 0.3101 0.0312 -0.0006 -0.047111 -3.134702 
0.192 2.00 2.00 0.3801 0.3111 0.0316 -0.0006 -0.047111 -3.134778 
0.193 2.00 2.00 0.3535 0.3411 0.0320 -0.0006 -0.047111 -3.134859 
0.194 2.00 2.00 0.3901 0.3266 0.0324 -0.0007 -0.047111 -3.134938 
0.195 2.00 2.00 0.4160 0.3266 0.0326 -0.0007 -0.049729 -3.135014 
0.196 2.00 2.00 0.3895 0.3236 0.0331 -0.0007 -0.049729 -3.135087 
0.197 2.00 2.00 0.3768 0.3275 0.0335 -0.0007 -0.049729 -3.135156 
0.198 2.00 2.00 0.3936 0.3421 0.0339 -0.0007 -0.049729 -3.135218 
0.199 2.00 2.00 0.4173 0.3350 0.0343 -0.0008 -0.049729 -3.135280 
0.200 2.00 2.00 0.3962 0.3404 0.0347 -0.0008 -0.049729 -3.135348 
0.201 2.00 2.00 0.4023 0.3404 0.0349 -0.0008 -0.052346 -3.135420 
0.202 2.00 2.00 0.4058 0.3362 0.0353 -0.0008 -0.052346 -3.135493 
0.203 2.00 2.00 0.3955 0.3540 0.0357 -0.0008 -0.052346 -3.135565 
0.204 2.00 2.00 0.4045 0.3382 0.0361 -0.0009 -0.052346 -3.135637 
0.205 2.00 2.00 0.4273 0.3415 0.0365 -0.0009 -0.052346 -3.135709 
0.206 2.00 2.00 0.4099 0.3346 0.0369 -0.0009 -0.052346 -3.135776 
0.207 2.00 2.00 0.4074 0.3643 0.0373 -0.0009 -0.052346 -3.135844 
0.208 2.00 2.00 0.4132 0.3643 0.0375 -0.0009 -0.054963 -3.135919 
0.209 2.00 2.00 0.4207 0.3403 0.0379 -0.0009 -0.054963 -3.136000 
0.210 2.00 2.00 0.4151 0.3470 0.0383 -0.0010 -0.054963 -3.136083 
0.211 2.00 2.00 0.4111 0.3423 0.0387 -0.0010 -0.054963 -3.136159 
0.212 2.00 2.00 0.4124 0.3543 0.0391 -0.0010 -0.054963 -3.136223 
0.213 2.00 2.00 0.4090 0.3547 0.0395 -0.0010 -0.054963 -3.136287 
0.214 2.00 2.00 0.4155 0.3881 0.0399 -0.0011 -0.054963 -3.136358 
0.215 2.00 2.00 0.4026 0.3502 0.0403 -0.0011 -0.054963 -3.136433 
0.216 2.00 2.00 0.4183 0.3502 0.0405 -0.0011 -0.057580 -3.136501 
0.217 2.00 2.00 0.4361 0.3429 0.0410 -0.0011 -0.057580 -3.136559 
0.218 2.00 2.00 0.4277 0.3516 0.0414 -0.0011 -0.057580 -3.136619 
0.219 2.00 2.00 0.4222 0.3739 0.0418 -0.0012 -0.057580 -3.136686 
0.220 2.00 2.00 0.4242 0.3481 0.0422 -0.0012 -0.057580 -3.136757 
0.221 2.00 2.00 0.4425 0.3425 0.0426 -0.0012 -0.057580 -3.136831 
0.222 2.00 2.00 0.4268 0.3574 0.0430 -0.0012 -0.057580 -3.136908 
0.223 2.00 2.00 0.4240 0.3574 0.0434 -0.0013 -0.057580 -3.136986 
0.224 2.00 2.00 0.4301 0.3661 0.0436 -0.0013 -0.060198 -3.137057 
0.225 2.00 2.00 0.4381 0.3562 0.0440 -0.0013 -0.060198 -3.137124 
0.226 2.00 2.00 0.4378 0.3897 0.0444 -0.0013 -0.060198 -3.137192 
0.227 2.00 2.00 0.4344 0.3646 0.0450 -0.0014 -0.062815 -3.137260 
0.228 2.00 2.00 0.4594 0.3865 0.0454 -0.0014 -0.062815 -3.137329 
0.229 2.00 2.00 0.4376 0.3662 0.0458 -0.0014 -0.062815 -3.137402 
0.230 2.00 2.00 0.4226 0.3735 0.0462 -0.0014 -0.062815 -3.137477 
0.231 2.00 2.00 0.4369 0.3780 0.0466 -0.0015 -0.062815 -3.137547 
0.232 2.00 2.00 0.4378 0.3750 0.0470 -0.0015 -0.062815 -3.137616 
0.233 2.00 2.00 0.4474 0.3719 0.0474 -0.0015 -0.062815 -3.137686 
0.234 2.00 2.00 0.4694 0.3989 0.0478 -0.0015 -0.062815 -3.137760 
0.235 2.00 2.00 0.4429 0.3788 0.0482 -0.0016 -0.062815 -3.137829 
0.236 2.00 2.00 0.4763 0.3690 0.0486 -0.0016 -0.062815 -3.137892 
0.237 2.00 2.00 0.4510 0.3690 0.0490 -0.0016 -0.068050 -3.137958 
0.238 2.00 2.00 0.4451 0.3795 0.0495 -0.0016 -0.068050 -3.138026 
0.239 2.00 2.00 0.4127 0.3936 0.0499 -0.0017 -0.068050 -3.138099 
0.240 2.00 2.00 0.4529 0.3899 0.0503 -0.0017 -0.068050 -3.138173 
0.241 2.00 2.00 0.4805 0.3935 0.0507 -0.0017 -0.068050 -3.138244 
0.242 2.00 2.00 0.4488 0.3833 0.0511 -0.0017 -0.068050 -3.138317 
0.243 2.00 2.00 0.4335 0.4073 0.0515 -0.0018 -0.068050 -3.138386 
0.244 2.00 2.00 0.4498 0.3849 0.0519 -0.0018 -0.068050 -3.138452 
0.245 2.00 2.00 0.4754 0.3876 0.0523 -0.0018 -0.068050 -3.138521 
0.246 2.00 2.00 0.4541 0.3845 0.0529 -0.0019 -0.070667 -3.138595 
0.247 2.00 2.00 0.4558 0.4168 0.0533 -0.0019 -0.070667 -3.138674 
0.248 2.00 2.00 0.4427 0.3949 0.0537 -0.0019 -0.070667 -3.138752 
0.249 2.00 2.00 0.4525 0.3881 0.0541 -0.0020 -0.070667 -3.138829 
0.250 2.00 2.00 0.4776 0.3915 0.0545 -0.0020 -0.070667 -3.138901 
0.251 2.00 2.00 0.4553 0.4062 0.0549 -0.0020 -0.070667 -3.138967 
0.252 2.00 2.00 0.4505 0.3951 0.0553 -0.0020 -0.070667 -3.139030 
0.253 2.00 2.00 0.4561 0.3984 0.0557 -0.0021 -0.070667 -3.139093 
0.254 2.00 2.00 0.4645 0.3915 0.0563 -0.0021 -0.073284 -3.139155 
0.255 2.00 2.00 0.4565 0.4124 0.0567 -0.0021 -0.073284 -3.139219 
0.256 2.00 2.00 0.4570 0.3969 0.0571 -0.0022 -0.073284 -3.139284 
0.257 2.00 2.00 0.4507 0.3991 0.0575 -0.0022 -0.073284 -3.139347 
0.258 2.00 2.00 0.4610 0.3896 0.0580 -0.0022 -0.073284 -3.139413 
0.259 2.00 2.00 0.4435 0.4243 0.0584 -0.0023 -0.073284 -3.139481 
0.260 2.00 2.00 0.4592 0.3942 0.0588 -0.0023 -0.073284 -3.139547 
0.261 2.00 2.00 0.4758 0.3988 0.0592 -0.0023 -0.073284 -3.139616 
0.262 2.00 2.00 0.4600 0.3919 0.0598 -0.0024 -0.075902 -3.139691 
0.263 2.00 2.00 0.4611 0.4036 0.0602 -0.0024 -0.075902 -3.139761 
0.264 2.00 2.00 0.4794 0.4018 0.0606 -0.0024 -0.075902 -3.139827 
0.265 2.00 2.00 0.4622 0.4381 0.0610 -0.0025 -0.075902 -3.139890 
0.266 2.00 2.00 0.4554 0.3951 0.0614 -0.0025 -0.075902 -3.139954 
0.267 2.00 2.00 0.4618 0.3871 0.0618 -0.0025 -0.075902 -3.140022 
0.268 2.00 2.00 0.4699 0.3938 0.0622 -0.0026 -0.075902 -3.140094 
0.269 2.00 2.00 0.4446 0.4180 0.0628 -0.0026 -0.078519 -3.140166 
0.270 2.00 2.00 0.4633 0.3870 0.0632 -0.0026 -0.078519 -3.140238 
0.271 2.00 2.00 0.4897 0.3806 0.0636 -0.0027 -0.078519 -3.140307 
0.272 2.00 2.00 0.4645 0.3947 0.0640 -0.0027 -0.078519 -3.140369 
0.273 2.00 2.00 0.4494 0.4040 0.0644 -0.0027 -0.078519 -3.140428 
0.274 2.00 2.00 0.4649 0.3909 0.0648 -0.0028 -0.078519 -3.140491 
0.275 2.00 2.00 0.4620 0.4267 0.0652 -0.0028 -0.078519 -3.140558 
0.276 2.00 2.00 0.4958 0.3963 0.0658 -0.0028 -0.081136 -3.140627 
0.277 2.00 2.00 0.4671 0.4190 0.0662 -0.0029 -0.081136 -3.140698 
0.278 2.00 2.00 0.5020 0.3934 0.0666 -0.0029 -0.081136 -3.140769 
0.279 2.00 2.00 0.4691 0.4011 0.0671 -0.0029 -0.081136 -3.140836 
0.280 2.00 2.00 0.4732 0.4035 0.0675 -0.0030 -0.081136 -3.140900 
0.281 2.00 2.00 0.4616 0.4025 0.0679 -0.0030 -0.081136 -3.140964 
0.282 2.00 2.00 0.4708 0.4015 0.0685 -0.0031 -0.083753 -3.141035 
0.283 2.00 2.00 0.4987 0.4303 0.0689 -0.0031 -0.083753 -3.141108 
0.284 2.00 2.00 0.4673 0.4080 0.0693 -0.0031 -0.083753 -3.141177 
0.285 2.00 2.00 0.4499 0.3972 0.0697 -0.0032 -0.083753 -3.141240 
0.286 2.00 2.00 0.4676 0.4065 0.0701 -0.0032 -0.083753 -3.141299 
0.287 2.00 2.00 0.4932 0.4211 0.0705 -0.0032 -0.083753 -3.141357 
0.288 2.00 2.00 0.4705 0.4155 0.0711 -0.0033 -0.086371 -3.141417 
0.289 2.00 2.00 0.4724 0.4183 0.0715 -0.0033 -0.086371 -3.141478 
0.290 2.00 2.00 0.4587 0.4071 0.0719 -0.0033 -0.086371 -3.141540 
0.291 2.00 2.00 0.4670 0.4323 0.0723 -0.0034 -0.086371 3.141586 
0.292 2.00 2.00 0.4947 0.4075 0.0727 -0.0034 -0.086371 3.135246 
0.293 2.00 2.00 0.4712 0.4082 0.0731 -0.0035 -0.086371 3.135188 
0.294 2.00 2.00 0.4703 0.4041 0.0737 -0.0035 -0.088988 3.135124 
0.295 2.00 2.00 0.4815 0.4371 0.0741 -0.0035 -0.088988 3.135061 
0.296 2.00 2.00 0.4770 0.4122 0.0745 -0.0036 -0.088988 3.135001 
0.297 2.00 2.00 0.4704 0.4050 0.0749 -0.0036 -0.088988 3.134944 
0.298 2.00 2.00 0.4712 0.4095 0.0753 -0.0037 -0.088988 3.134889 
0.299 2.00 2.00 0.4653 0.4251 0.0757 -0.0037 -0.088988 3.134836 
0.300 2.00 2.00 0.4548 0.4127 0.0763 -0.0037 -0.091605 3.134781 
0.301 2.00 2.00 0.4713 0.4148 0.0768 -0.0038 -0.091605 3.134720 
0.302 2.00 2.00 0.4876 0.4042 0.0772 -0.0038 -0.091605 3.134660 
0.303 2.00 2.00 0.4779 0.4241 0.0776 -0.0039 -0.091605 3.134604 
0.304 2.00 2.00 0.4710 0.4070 0.0780 -0.0039 -0.091605 3.134546 
0.305 2.00 2.00 0.4725 0.4114 0.0784 -0.0039 -0.091605 3.134489 
0.306 2.00 2.00 0.4733 0.4031 0.0790 -0.0040 -0.094223 3.134438 
0.307 2.00 2.00 0.4670 0.4377 0.0794 -0.0040 -0.094223 3.134382 
0.308 2.00 2.00 0.4733 0.4070 0.0798 -0.0041 -0.094223 3.134315 
0.309 2.00 2.00 0.4820 0.4116 0.0802 -0.0041 -0.094223 3.134248 
0.310 2.00 2.00 0.4781 0.4041 0.0806 -0.0041 -0.094223 3.134183 
0.311 2.00 2.00 0.4541 0.4158 0.0810 -0.0042 -0.094223 3.134123 
0.312 2.00 2.00 0.5015 0.4136 0.0816 -0.0042 -0.096840 3.134064 
0.313 2.00 2.00 0.4752 0.4509 0.0820 -0.0043 -0.096840 3.134007 
0.314 2.00 2.00 0.4570 0.4072 0.0824 -0.0043 -0.096840 3.133956 
0.315 2.00 2.00 0.4741 0.4003 0.0828 -0.0044 -0.096840 3.133908 
0.316 2.00 2.00 0.4711 0.4092 0.0832 -0.0044 -0.096840 3.133855 
0.317 2.00 2.00 0.4805 0.4340 0.0836 -0.0044 -0.096840 3.133800 
0.318 2.00 2.00 0.4751 0.4032 0.0842 -0.0045 -0.099457 3.133743 
0.319 2.00 2.00 0.5108 0.3947 0.0846 -0.0045 -0.099457 3.133683 
0.320 2.00 2.00 0.4769 0.4111 0.0850 -0.0046 -0.099457 3.133629 
0.321 2.00 2.00 0.4802 0.4198 0.0854 -0.0046 -0.099457 3.133579 
0.322 2.00 2.00 0.4748 0.4448 0.0860 -0.0047 -0.096840 3.133530 
0.323 2.00 2.00 0.4814 0.4129 0.0866 -0.0047 -0.099457 3.133485 
0.324 2.00 2.00 0.5100 0.4374 0.0871 -0.0048 -0.099457 3.133437 
0.325 2.00 2.00 0.4769 0.4097 0.0875 -0.0048 -0.099457 3.133381 
0.326 2.00 2.00 0.4602 0.4202 0.0879 -0.0048 -0.099457 3.133323 
0.327 2.00 2.00 0.4770 0.4212 0.0883 -0.0049 -0.099457 3.133260 
0.328 2.00 2.00 0.4944 0.4200 0.0887 -0.0049 -0.099457 3.133200 
0.329 2.00 2.00 0.4807 0.4187 0.0893 -0.0050 -0.102075 3.133146 
0.330 2.00 2.00 0.4807 0.4482 0.0897 -0.0050 -0.102075 3.133089 
0.331 2.00 2.00 0.4652 0.4241 0.0901 -0.0051 -0.102075 3.133028 
0.332 2.00 2.00 0.4740 0.4130 0.0905 -0.0051 -0.102075 3.132972 
0.333 2.00 2.00 0.4999 0.4216 0.0909 -0.0052 -0.102075 3.132921 
0.334 2.00 2.00 0.4701 0.4361 0.0915 -0.0052 -0.104692 3.132867 
0.335 2.00 2.00 0.4771 0.4318 0.0919 -0.0053 -0.104692 3.132805 
0.336 2.00 2.00 0.4866 0.4343 0.0923 -0.0053 -0.104692 3.132745 
0.337 2.00 2.00 0.4831 0.4234 0.0927 -0.0053 -0.104692 3.132681 
0.338 2.00 2.00 0.4755 0.4479 0.0931 -0.0054 -0.104692 3.132618 
0.339 2.00 2.00 0.4769 0.4176 0.0935 -0.0054 -0.104692 3.132558 
0.340 2.00 2.00 0.4781 0.4172 0.0941 -0.0055 -0.107309 3.132498 
0.341 2.00 2.00 0.4613 0.4123 0.0945 -0.0055 -0.107309 3.132440 
0.342 2.00 2.00 0.4774 0.4366 0.0949 -0.0056 -0.107309 3.132381 
0.343 2.00 2.00 0.4944 0.4183 0.0955 -0.0056 -0.104692 3.132324 
0.344 2.00 2.00 0.4841 0.4173 0.0959 -0.0057 -0.104692 3.132273 
0.345 2.00 2.00 0.4780 0.4331 0.0965 -0.0058 -0.107309 3.132213 
0.346 2.00 2.00 0.4972 0.4216 0.0969 -0.0058 -0.107309 3.132152 
0.347 2.00 2.00 0.4784 0.4249 0.0973 -0.0058 -0.107309 3.132095 
0.348 2.00 2.00 0.4725 0.4180 0.0977 -0.0059 -0.107309 3.132042 
0.349 2.00 2.00 0.4783 0.4411 0.0981 -0.0059 -0.107309 3.131997 
0.350 2.00 2.00 0.4868 0.4237 0.0985 -0.0060 -0.107309 3.131951 
0.351 2.00 2.00 0.4602 0.4270 0.0992 -0.0060 -0.109926 3.131903 
0.352 2.00 2.00 0.4789 0.4190 0.0996 -0.0061 -0.109926 3.131848 
0.353 2.00 2.00 0.5062 0.4549 0.1000 -0.0061 -0.109926 3.131789 
0.354 2.00 2.00 0.4812 0.4230 0.1004 -0.0062 -0.109926 3.131737 
0.355 2.00 2.00 0.4625 0.4271 0.1008 -0.0062 -0.109926 3.131690 
0.356 2.00 2.00 0.4756 0.4193 0.1014 -0.0063 -0.112544 3.131642 
0.357 2.00 2.00 0.4858 0.4298 0.1018 -0.0063 -0.112544 3.131584 
0.358 2.00 2.00 0.5063 0.4275 0.1022 -0.0064 -0.112544 3.131522 
0.359 2.00 2.00 0.4817 0.4641 0.1026 -0.0064 -0.112544 3.131461 
0.360 2.00 2.00 0.5170 0.4223 0.1030 -0.0065 -0.112544 3.131404 
0.361 2.00 2.00 0.4860 0.4136 0.1036 -0.0065 -0.115161 3.131351 
0.362 2.00 2.00 0.4796 0.4480 0.1042 -0.0066 -0.112544 3.131299 
0.363 2.00 2.00 0.4431 0.4152 0.1046 -0.0066 -0.112544 3.131248 
0.364 2.00 2.00 0.4877 0.4076 0.1050 -0.0067 -0.112544 3.131194 
0.365 2.00 2.00 0.5130 0.4223 0.1054 -0.0067 -0.112544 3.131135 
0.366 2.00 2.00 0.4791 0.4312 0.1058 -0.0068 -0.112544 3.131073 
0.367 2.00 2.00 0.4805 0.4184 0.1064 -0.0069 -0.115161 3.131015 
0.368 2.00 2.00 0.5057 0.4567 0.1068 -0.0069 -0.115161 3.130962 
0.369 2.00 2.00 0.4789 0.4229 0.1072 -0.0069 -0.115161 3.130907 
0.370 2.00 2.00 0.4835 0.4465 0.1076 -0.0070 -0.115161 3.130850 
0.371 2.00 2.00 0.4837 0.4184 0.1080 -0.0070 -0.115161 3.130791 
0.372 2.00 2.00 0.4804 0.4270 0.1086 -0.0071 -0.117778 3.130733 
0.373 2.00 2.00 0.5053 0.4280 0.1090 -0.0072 -0.117778 3.130676 
0.374 2.00 2.00 0.4824 0.4268 0.1094 -0.0072 -0.117778 3.130621 
0.375 2.00 2.00 0.4762 0.4258 0.1098 -0.0073 -0.117778 3.130570 
0.376 2.00 2.00 0.4815 0.4558 0.1102 -0.0073 -0.117778 3.130520 
0.377 2.00 2.00 0.4878 0.4313 0.1108 -0.0074 -0.120396 3.130462 
0.378 2.00 2.00 0.4806 0.4184 0.1112 -0.0074 -0.120396 3.130401 
0.379 2.00 2.00 0.4825 0.4442 0.1118 -0.0075 -0.117778 3.130344 
0.380 2.00 2.00 0.4747 0.4376 0.1123 -0.0075 -0.117778 3.130289 
0.381 2.00 2.00 0.4788 0.4407 0.1127 -0.0076 -0.117778 3.130234 
0.382 2.00 2.00 0.4624 0.4276 0.1131 -0.0076 -0.117778 3.130174 
0.383 2.00 2.00 0.4953 0.4513 0.1137 -0.0077 -0.120396 3.130111 
0.384 2.00 2.00 0.4853 0.4252 0.1141 -0.0078 -0.120396 3.130052 
0.385 2.00 2.00 0.4769 0.4267 0.1145 -0.0078 -0.120396 3.130003 
0.386 2.00 2.00 0.4809 0.4205 0.1149 -0.0079 -0.120396 3.129955 
0.387 2.00 2.00 0.4963 0.4562 0.1153 -0.0079 -0.120396 3.129909 
0.388 2.00 2.00 0.4742 0.4305 0.1159 -0.0080 -0.123013 3.129868 
0.389 2.00 2.00 0.4795 0.4226 0.1163 -0.0080 -0.123013 3.129824 
0.390 2.00 2.00 0.4877 0.4267 0.1167 -0.0081 -0.123013 3.129771 
0.391 2.00 2.00 0.4845 0.4431 0.1171 -0.0081 -0.123013 3.129714 
0.392 2.00 2.00 0.4616 0.4304 0.1175 -0.0082 -0.123013 3.129662 
0.393 2.00 2.00 0.5075 0.4331 0.1181 -0.0083 -0.125630 3.129611 
0.394 2.00 2.00 0.4824 0.4499 0.1187 -0.0083 -0.123013 3.129563 
0.395 2.00 2.00 0.4640 0.4318 0.1191 -0.0084 -0.123013 3.129519 
0.396 2.00 2.00 0.4803 0.4347 0.1195 -0.0084 -0.123013 3.129468 
0.397 2.00 2.00 0.4767 0.4270 0.1199 -0.0085 -0.123013 3.129411 
0.398 2.00 2.00 0.5117 0.4645 0.1205 -0.0086 -0.125630 3.129348 
0.399 2.00 2.00 0.4827 0.4301 0.1209 -0.0086 -0.125630 3.129285 
0.400 2.00 2.00 0.5165 0.4350 0.1213 -0.0087 -0.125630 3.129231 
0.401 2.00 2.00 0.4857 0.4263 0.1217 -0.0087 -0.125630 3.129181 
0.402 0.00 0.00 0.4874 0.4374 0.1221 -0.0088 -0.125630 3.129129 
0.403 0.00 0.00 0.4472 0.4337 0.1227 -0.0088 -0.128248 3.129070 
0.404 0.00 0.00 0.4830 0.4695 0.1231 -0.0089 -0.128248 3.129007 
0.405 0.00 0.00 0.5037 0.4197 0.1235 -0.0089 -0.128248 3.128944 
0.406 0.00 0.00 0.4635 0.4042 0.1239 -0.0090 -0.128248 3.128887 
0.407 0.00 0.00 0.4368 0.4039 0.1243 -0.0090 -0.128248 3.128836 
0.408 0.00 0.00 0.4389 0.4192 0.1247 -0.0091 -0.128248 3.128785 
0.409 0.00 0.00 0.4488 0.3760 0.1251 -0.0091 -0.128248 3.128728 
0.410 0.00 0.00 0.4109 0.3581 0.1255 -0.0092 -0.128248 3.128668 
0.411 0.00 0.00 0.4026 0.3582 0.1259 -0.0093 -0.128248 3.128610 
0.412 0.00 0.00 0.3934 0.3593 0.1263 -0.0093 -0.128248 3.128553 
0.413 0.00 0.00 0.3723 0.3392 0.1267 -0.0094 -0.128248 3.128497 
0.414 0.00 0.00 0.3671 0.3621 0.1271 -0.0094 -0.128248 3.128446 
0.415 0.00 0.00 0.3746 0.3621 0.1273 -0.0094 -0.130865 3.128401 
0.416 0.00 0.00 0.3465 0.3279 0.1277 -0.0095 -0.130865 3.128350 
0.417 0.00 0.00 0.3279 0.3327 0.1282 -0.0095 -0.130865 3.128290 
0.418 0.00 0.00 0.3279 0.3004 0.1284 -0.0096 -0.128248 3.128220 
0.419 0.00 0.00 0.3152 0.3004 0.1286 -0.0096 -0.130865 3.128149 
0.420 0.00 0.00 0.3085 0.2938 0.1290 -0.0096 -0.130865 3.128105 
0.421 0.00 0.00 0.2969 0.2858 0.1294 -0.0097 -0.130865 3.128066 
0.422 0.00 0.00 0.2969 0.2761 0.1296 -0.0097 -0.128248 3.128010 
0.423 0.00 0.00 0.2841 0.2761 0.1298 -0.0097 -0.130865 3.127954 
0.424 0.00 0.00 0.2713 0.2652 0.1302 -0.0098 -0.130865 3.127917 
0.425 0.00 0.00 0.2713 0.2652 0.1302 -0.0098 -0.130865 3.127902 
0.426 0.00 0.00 0.2535 0.2703 0.1306 -0.0099 -0.130865 3.127881 
0.427 0.00 0.00 0.2535 0.2432 0.1308 -0.0099 -0.128248 3.127835 
0.428 0.00 0.00 0.2435 0.2432 0.1310 -0.0099 -0.130865 3.127764 
0.429 0.00 0.00 0.2206 0.2252 0.1314 -0.0100 -0.130865 3.127676 
0.430 0.00 0.00 0.2206 0.2252 0.1314 -0.0100 -0.130865 3.127587 
0.431 0.00 0.00 0.2130 0.2156 0.1318 -0.0100 -0.130865 3.127515 
0.432 0.00 0.00 0.2130 0.2156 0.1318 -0.0100 -0.130865 3.127477 
0.433 0.00 0.00 0.2096 0.2106 0.1322 -0.0101 -0.130865 3.127459 
0.434 0.00 0.00 0.2096 0.2106 0.1322 -0.0101 -0.130865 3.127432 
0.435 0.00 0.00 0.1974 0.1986 0.1326 -0.0101 -0.130865 3.127386 
0.436 0.00 0.00 0.1974 0.1986 0.1326 -0.0101 -0.130865 3.127325 
0.437 0.00 0.00 0.1916 0.1952 0.1328 -0.0101 -0.128248 3.127262 
0.438 0.00 0.00 0.1836 0.1952 0.1330 -0.0102 -0.130865 3.127202 
0.439 0.00 0.00 0.1836 0.1823 0.1332 -0.0102 -0.128248 3.127142 
0.440 0.00 0.00 0.1662 0.1823 0.1334 -0.0102 -0.130865 3.127086 
0.441 0.00 0.00 0.1662 0.1838 0.1336 -0.0102 -0.128248 3.127027 
0.442 0.00 0.00 0.1645 0.1838 0.1336 -0.0102 -0.128248 3.126970 
0.443 0.00 0.00 0.1548 0.1838 0.1338 -0.0103 -0.130865 3.126914 
0.444 0.00 0.00 0.1548 0.1656 0.1340 -0.0103 -0.128248 3.126858 
0.445 0.00 0.00 0.1426 0.1656 0.1340 -0.0103 -0.128248 3.126813 
0.446 0.00 0.00 0.1340 0.1562 0.1344 -0.0104 -0.128248 3.126766 
0.447 0.00 0.00 0.1340 0.1562 0.1344 -0.0104 -0.128248 3.126707 
0.448 0.00 0.00 0.1340 0.1562 0.1344 -0.0104 -0.128248 3.126654 
0.449 0.00 0.00 0.1148 0.1410 0.1348 -0.0104 -0.128248 3.126602 
0.450 0.00 0.00 0.1148 0.1410 0.1348 -0.0104 -0.128248 3.126541 
0.451 0.00 0.00 0.1148 0.1410 0.1348 -0.0104 -0.128248 3.126479 
0.452 0.00 0.00 0.1148 0.1418 0.1350 -0.0104 -0.125630 3.126430 
0.453 0.00 0.00 0.1019 0.1418 0.1352 -0.0105 -0.128248 3.126390 
0.454 0.00 0.00 0.1019 0.1418 0.1352 -0.0105 -0.128248 3.126346 
0.455 0.00 0.00 0.1019 0.1274 0.1354 -0.0105 -0.125630 3.126302 
0.456 0.00 0.00 0.1019 0.1274 0.1354 -0.0105 -0.125630 3.126254 
0.457 0.00 0.00 0.0944 0.1274 0.1354 -0.0105 -0.125630 3.126202 
0.458 0.00 0.00 0.0927 0.1274 0.1356 -0.0105 -0.128248 3.126154 
0.459 0.00 0.00 0.0927 0.1170 0.1358 -0.0105 -0.125630 3.126111 
0.460 0.00 0.00 0.0927 0.1170 0.1358 -0.0105 -0.125630 3.126067 
0.461 0.00 0.00 0.0927 0.1170 0.1358 -0.0105 -0.125630 3.126018 
0.462 0.00 0.00 0.0824 0.1093 0.1358 -0.0105 -0.125630 3.125967 
0.463 0.00 0.00 0.0786 0.1039 0.1362 -0.0106 -0.125630 3.125916 
0.464 0.00 0.00 0.0786 0.1039 0.1362 -0.0106 -0.125630 3.125861 
0.465 0.00 0.00 0.0786 0.1039 0.1362 -0.0106 -0.125630 3.125803 
0.466 0.00 0.00 0.0786 0.1039 0.1362 -0.0106 -0.125630 3.125745 
0.467 0.00 0.00 0.0786 0.0911 0.1364 -0.0106 -0.123013 3.125694 
0.468 0.00 0.00 0.0704 0.0911 0.1364 -0.0106 -0.123013 3.125647 
0.469 0.00 0.00 0.0600 0.0911 0.1364 -0.0106 -0.123013 3.125595 
0.470 0.00 0.00 0.0522 0.0911 0.1364 -0.0106 -0.123013 3.125546 
0.471 0.00 0.00 0.0463 0.0911 0.1364 -0.0106 -0.123013 3.125501 
0.472 0.00 0.00 0.0453 0.0758 0.1366 -0.0106 -0.125630 3.125453 
0.473 0.00 0.00 0.0453 0.0730 0.1368 -0.0107 -0.123013 3.125403 
0.474 0.00 0.00 0.0453 0.0730 0.1368 -0.0107 -0.123013 3.125351 
0.475 0.00 0.00 0.0453 0.0730 0.1368 -0.0107 -0.123013 3.125299 
0.476 0.00 0.00 0.0453 0.0730 0.1368 -0.0107 -0.123013 3.125246 
0.477 0.00 0.00 0.0453 0.0730 0.1368 -0.0107 -0.123013 3.125197 
0.478 0.00 0.00 0.0453 0.0700 0.1368 -0.0107 -0.123013 3.125147 
0.479 0.00 0.00 0.0453 0.0596 0.1368 -0.0107 -0.123013 3.125099 
0.480 0.00 0.00 0.0453 0.0586 0.1370 -0.0107 -0.120396 3.125057 
0.481 0.00 0.00 0.0413 0.0586 0.1370 -0.0107 -0.120396 3.125015 
0.482 0.00 0.00 0.0375 0.0586 0.1370 -0.0107 -0.120396 3.124972 
0.483 0.00 0.00 0.0343 0.0586 0.1370 -0.0107 -0.120396 3.124927 
0.484 0.00 0.00 0.0317 0.0586 0.1370 -0.0107 -0.120396 3.124880 
0.485 0.00 0.00 0.0294 0.0586 0.1370 -0.0107 -0.120396 3.124836 
0.486 0.00 0.00 0.0274 0.0586 0.1370 -0.0107 -0.120396 3.124796 
0.487 0.00 0.00 0.0257 0.0515 0.1370 -0.0107 -0.120396 3.124754 
0.488 0.00 0.00 0.0241 0.0457 0.1370 -0.0107 -0.120396 3.124707 
0.489 0.00 0.00 0.0228 0.0435 0.1372 -0.0107 -0.117778 3.124658 
0.490 0.00 0.00 0.0216 0.0435 0.1372 -0.0107 -0.117778 3.124609 
0.491 0.00 0.00 0.0205 0.0435 0.1372 -0.0107 -0.117778 3.124563 
0.492 0.00 0.00 -0.0201 0.0435 0.1370 -0.0107 -0.115161 3.124517 
0.493 0.00 0.00 -0.0201 0.0435 0.1370 -0.0107 -0.115161 3.124473 
0.494 0.00 0.00 -0.0201 0.0435 0.1370 -0.0107 -0.115161 3.124429 
0.495 0.00 0.00 -0.0201 0.0435 0.1370 -0.0107 -0.115161 3.124387 
0.496 0.00 0.00 -0.0201 0.0435 0.1370 -0.0107 -0.115161 3.124340 
0.497 0.00 0.00 -0.0201 0.0435 0.1370 -0.0107 -0.115161 3.124287 
0.498 0.00 0.00 -0.0201 0.0425 0.1370 -0.0107 -0.115161 3.124236 
0.499 0.00 0.00 -0.0201 0.0385 0.1370 -0.0107 -0.115161 3.124186 
0.500 0.00 0.00 -0.0201 0.0351 0.1370 -0.0107 -0.115161 3.124137 
0.501 0.00 0.00 -0.0201 0.0323 0.1370 -0.0107 -0.115161 3.124089 
0.502 0.00 0.00 -0.0201 0.0299 0.1370 -0.0107 -0.115161 3.124043 
0.503 0.00 0.00 -0.0201 0.0299 0.1372 -0.0107 -0.112544 3.123995 
0.504 0.00 0.00 -0.0201 0.0299 0.1372 -0.0107 -0.112544 3.123945 
0.505 0.00 0.00 -0.0201 0.0299 0.1372 -0.0107 -0.112544 3.123895 
0.506 0.00 0.00 -0.0201 0.0299 0.1372 -0.0107 -0.112544 3.123846 
0.507 0.00 0.00 -0.0201 0.0299 0.1372 -0.0107 -0.112544 3.123796 
0.508 0.00 0.00 -0.0201 0.0299 0.1372 -0.0107 -0.112544 3.123749 
0.509 0.00 0.00 -0.0201 0.0299 0.1372 -0.0107 -0.112544 3.123703 
0.510 0.00 0.00 -0.0201 0.0299 0.1372 -0.0107 -0.112544 3.123658 
0.511 0.00 0.00 -0.0201 0.0299 0.1372 -0.0107 -0.112544 3.123613 
0.512 0.00 0.00 -0.0196 0.0299 0.1372 -0.0107 -0.112544 3.123567 
0.513 0.00 0.00 -0.0193 0.0299 0.1370 -0.0107 -0.109926 3.123523 
0.514 0.00 0.00 -0.0193 0.0299 0.1370 -0.0107 -0.109926 3.123482 
0.515 0.00 0.00 -0.0193 0.0299 0.1370 -0.0107 -0.109926 3.123442 
0.516 0.00 0.00 -0.0193 0.0291 0.1370 -0.0107 -0.109926 3.123402 
0.517 0.00 0.00 -0.0193 0.0271 0.1370 -0.0107 -0.109926 3.123362 
0.518 0.00 0.00 -0.0193 0.0254 0.1370 -0.0107 -0.109926 3.123324 
0.519 0.00 0.00 -0.0193 0.0239 0.1370 -0.0107 -0.109926 3.123284 
0.520 0.00 0.00 -0.0193 0.0226 0.1370 -0.0107 -0.109926 3.123240 
0.521 0.00 0.00 -0.0193 0.0214 0.1370 -0.0107 -0.109926 3.123193 
0.522 0.00 0.00 -0.0193 0.0203 0.1370 -0.0107 -0.109926 3.123148 
0.523 0.00 0.00 -0.0193 0.0194 0.1370 -0.0107 -0.109926 3.123104 
0.524 0.00 0.00 -0.0193 0.0185 0.1370 -0.0107 -0.109926 3.123060 
0.525 0.00 0.00 -0.0193 0.0177 0.1370 -0.0107 -0.109926 3.123018 
0.526 0.00 0.00 -0.0193 0.0169 0.1370 -0.0107 -0.109926 3.122977 
0.527 0.00 0.00 -0.0193 0.0163 0.1370 -0.0107 -0.109926 3.122935 
0.528 0.00 0.00 -0.0193 0.0156 0.1370 -0.0107 -0.109926 3.122891 
0.529 0.00 0.00 -0.0193 0.0151 0.1370 -0.0107 -0.109926 3.122848 
0.530 0.00 0.00 -0.0193 0.0145 0.1370 -0.0107 -0.109926 3.122807 
0.531 0.00 0.00 -0.0193 0.0140 0.1370 -0.0107 -0.109926 3.122762 
0.532 0.00 0.00 -0.0193 0.0135 0.1370 -0.0107 -0.109926 3.122713 
0.533 0.00 0.00 -0.0193 0.0131 0.1370 -0.0107 -0.109926 3.122664 
0.534 0.00 0.00 -0.0187 0.0127 0.1370 -0.0107 -0.109926 3.122616 
0.535 0.00 0.00 -0.0179 0.0123 0.1370 -0.0107 -0.109926 3.122567 
0.536 0.00 0.00 -0.0171 0.0119 0.1370 -0.0107 -0.109926 3.122517 
0.537 0.00 0.00 -0.0164 0.0116 0.1370 -0.0107 -0.109926 3.122471 
0.538 0.00 0.00 -0.0158 0.0113 0.1370 -0.0107 -0.109926 3.122425 
0.539 0.00 0.00 -0.0152 0.0110 0.1370 -0.0107 -0.109926 3.122376 
0.540 0.00 0.00 -0.0146 0.0107 0.1370 -0.0107 -0.109926 3.122325 
0.541 0.00 0.00 -0.0141 0.0104 0.1370 -0.0107 -0.109926 3.122276 
0.542 0.00 0.00 -0.0137 0.0102 0.1370 -0.0107 -0.109926 3.122230 
0.543 0.00 0.00 -0.0132 0.0099 0.1370 -0.0107 -0.109926 3.122185 
0.544 0.00 0.00 -0.0128 0.0097 0.1370 -0.0107 -0.109926 3.122139 
0.545 0.00 0.00 -0.0124 0.0094 0.1370 -0.0107 -0.109926 3.122093 
0.546 0.00 0.00 -0.0120 0.0092 0.1370 -0.0107 -0.109926 3.122052 
0.547 0.00 0.00 -0.0117 0.0090 0.1370 -0.0107 -0.109926 3.122010 
0.548 0.00 0.00 -0.0114 0.0088 0.1370 -0.0107 -0.109926 3.121963 
0.549 0.00 0.00 -0.0111 0.0086 0.1370 -0.0107 -0.109926 3.121917 
0.550 0.00 0.00 -0.0108 0.0085 0.1370 -0.0107 -0.109926 3.121873 
0.551 0.00 0.00 -0.0105 0.0083 0.1370 -0.0107 -0.109926 3.121828 
0.552 0.00 0.00 -0.0102 0.0081 0.1370 -0.0107 -0.109926 3.121782 
0.553 0.00 0.00 -0.0100 0.0080 0.1370 -0.0107 -0.109926 3.121737 
0.554 0.00 0.00 -0.0097 0.0078 0.1370 -0.0107 -0.109926 3.121693 
0.555 0.00 0.00 -0.0095 0.0077 0.1370 -0.0107 -0.109926 3.121649 
0.556 0.00 0.00 -0.0093 0.0075 0.1370 -0.0107 -0.109926 3.121605 
0.557 0.00 0.00 -0.0091 0.0074 0.1370 -0.0107 -0.109926 3.121560 
0.558 0.00 0.00 -0.0089 0.0072 0.1370 -0.0107 -0.109926 3.121514 
0.559 0.00 0.00 -0.0087 0.0071 0.1370 -0.0107 -0.109926 3.121466 
0.560 0.00 0.00 -0.0085 0.0070 0.1370 -0.0107 -0.109926 3.121416 
0.561 0.00 0.00 -0.0083 0.0069 0.1370 -0.0107 -0.109926 3.121365 
0.562 0.00 0.00 -0.0082 0.0068 0.1370 -0.0107 -0.109926 3.121315 
0.563 0.00 0.00 -0.0080 0.0067 0.1370 -0.0107 -0.109926 3.121269 
0.564 0.00 0.00 -0.0078 0.0065 0.1370 -0.0107 -0.109926 3.121225 
0.565 0.00 0.00 -0.0077 0.0064 0.1370 -0.0107 -0.109926 3.121180 
0.566 0.00 0.00 -0.0076 0.0063 0.1370 -0.0107 -0.109926 3.121133 
0.567 0.00 0.00 -0.0074 0.0062 0.1370 -0.0107 -0.109926 3.121083 
0.568 0.00 0.00 -0.0073 0.0062 0.1370 -0.0107 -0.109926 3.121035 
0.569 0.00 0.00 -0.0072 0.0061 0.1370 -0.0107 -0.109926 3.120990 
0.570 0.00 0.00 -0.0070 0.0060 0.1370 -0.0107 -0.109926 3.120947 
0.571 0.00 0.00 -0.0069 0.0059 0.1370 -0.0107 -0.109926 3.120902 
0.572 0.00 0.00 -0.0068 0.0058 0.1370 -0.0107 -0.109926 3.120856 
0.573 0.00 0.00 -0.0067 0.0057 0.1370 -0.0107 -0.109926 3.120810 
0.574 0.00 0.00 -0.0066 0.0056 0.1370 -0.0107 -0.109926 3.120766 
0.575 0.00 0.00 -0.0065 0.0056 0.1370 -0.0107 -0.109926 3.120725 
0.576 0.00 0.00 -0.0064 0.0055 0.1370 -0.0107 -0.109926 3.120681 
0.577 0.00 0.00 -0.0063 0.0054 0.1370 -0.0107 -0.109926 3.120637 
0.578 0.00 0.00 -0.0062 0.0053 0.1370 -0.0107 -0.109926 3.120597 
0.579 0.00 0.00 -0.0061 0.0053 0.1370 -0.0107 -0.109926 3.120554 
0.580 0.00 0.00 -0.0060 0.0052 0.1370 -0.0107 -0.109926 3.120514 
0.581 0.00 0.00 -0.0059 0.0051 0.1370 -0.0107 -0.109926 3.120474 
0.582 0.00 0.00 -0.0058 0.0051 0.1370 -0.0107 -0.109926 3.120429 
0.583 0.00 0.00 -0.0057 0.0050 0.1370 -0.0107 -0.109926 3.120384 
0.584 0.00 0.00 -0.0057 0.0049 0.1370 -0.0107 -0.109926 3.120338 
0.585 0.00 0.00 -0.0056 0.0049 0.1370 -0.0107 -0.109926 3.120291 
0.586 0.00 0.00 -0.0055 0.0048 0.1370 -0.0107 -0.109926 3.120243 
0.587 0.00 0.00 -0.0054 0.0048 0.1370 -0.0107 -0.109926 3.120198 
0.588 0.00 0.00 -0.0054 0.0047 0.1370 -0.0107 -0.109926 3.120155 
0.589 0.00 0.00 -0.0053 0.0047 0.1370 -0.0107 -0.109926 3.120110 
0.590 0.00 0.00 -0.0052 0.0046 0.1370 -0.0107 -0.109926 3.120065 
0.591 0.00 0.00 -0.0052 0.0046 0.1370 -0.0107 -0.109926 3.120023 
0.592 0.00 0.00 -0.0051 0.0045 0.1370 -0.0107 -0.109926 3.119980 
0.593 0.00 0.00 -0.0050 0.0045 0.1370 -0.0107 -0.109926 3.119935 
0.594 0.00 0.00 -0.0050 0.0044 0.1370 -0.0107 -0.109926 3.119888 
0.595 0.00 0.00 -0.0049 0.0044 0.1370 -0.0107 -0.109926 3.119841 
0.596 0.00 0.00 -0.0048 0.0043 0.1370 -0.0107 -0.109926 3.119796 
0.597 0.00 0.00 -0.0048 0.0043 0.1370 -0.0107 -0.109926 3.119754 
0.598 0.00 0.00 -0.0047 0.0042 0.1370 -0.0107 -0.109926 3.119714 
0.599 0.00 0.00 -0.0047 0.0042 0.1370 -0.0107 -0.109926 3.119671 
0.600 0.00 0.00 -0.0046 0.0041 0.1370 -0.0107 -0.109926 3.119632 
0.601 0.00 0.00 -0.0046 0.0041 0.1370 -0.0107 -0.109926 3.119595 
0.602 0.00 0.00 -0.0045 0.0041 0.1370 -0.0107 -0.109926 3.119554 
0.603 0.00 0.00 -0.0045 0.0040 0.1370 -0.0107 -0.109926 3.119510 
0.604 0.00 0.00 -0.0044 0.0040 0.1370 -0.0107 -0.109926 3.119468 
0.605 0.00 0.00 -0.0044 0.0039 0.1370 -0.0107 -0.109926 3.119428 
0.606 0.00 0.00 -0.0043 0.0039 0.1370 -0.0107 -0.109926 3.119387 
0.607 0.00 0.00 -0.0043 0.0039 0.1370 -0.0107 -0.109926 3.119346 
0.608 0.00 0.00 -0.0042 0.0038 0.1370 -0.0107 -0.109926 3.119304 
0.609 0.00 0.00 -0.0042 0.0038 0.1370 -0.0107 -0.109926 3.119261 
0.610 0.00 0.00 -0.0042 0.0038 0.1370 -0.0107 -0.109926 3.119218 
0.611 0.00 0.00 -0.0041 0.0037 0.1370 -0.0107 -0.109926 3.119178 
0.612 0.00 0.00 -0.0041 0.0037 0.1370 -0.0107 -0.109926 3.119137 
0.613 0.00 0.00 -0.0040 0.0037 0.1370 -0.0107 -0.109926 3.119097 
0.614 0.00 0.00 -0.0040 0.0036 0.1370 -0.0107 -0.109926 3.119060 
0.615 0.00 0.00 -0.0040 0.0036 0.1370 -0.0107 -0.109926 3.119023 
0.616 0.00 0.00 -0.0039 0.0036 0.1370 -0.0107 -0.109926 3.118986 
0.617 0.00 0.00 -0.0039 0.0035 0.1370 -0.0107 -0.109926 3.118948 
0.618 0.00 0.00 -0.0038 0.0035 0.1370 -0.0107 -0.109926 3.118912 
0.619 0.00 0.00 -0.0038 0.0035 0.1370 -0.0107 -0.109926 3.118880 
0.620 0.00 0.00 -0.0038 0.0034 0.1370 -0.0107 -0.109926 3.118847 
0.621 0.00 0.00 -0.0037 0.0034 0.1370 -0.0107 -0.109926 3.118810 
0.622 0.00 0.00 -0.0037 0.0034 0.1370 -0.0107 -0.109926 3.118770 
0.623 0.00 0.00 -0.0037 0.0034 0.1370 -0.0107 -0.109926 3.118729 
0.624 0.00 0.00 -0.0036 0.0033 0.1370 -0.0107 -0.109926 3.118686 
0.625 0.00 0.00 -0.0036 0.0033 0.1370 -0.0107 -0.109926 3.118641 
0.626 0.00 0.00 -0.0036 0.0033 0.1370 -0.0107 -0.109926 3.118596 
0.627 0.00 0.00 -0.0035 0.0032 0.1370 -0.0107 -0.109926 3.118556 
0.628 0.00 0.00 -0.0035 0.0032 0.1370 -0.0107 -0.109926 3.118518 
0.629 0.00 0.00 -0.0035 0.0032 0.1370 -0.0107 -0.109926 3.118478 
0.630 0.00 0.00 -0.0034 0.0032 0.1370 -0.0107 -0.109926 3.118437 
0.631 0.00 0.00 -0.0034 0.0031 0.1370 -0.0107 -0.109926 3.118396 
0.632 0.00 0.00 -0.0034 0.0031 0.1370 -0.0107 -0.109926 3.118355 
0.633 0.00 0.00 -0.0034 0.0031 0.1370 -0.0107 -0.109926 3.118310 
0.634 0.00 0.00 -0.0033 0.0031 0.1370 -0.0107 -0.109926 3.118266 
0.635 0.00 0.00 -0.0033 0.0031 0.1370 -0.0107 -0.109926 3.118224 
0.636 0.00 0.00 -0.0033 0.0030 0.1370 -0.0107 -0.109926 3.118183 
0.637 0.00 0.00 -0.0033 0.0030 0.1370 -0.0107 -0.109926 3.118143 
0.638 0.00 0.00 -0.0032 0.0030 0.1370 -0.0107 -0.109926 3.118106 
0.639 0.00 0.00 -0.0032 0.0030 0.1370 -0.0107 -0.109926 3.118068 
0.640 0.00 0.00 -0.0032 0.0029 0.1370 -0.0107 -0.109926 3.118029 
0.641 0.00 0.00 -0.0032 0.0029 0.1370 -0.0107 -0.109926 3.117989 
0.642 0.00 0.00 -0.0031 0.0029 0.1370 -0.0107 -0.109926 3.117949 
0.643 0.00 0.00 -0.0031 0.0029 0.1370 -0.0107 -0.109926 3.117908 
0.644 0.00 0.00 -0.0031 0.0029 0.1370 -0.0107 -0.109926 3.117866 
0.645 0.00 0.00 -0.0031 0.0028 0.1370 -0.0107 -0.109926 3.117821 
0.646 0.00 0.00 -0.0030 0.0028 0.1370 -0.0107 -0.109926 3.117774 
0.647 0.00 0.00 -0.0030 0.0028 0.1370 -0.0107 -0.109926 3.117727 
0.648 0.00 0.00 -0.0030 0.0028 0.1370 -0.0107 -0.109926 3.117683 
0.649 0.00 0.00 -0.0030 0.0028 0.1370 -0.0107 -0.109926 3.117641 
0.650 0.00 0.00 -0.0029 0.0027 0.1370 -0.0107 -0.109926 3.117599 
0.651 0.00 0.00 -0.0029 0.0027 0.1370 -0.0107 -0.109926 3.117559 
0.652 0.00 0.00 -0.0029 0.0027 0.1370 -0.0107 -0.109926 3.117526 
0.653 0.00 0.00 -0.0029 0.0027 0.1370 -0.0107 -0.109926 3.117493 
0.654 0.00 0.00 -0.0029 0.0027 0.1370 -0.0107 -0.109926 3.117450 
0.655 0.00 0.00 -0.0028 0.0027 0.1370 -0.0107 -0.109926 3.117406 
0.656 0.00 0.00 -0.0028 0.0026 0.1370 -0.0107 -0.109926 3.117372 
0.657 0.00 0.00 -0.0028 0.0026 0.1370 -0.0107 -0.109926 3.117336 
0.658 0.00 0.00 -0.0028 0.0026 0.1370 -0.0107 -0.109926 3.117295 
0.659 0.00 0.00 -0.0028 0.0026 0.1370 -0.0107 -0.109926 3.117252 
0.660 0.00 0.00 -0.0027 0.0026 0.1370 -0.0107 -0.109926 3.117208 
0.661 0.00 0.00 -0.0027 0.0026 0.1370 -0.0107 -0.109926 3.117161 
0.662 0.00 0.00 -0.0027 0.0025 0.1370 -0.0107 -0.109926 3.117116 
0.663 0.00 0.00 -0.0027 0.0025 0.1370 -0.0107 -0.109926 3.117076 
0.664 0.00 0.00 -0.0027 0.0025 0.1370 -0.0107 -0.109926 3.117041 
0.665 0.00 0.00 -0.0027 0.0025 0.1370 -0.0107 -0.109926 3.117006 
0.666 0.00 0.00 -0.0026 0.0025 0.1370 -0.0107 -0.109926 3.116968 
0.667 0.00 0.00 -0.0026 0.0025 0.1370 -0.0107 -0.109926 3.116924 
0.668 0.00 0.00 -0.0026 0.0024 0.1370 -0.0107 -0.109926 3.116877 
0.669 0.00 0.00 -0.0026 0.0024 0.1370 -0.0107 -0.109926 3.116834 
0.670 0.00 0.00 -0.0026 0.0024 0.1370 -0.0107 -0.109926 3.116792 
0.671 0.00 0.00 -0.0026 0.0024 0.1370 -0.0107 -0.109926 3.116751 
0.672 0.00 0.00 -0.0025 0.0024 0.1370 -0.0107 -0.109926 3.116713 
0.673 0.00 0.00 -0.0025 0.0024 0.1370 -0.0107 -0.109926 3.116678 
0.674 0.00 0.00 -0.0025 0.0024 0.1370 -0.0107 -0.109926 3.116639 
0.675 0.00 0.00 -0.0025 0.0023 0.1370 -0.0107 -0.109926 3.116595 
0.676 0.00 0.00 -0.0025 0.0023 0.1370 -0.0107 -0.109926 3.116548 
0.677 0.00 0.00 -0.0025 0.0023 0.1370 -0.0107 -0.109926 3.116503 
0.678 0.00 0.00 -0.0024 0.0023 0.1370 -0.0107 -0.109926 3.116462 
0.679 0.00 0.00 -0.0024 0.0023 0.1370 -0.0107 -0.109926 3.116422 
0.680 0.00 0.00 -0.0024 0.0023 0.1370 -0.0107 -0.109926 3.116382 
0.681 0.00 0.00 -0.0024 0.0023 0.1370 -0.0107 -0.109926 3.116340 
0.682 0.00 0.00 -0.0024 0.0023 0.1370 -0.0107 -0.109926 3.116292 
0.683 0.00 0.00 -0.0024 0.0022 0.1370 -0.0107 -0.109926 3.116243 
0.684 0.00 0.00 -0.0024 0.0022 0.1370 -0.0107 -0.109926 3.116199 
0.685 0.00 0.00 -0.0023 0.0022 0.1370 -0.0107 -0.109926 3.116157 
0.686 0.00 0.00 -0.0023 0.0022 0.1370 -0.0107 -0.109926 3.116113 
0.687 0.00 0.00 -0.0023 0.0022 0.1370 -0.0107 -0.109926 3.116071 
0.688 0.00 0.00 -0.0023 0.0022 0.1370 -0.0107 -0.109926 3.116033 
0.689 0.00 0.00 -0.0023 0.0022 0.1370 -0.0107 -0.109926 3.115993 
0.690 0.00 0.00 -0.0023 0.0022 0.1370 -0.0107 -0.109926 3.115947 
0.691 0.00 0.00 -0.0023 0.0021 0.1370 -0.0107 -0.109926 3.115905 
0.692 0.00 0.00 -0.0023 0.0021 0.1370 -0.0107 -0.109926 3.115866 
0.693 0.00 0.00 -0.0022 0.0021 0.1370 -0.0107 -0.109926 3.115826 
0.694 0.00 0.00 -0.0022 0.0021 0.1370 -0.0107 -0.109926 3.115785 
0.695 0.00 0.00 -0.0022 0.0021 0.1370 -0.0107 -0.109926 3.115743 
0.696 0.00 0.00 -0.0022 0.0021 0.1370 -0.0107 -0.109926 3.115700 
0.697 0.00 0.00 -0.0022 0.0021 0.1370 -0.0107 -0.109926 3.115657 
0.698 0.00 0.00 -0.0022 0.0021 0.1370 -0.0107 -0.109926 3.115618 
0.699 0.00 0.00 -0.0022 0.0021 0.1370 -0.0107 -0.109926 3.115580 
0.700 0.00 0.00 -0.0022 0.0020 0.1370 -0.0107 -0.109926 3.115536 
0.701 0.00 0.00 -0.0021 0.0020 0.1370 -0.0107 -0.109926 3.115492 
0.702 0.00 0.00 -0.0021 0.0020 0.1370 -0.0107 -0.109926 3.115449 
0.703 0.00 0.00 -0.0021 0.0020 0.1370 -0.0107 -0.109926 3.115411 
0.704 0.00 0.00 -0.0021 0.0020 0.1370 -0.0107 -0.109926 3.115376 
0.705 0.00 0.00 -0.0021 0.0020 0.1370 -0.0107 -0.109926 3.115341 
0.706 0.00 0.00 -0.0021 0.0020 0.1370 -0.0107 -0.109926 3.115302 
0.707 0.00 0.00 -0.0021 0.0020 0.1370 -0.0107 -0.109926 3.115262 
0.708 0.00 0.00 -0.0021 0.0020 0.1370 -0.0107 -0.109926 3.115221 
0.709 0.00 0.00 -0.0021 0.0020 0.1370 -0.0107 -0.109926 3.115180 
0.710 0.00 0.00 -0.0021 0.0020 0.1370 -0.0107 -0.109926 3.115144 
0.711 0.00 0.00 -0.0020 0.0019 0.1370 -0.0107 -0.109926 3.115106 
0.712 0.00 0.00 -0.0020 0.0019 0.1370 -0.0107 -0.109926 3.115066 
0.713 0.00 0.00 -0.0020 0.0019 0.1370 -0.0107 -0.109926 3.115026 
0.714 0.00 0.00 -0.0020 0.0019 0.1370 -0.0107 -0.109926 3.114990 
0.715 0.00 0.00 -0.0020 0.0019 0.1370 -0.0107 -0.109926 3.114954 
0.716 0.00 0.00 -0.0020 0.0019 0.1370 -0.0107 -0.109926 3.114916 
0.717 0.00 0.00 -0.0020 0.0019 0.1370 -0.0107 -0.109926 3.114875 
0.718 0.00 0.00 -0.0020 0.0019 0.1370 -0.0107 -0.109926 3.114834 
0.719 0.00 0.00 -0.0020 0.0019 0.1370 -0.0107 -0.109926 3.114791 
0.720 0.00 0.00 -0.0020 0.0019 0.1370 -0.0107 -0.109926 3.114753 
0.721 0.00 0.00 -0.0019 0.0019 0.1370 -0.0107 -0.109926 3.114717 
0.722 0.00 0.00 -0.0019 0.0018 0.1370 -0.0107 -0.109926 3.114678 
0.723 0.00 0.00 -0.0019 0.0018 0.1370 -0.0107 -0.109926 3.114638 
0.724 0.00 0.00 -0.0019 0.0018 0.1370 -0.0107 -0.109926 3.114599 
0.725 0.00 0.00 -0.0019 0.0018 0.1370 -0.0107 -0.109926 3.114559 
0.726 0.00 0.00 -0.0019 0.0018 0.1370 -0.0107 -0.109926 3.114522 
0.727 0.00 0.00 -0.0019 0.0018 0.1370 -0.0107 -0.109926 3.114486 
0.728 0.00 0.00 -0.0019 0.0018 0.1370 -0.0107 -0.109926 3.114451 
0.729 0.00 0.00 -0.0019 0.0018 0.1370 -0.0107 -0.109926 3.114414 
0.730 0.00 0.00 -0.0019 0.0018 0.1370 -0.0107 -0.109926 3.114374 
0.731 0.00 0.00 -0.0019 0.0018 0.1370 -0.0107 -0.109926 3.114334 
0.732 0.00 0.00 -0.0018 0.0018 0.1370 -0.0107 -0.109926 3.114293 
0.733 0.00 0.00 -0.0018 0.0018 0.1370 -0.0107 -0.109926 3.114254 
0.734 0.00 0.00 -0.0018 0.0017 0.1370 -0.0107 -0.109926 3.114216 
0.735 0.00 0.00 -0.0018 0.0017 0.1370 -0.0107 -0.109926 3.114174 
0.736 0.00 0.00 -0.0018 0.0017 0.1370 -0.0107 -0.109926 3.114130 
0.737 0.00 0.00 -0.0018 0.0017 0.1370 -0.0107 -0.109926 3.114091 
0.738 0.00 0.00 -0.0018 0.0017 0.1370 -0.0107 -0.109926 3.114055 
0.739 0.00 0.00 -0.0018 0.0017 0.1370 -0.0107 -0.109926 3.114020 
0.740 0.00 0.00 -0.0018 0.0017 0.1370 -0.0107 -0.109926 3.113985 
0.741 0.00 0.00 -0.0018 0.0017 0.1370 -0.0107 -0.109926 3.113953 
0.742 0.00 0.00 -0.0018 0.0017 0.1370 -0.0107 -0.109926 3.113919 
0.743 0.00 0.00 -0.0018 0.0017 0.1370 -0.0107 -0.109926 3.113883 
0.744 0.00 0.00 -0.0018 0.0017 0.1370 -0.0107 -0.109926 3.113850 
0.745 0.00 0.00 -0.0017 0.0017 0.1370 -0.0107 -0.109926 3.113818 
0.746 0.00 0.00 -0.0017 0.0017 0.1370 -0.0107 -0.109926 3.113783 
0.747 0.00 0.00 -0.0017 0.0017 0.1370 -0.0107 -0.109926 3.113746 
0.748 0.00 0.00 -0.0017 0.0016 0.1370 -0.0107 -0.109926 3.113710 
0.749 0.00 0.00 -0.0017 0.0016 0.1370 -0.0107 -0.109926 3.113672 
0.750 0.00 0.00 -0.0017 0.0016 0.1370 -0.0107 -0.109926 3.113635 
0.751 0.00 0.00 -0.0017 0.0016 0.1370 -0.0107 -0.109926 3.113600 
0.752 0.00 0.00 -0.0017 0.0016 0.1370 -0.0107 -0.109926 3.113562 
0.753 0.00 0.00 -0.0017 0.0016 0.1370 -0.0107 -0.109926 3.113522 
0.754 0.00 0.00 -0.0017 0.0016 0.1370 -0.0107 -0.109926 3.113480 
0.755 0.00 0.00 -0.0017 0.0016 0.1370 -0.0107 -0.109926 3.113439 
0.756 0.00 0.00 -0.0017 0.0016 0.1370 -0.0107 -0.109926 3.113400 
0.757 0.00 0.00 -0.0017 0.0016 0.1370 -0.0107 -0.109926 3.113363 
0.758 0.00 0.00 -0.0017 0.0016 0.1370 -0.0107 -0.109926 3.113329 
0.759 0.00 0.00 -0.0016 0.0016 0.1370 -0.0107 -0.109926 3.113298 
0.760 0.00 0.00 -0.0016 0.0016 0.1370 -0.0107 -0.109926 3.113265 
0.761 0.00 0.00 -0.0016 0.0016 0.1370 -0.0107 -0.109926 3.113225 
0.762 0.00 0.00 -0.0016 0.0016 0.1370 -0.0107 -0.109926 3.113182 
0.763 0.00 0.00 -0.0016 0.0016 0.1370 -0.0107 -0.109926 3.113143 
0.764 0.00 0.00 -0.0016 0.0015 0.1370 -0.0107 -0.109926 3.113105 
0.765 0.00 0.00 -0.0016 0.0015 0.1370 -0.0107 -0.109926 3.113069 
0.766 0.00 0.00 -0.0016 0.0015 0.1370 -0.0107 -0.109926 3.113035 
0.767 0.00 0.00 -0.0016 0.0015 0.1370 -0.0107 -0.109926 3.112999 
0.768 0.00 0.00 -0.0016 0.0015 0.1370 -0.0107 -0.109926 3.112957 
0.769 0.00 0.00 -0.0016 0.0015 0.1370 -0.0107 -0.109926 3.112914 
0.770 0.00 0.00 -0.0016 0.0015 0.1370 -0.0107 -0.109926 3.112876 
0.771 0.00 0.00 -0.0016 0.0015 0.1370 -0.0107 -0.109926 3.112841 
0.772 0.00 0.00 -0.0016 0.0015 0.1370 -0.0107 -0.109926 3.112808 
0.773 0.00 0.00 -0.0016 0.0015 0.1370 -0.0107 -0.109926 3.112773 
0.774 0.00 0.00 -0.0016 0.0015 0.1370 -0.0107 -0.109926 3.112735 
0.775 0.00 0.00 -0.0015 0.0015 0.1370 -0.0107 -0.109926 3.112693 
0.776 0.00 0.00 -0.0015 0.0015 0.1370 -0.0107 -0.109926 3.112651 
0.777 0.00 0.00 -0.0015 0.0015 0.1370 -0.0107 -0.109926 3.112613 
0.778 0.00 0.00 -0.0015 0.0015 0.1370 -0.0107 -0.109926 3.112578 
0.779 0.00 0.00 -0.0015 0.0015 0.1370 -0.0107 -0.109926 3.112540 
0.780 0.00 0.00 -0.0015 0.0015 0.1370 -0.0107 -0.109926 3.112502 
0.781 0.00 0.00 -0.0015 0.0015 0.1370 -0.0107 -0.109926 3.112467 
0.782 0.00 0.00 -0.0015 0.0014 0.1370 -0.0107 -0.109926 3.112433 
0.783 0.00 0.00 -0.0015 0.0014 0.1370 -0.0107 -0.109926 3.112397 
0.784 0.00 0.00 -0.0015 0.0014 0.1370 -0.0107 -0.109926 3.112363 
0.785 0.00 0.00 -0.0015 0.0014 0.1370 -0.0107 -0.109926 3.112329 
0.786 0.00 0.00 -0.0015 0.0014 0.1370 -0.0107 -0.109926 3.112294 
0.787 0.00 0.00 -0.0015 0.0014 0.1370 -0.0107 -0.109926 3.112261 
0.788 0.00 0.00 -0.0015 0.0014 0.1370 -0.0107 -0.109926 3.112225 
0.789 0.00 0.00 -0.0015 0.0014 0.1370 -0.0107 -0.109926 3.112186 
0.790 0.00 0.00 -0.0015 0.0014 0.1370 -0.0107 -0.109926 3.112147 
0.791 0.00 0.00 -0.0015 0.0014 0.1370 -0.0107 -0.109926 3.112111 
0.792 0.00 0.00 -0.0015 0.0014 0.1370 -0.0107 -0.109926 3.112075 
0.793 0.00 0.00 -0.0014 0.0014 0.1370 -0.0107 -0.109926 3.112035 
0.794 0.00 0.00 -0.0014 0.0014 0.1370 -0.0107 -0.109926 3.111994 
0.795 0.00 0.00 -0.0014 0.0014 0.1370 -0.0107 -0.109926 3.111953 
0.796 0.00 0.00 -0.0014 0.0014 0.1370 -0.0107 -0.109926 3.111914 
0.797 0.00 0.00 -0.0014 0.0014 0.1370 -0.0107 -0.109926 3.111875 
0.798 0.00 0.00 -0.0014 0.0014 0.1370 -0.0107 -0.109926 3.111833 
0.799 0.00 0.00 -0.0014 0.0014 0.1370 -0.0107 -0.109926 3.111792 
0.800 0.00 0.00 -0.0014 0.0014 0.1370 -0.0107 -0.109926 3.111750 
0.801 0.00 0.00 -0.0014 0.0014 0.1370 -0.0107 -0.109926 3.111708 
0.802 0.00 0.00 -0.0014 0.0014 0.1370 -0.0107 -0.109926 3.111667 
0.803 0.00 0.00 -0.0014 0.0013 0.1370 -0.0107 -0.109926 3.111627 
0.804 0.00 0.00 -0.0014 0.0013 0.1370 -0.0107 -0.109926 3.111588 
0.805 0.00 0.00 -0.0014 0.0013 0.1370 -0.0107 -0.109926 3.111551 
0.806 0.00 0.00 -0.0014 0.0013 0.1370 -0.0107 -0.109926 3.111517 
0.807 0.00 0.00 -0.0014 0.0013 0.1370 -0.0107 -0.109926 3.111486 
0.808 0.00 0.00 -0.0014 0.0013 0.1370 -0.0107 -0.109926 3.111458 
0.809 0.00 0.00 -0.0014 0.0013 0.1370 -0.0107 -0.109926 3.111431 
0.810 0.00 0.00 -0.0014 0.0013 0.1370 -0.0107 -0.109926 3.111408 
0.811 0.00 0.00 -0.0014 0.0013 0.1370 -0.0107 -0.109926 3.111386 
0.812 0.00 0.00 -0.0014 0.0013 0.1370 -0.0107 -0.109926 3.111360 
0.813 0.00 0.00 -0.0013 0.0013 0.1370 -0.0107 -0.109926 3.111334 
0.814 0.00 0.00 -0.0013 0.0013 0.1370 -0.0107 -0.109926 3.111314 
0.815 0.00 0.00 -0.0013 0.0013 0.1370 -0.0107 -0.109926 3.111296 
0.816 0.00 0.00 -0.0013 0.0013 0.1370 -0.0107 -0.109926 3.111274 
0.817 0.00 0.00 -0.0013 0.0013 0.1370 -0.0107 -0.109926 3.111245 
0.818 0.00 0.00 -0.0013 0.0013 0.1370 -0.0107 -0.109926 3.111208 
0.819 0.00 0.00 -0.0013 0.0013 0.1370 -0.0107 -0.109926 3.111169 
0.820 0.00 0.00 -0.0013 0.0013 0.1370 -0.0107 -0.109926 3.111133 
0.821 0.00 0.00 -0.0013 0.0013 0.1370 -0.0107 -0.109926 3.111095 
0.822 0.00 0.00 -0.0013 0.0013 0.1370 -0.0107 -0.109926 3.111049 
0.823 0.00 0.00 -0.0013 0.0013 0.1370 -0.0107 -0.109926 3.111002 
0.824 0.00 0.00 -0.0013 0.0013 0.1370 -0.0107 -0.109926 3.110956 
0.825 0.00 0.00 -0.0013 0.0013 0.1370 -0.0107 -0.109926 3.110911 
0.826 0.00 0.00 -0.0013 0.0013 0.1370 -0.0107 -0.109926 3.110866 
0.827 0.00 0.00 -0.0013 0.0012 0.1370 -0.0107 -0.109926 3.110822 
0.828 0.00 0.00 -0.0013 0.0012 0.1370 -0.0107 -0.109926 3.110779 
0.829 0.00 0.00 -0.0013 0.0012 0.1370 -0.0107 -0.109926 3.110739 
0.830 0.00 0.00 -0.0013 0.0012 0.1370 -0.0107 -0.109926 3.110705 
0.831 0.00 0.00 -0.0013 0.0012 0.1370 -0.0107 -0.109926 3.110676 
0.832 0.00 0.00 -0.0013 0.0012 0.1370 -0.0107 -0.109926 3.110649 
0.833 0.00 0.00 -0.0013 0.0012 0.1370 -0.0107 -0.109926 3.110622 
0.834 0.00 0.00 -0.0013 0.0012 0.1370 -0.0107 -0.109926 3.110598 
0.835 0.00 0.00 -0.0013 0.0012 0.1370 -0.0107 -0.109926 3.110574 
0.836 0.00 0.00 -0.0013 0.0012 0.1370 -0.0107 -0.109926 3.110551 
0.837 0.00 0.00 -0.0012 0.0012 0.1370 -0.0107 -0.109926 3.110529 
0.838 0.00 0.00 -0.0012 0.0012 0.1370 -0.0107 -0.109926 3.110507 
0.839 0.00 0.00 -0.0012 0.0012 0.1370 -0.0107 -0.109926 3.110482 
0.840 0.00 0.00 -0.0012 0.0012 0.1370 -0.0107 -0.109926 3.110451 
0.841 0.00 0.00 -0.0012 0.0012 0.1370 -0.0107 -0.109926 3.110420 
0.842 0.00 0.00 -0.0012 0.0012 0.1370 -0.0107 -0.109926 3.110392 
0.843 0.00 0.00 -0.0012 0.0012 0.1370 -0.0107 -0.109926 3.110362 
0.844 0.00 0.00 -0.0012 0.0012 0.1370 -0.0107 -0.109926 3.110328 
0.845 0.00 0.00 -0.0012 0.0012 0.1370 -0.0107 -0.109926 3.110292 
0.846 0.00 0.00 -0.0012 0.0012 0.1370 -0.0107 -0.109926 3.110253 
0.847 0.00 0.00 -0.0012 0.0012 0.1370 -0.0107 -0.109926 3.110219 
0.848 0.00 0.00 -0.0012 0.0012 0.1370 -0.0107 -0.109926 3.110188 
0.849 0.00 0.00 -0.0012 0.0012 0.1370 -0.0107 -0.109926 3.110156 
0.850 0.00 0.00 -0.0012 0.0012 0.1370 -0.0107 -0.109926 3.110123 
0.851 0.00 0.00 -0.0012 0.0012 0.1370 -0.0107 -0.109926 3.110086 
0.852 0.00 0.00 -0.0012 0.0012 0.1370 -0.0107 -0.109926 3.110047 
0.853 0.00 0.00 -0.0012 0.0012 0.1370 -0.0107 -0.109926 3.110011 
0.854 0.00 0.00 -0.0012 0.0012 0.1370 -0.0107 -0.109926 3.109975 
0.855 0.00 0.00 -0.0012 0.0011 0.1370 -0.0107 -0.109926 3.109938 
0.856 0.00 0.00 -0.0012 0.0011 0.1370 -0.0107 -0.109926 3.109902 
0.857 0.00 0.00 -0.0012 0.0011 0.1370 -0.0107 -0.109926 3.109868 
0.858 0.00 0.00 -0.0012 0.0011 0.1370 -0.0107 -0.109926 3.109838 
0.859 0.00 0.00 -0.0012 0.0011 0.1370 -0.0107 -0.109926 3.109809 
0.860 0.00 0.00 -0.0012 0.0011 0.1370 -0.0107 -0.109926 3.109782 
0.861 0.00 0.00 -0.0012 0.0011 0.1370 -0.0107 -0.109926 3.109753 
0.862 0.00 0.00 -0.0012 0.0011 0.1370 -0.0107 -0.109926 3.109722 
0.863 0.00 0.00 -0.0012 0.0011 0.1370 -0.0107 -0.109926 3.109693 
0.864 0.00 0.00 -0.0012 0.0011 0.1370 -0.0107 -0.109926 3.109665 
0.865 0.00 0.00 -0.0012 0.0011 0.1370 -0.0107 -0.109926 3.109636 
0.866 0.00 0.00 -0.0011 0.0011 0.1370 -0.0107 -0.109926 3.109607 
0.867 0.00 0.00 -0.0011 0.0011 0.1370 -0.0107 -0.109926 3.109576 
0.868 0.00 0.00 -0.0011 0.0011 0.1370 -0.0107 -0.109926 3.109544 
0.869 0.00 0.00 -0.0011 0.0011 0.1370 -0.0107 -0.109926 3.109515 
0.870 0.00 0.00 -0.0011 0.0011 0.1370 -0.0107 -0.109926 3.109488 
0.871 0.00 0.00 -0.0011 0.0011 0.1370 -0.0107 -0.109926 3.109463 
0.872 0.00 0.00 -0.0011 0.0011 0.1370 -0.0107 -0.109926 3.109435 
0.873 0.00 0.00 -0.0011 0.0011 0.1370 -0.0107 -0.109926 3.109402 
0.874 0.00 0.00 -0.0011 0.0011 0.1370 -0.0107 -0.109926 3.109367 
0.875 0.00 0.00 -0.0011 0.0011 0.1370 -0.0107 -0.109926 3.109334 
0.876 0.00 0.00 -0.0011 0.0011 0.1370 -0.0107 -0.109926 3.109302 
0.877 0.00 0.00 -0.0011 0.0011 0.1370 -0.0107 -0.109926 3.109264 
0.878 0.00 0.00 -0.0011 0.0011 0.1370 -0.0107 -0.109926 3.109222 
0.879 0.00 0.00 -0.0011 0.0011 0.1370 -0.0107 -0.109926 3.109182 
0.880 0.00 0.00 -0.0011 0.0011 0.1370 -0.0107 -0.109926 3.109141 
0.881 0.00 0.00 -0.0011 0.0011 0.1370 -0.0107 -0.109926 3.109100 
0.882 0.00 0.00 -0.0011 0.0011 0.1370 -0.0107 -0.109926 3.109063 
0.883 0.00 0.00 -0.0011 0.0011 0.1370 -0.0107 -0.109926 3.109029 
0.884 0.00 0.00 -0.0011 0.0011 0.1370 -0.0107 -0.109926 3.108994 
0.885 0.00 0.00 -0.0011 0.0011 0.1370 -0.0107 -0.109926 3.108957 
0.886 0.00 0.00 -0.0011 0.0011 0.1370 -0.0107 -0.109926 3.108923 
0.887 0.00 0.00 -0.0011 0.0011 0.1370 -0.0107 -0.109926 3.108889 
0.888 0.00 0.00 -0.0011 0.0011 0.1370 -0.0107 -0.109926 3.108857 
0.889 0.00 0.00 -0.0011 0.0010 0.1370 -0.0107 -0.109926 3.108827 
0.890 0.00 0.00 -0.0011 0.0010 0.1370 -0.0107 -0.109926 3.108800 
0.891 0.00 0.00 -0.0011 0.0010 0.1370 -0.0107 -0.109926 3.108774 
0.892 0.00 0.00 -0.0011 0.0010 0.1370 -0.0107 -0.109926 3.108743 
0.893 0.00 0.00 -0.0011 0.0010 0.1370 -0.0107 -0.109926 3.108710 
0.894 0.00 0.00 -0.0011 0.0010 0.1370 -0.0107 -0.109926 3.108680 
0.895 0.00 0.00 -0.0011 0.0010 0.1370 -0.0107 -0.109926 3.108653 
0.896 0.00 0.00 -0.0011 0.0010 0.1370 -0.0107 -0.109926 3.108625 
0.897 0.00 0.00 -0.0011 0.0010 0.1370 -0.0107 -0.109926 3.108595 
0.898 0.00 0.00 -0.0011 0.0010 0.1370 -0.0107 -0.109926 3.108566 
0.899 0.00 0.00 -0.0010 0.0010 0.1370 -0.0107 -0.109926 3.108534 
0.900 0.00 0.00 -0.0010 0.0010 0.1370 -0.0107 -0.109926 3.108498 
0.901 0.00 0.00 -0.0010 0.0010 0.1370 -0.0107 -0.109926 3.108462 
0.902 0.00 0.00 -0.0010 0.0010 0.1370 -0.0107 -0.109926 3.108429 
0.903 0.00 0.00 -0.0010 0.0010 0.1370 -0.0107 -0.109926 3.108398 
0.904 0.00 0.00 -0.0010 0.0010 0.1370 -0.0107 -0.109926 3.108366 
0.905 0.00 0.00 -0.0010 0.0010 0.1370 -0.0107 -0.109926 3.108333 
0.906 0.00 0.00 -0.0010 0.0010 0.1370 -0.0107 -0.109926 3.108299 
0.907 0.00 0.00 -0.0010 0.0010 0.1370 -0.0107 -0.109926 3.108265 
0.908 0.00 0.00 -0.0010 0.0010 0.1370 -0.0107 -0.109926 3.108229 
0.909 0.00 0.00 -0.0010 0.0010 0.1370 -0.0107 -0.109926 3.108193 
0.910 0.00 0.00 -0.0010 0.0010 0.1370 -0.0107 -0.109926 3.108160 
0.911 0.00 0.00 -0.0010 0.0010 0.1370 -0.0107 -0.109926 3.108131 
0.912 0.00 0.00 -0.0010 0.0010 0.1370 -0.0107 -0.109926 3.108102 
0.913 0.00 0.00 -0.0010 0.0010 0.1370 -0.0107 -0.109926 3.108071 
0.914 0.00 0.00 -0.0010 0.0010 0.1370 -0.0107 -0.109926 3.108040 
0.915 0.00 0.00 -0.0010 0.0010 0.1370 -0.0107 -0.109926 3.108011 
0.916 0.00 0.00 -0.0010 0.0010 0.1370 -0.0107 -0.109926 3.107980 
0.917 0.00 0.00 -0.0010 0.0010 0.1370 -0.0107 -0.109926 3.107945 
0.918 0.00 0.00 -0.0010 0.0010 0.1370 -0.0107 -0.109926 3.107911 
0.919 0.00 0.00 -0.0010 0.0010 0.1370 -0.0107 -0.109926 3.107880 
0.920 0.00 0.00 -0.0010 0.0010 0.1370 -0.0107 -0.109926 3.107851 
0.921 0.00 0.00 -0.0010 0.0010 0.1370 -0.0107 -0.109926 3.107816 
0.922 0.00 0.00 -0.0010 0.0010 0.1370 -0.0107 -0.109926 3.107779 
0.923 0.00 0.00 -0.0010 0.0010 0.1370 -0.0107 -0.109926 3.107744 
0.924 0.00 0.00 -0.0010 0.0010 0.1370 -0.0107 -0.109926 3.107711 
0.925 0.00 0.00 -0.0010 0.0010 0.1370 -0.0107 -0.109926 3.107677 
0.926 0.00 0.00 -0.0010 0.0010 0.1370 -0.0107 -0.109926 3.107647 
0.927 0.00 0.00 -0.0010 0.0010 0.1370 -0.0107 -0.109926 3.107622 
0.928 0.00 0.00 -0.0010 0.0010 0.1370 -0.0107 -0.109926 3.107595 
0.929 0.00 0.00 -0.0010 0.0010 0.1370 -0.0107 -0.109926 3.107564 
0.930 0.00 0.00 -0.0010 0.0009 0.1370 -0.0107 -0.109926 3.107531 
0.931 0.00 0.00 -0.0010 0.0009 0.1370 -0.0107 -0.109926 3.107498 
0.932 0.00 0.00 -0.0010 0.0009 0.1370 -0.0107 -0.109926 3.107467 
0.933 0.00 0.00 -0.0010 0.0009 0.1370 -0.0107 -0.109926 3.107440 
0.934 0.00 0.00 -0.0010 0.0009 0.1370 -0.0107 -0.109926 3.107417 
0.935 0.00 0.00 -0.0010 0.0009 0.1370 -0.0107 -0.109926 3.107393 
