%% logfile from robot Freja (4)
% Freja (4)
%  1    time 0.001 sec
%  2  3 Motor voltage [V] left, right: 4.65 4.65
%  4  5 Wheel velocity [m/s] left, right: 0.0000 0.0000
0.001 4.65 4.65 0.0000 0.0000 
0.006 2.97 4.65 0.1403 0.0000 
0.011 0.98 1.55 0.3056 0.2580 
0.016 1.61 2.35 0.2535 0.1918 
0.021 1.84 3.11 0.2338 0.1281 
0.026 1.39 3.96 0.2714 0.0577 
0.031 1.19 4.00 0.2885 0.0545 
0.036 1.26 3.21 0.2827 0.1196 
0.041 1.97 3.07 0.2236 0.1320 
0.046 2.75 3.22 0.1583 0.1189 
0.051 2.88 3.34 0.1473 0.1094 
0.056 2.50 3.04 0.1787 0.1338 
0.061 2.38 2.95 0.1887 0.1413 
0.066 2.35 2.80 0.1919 0.1538 
0.071 2.33 2.84 0.1937 0.1508 
0.076 2.43 2.96 0.1846 0.1410 
0.081 2.51 2.76 0.1783 0.1574 
0.086 2.39 2.44 0.1882 0.1841 
0.091 2.60 2.55 0.1708 0.1746 
0.096 2.65 2.74 0.1667 0.1594 
0.101 2.37 2.51 0.1900 0.1780 
0.106 2.00 1.97 0.2210 0.2236 
0.111 2.19 2.19 0.2054 0.2047 
0.116 2.51 2.50 0.1781 0.1795 
0.121 2.20 2.00 0.2039 0.2206 
0.126 2.24 1.97 0.2005 0.2230 
0.131 2.57 2.36 0.1735 0.1910 
0.136 2.59 2.33 0.1717 0.1936 
0.141 2.59 1.88 0.1719 0.2306 
0.146 2.75 2.02 0.1583 0.2188 
0.151 2.62 1.98 0.1688 0.2223 
0.156 2.25 1.76 0.2002 0.2405 
0.161 2.39 1.85 0.1881 0.2332 
0.166 2.57 1.86 0.1731 0.2323 
0.171 2.37 1.85 0.1898 0.2332 
0.176 2.23 1.90 0.2018 0.2292 
0.181 2.52 1.74 0.1773 0.2427 
0.186 2.65 1.69 0.1665 0.2470 
0.191 2.16 1.66 0.2072 0.2490 
0.196 2.04 1.69 0.2178 0.2467 
0.201 2.26 1.86 0.1994 0.2327 
0.206 2.09 1.66 0.2136 0.2495 
0.211 2.15 1.57 0.2083 0.2569 
0.216 2.58 1.77 0.1726 0.2396 
0.221 2.30 1.53 0.1959 0.2603 
0.226 2.06 1.58 0.2154 0.2558 
0.231 2.14 1.76 0.2092 0.2404 
0.236 2.10 1.66 0.2124 0.2493 
0.241 1.95 1.71 0.2248 0.2452 
0.246 2.11 1.43 0.2114 0.2680 
0.251 2.34 1.45 0.1927 0.2664 
0.256 2.10 1.69 0.2121 0.2464 
0.261 2.12 1.51 0.2103 0.2612 
0.266 2.21 1.68 0.2030 0.2473 
0.271 1.95 1.53 0.2253 0.2603 
0.276 1.94 1.32 0.2258 0.2778 
0.281 2.15 1.50 0.2081 0.2627 
0.286 2.04 1.44 0.2176 0.2672 
0.291 2.12 1.62 0.2105 0.2526 
0.296 2.24 1.56 0.2010 0.2578 
0.301 2.04 1.35 0.2171 0.2749 
0.306 1.92 1.45 0.2273 0.2665 
0.311 1.99 1.47 0.2216 0.2649 
0.316 1.86 1.52 0.2325 0.2611 
0.321 2.00 1.47 0.2207 0.2652 
0.326 2.13 1.58 0.2103 0.2561 
0.331 2.04 1.39 0.2174 0.2718 
0.336 2.13 1.35 0.2103 0.2753 
0.341 1.91 1.39 0.2287 0.2716 
0.346 1.72 1.39 0.2444 0.2716 
0.351 1.94 1.48 0.2261 0.2641 
0.356 2.00 1.40 0.2205 0.2708 
0.361 1.99 1.38 0.2213 0.2722 
0.366 2.16 1.55 0.2077 0.2586 
0.371 2.10 1.44 0.2123 0.2676 
0.376 1.78 1.52 0.2391 0.2606 
0.381 1.95 1.44 0.2247 0.2676 
0.386 1.84 1.51 0.2341 0.2615 
0.391 1.83 1.53 0.2352 0.2601 
0.396 2.13 1.29 0.2103 0.2798 
0.401 1.98 1.49 0.2228 0.2633 
0.406 1.91 1.46 0.2283 0.2655 
0.411 2.00 1.42 0.2209 0.2691 
0.416 1.79 1.49 0.2382 0.2634 
0.421 1.74 1.31 0.2424 0.2779 
0.426 2.11 1.44 0.2113 0.2679 
0.431 2.00 1.41 0.2206 0.2703 
0.436 1.98 1.39 0.2225 0.2713 
0.441 2.12 1.57 0.2109 0.2566 
0.446 1.79 1.45 0.2382 0.2665 
0.451 1.79 1.37 0.2386 0.2732 
0.456 1.99 1.47 0.2217 0.2646 
0.461 1.89 1.54 0.2297 0.2589 
0.466 2.10 1.44 0.2129 0.2671 
0.471 2.09 1.61 0.2136 0.2530 
0.476 1.94 1.55 0.2255 0.2581 
0.481 1.92 1.37 0.2279 0.2732 
0.486 1.88 1.51 0.2309 0.2614 
0.491 1.75 1.38 0.2416 0.2725 
0.496 1.93 1.52 0.2267 0.2611 
0.501 2.00 1.76 0.2209 0.2407 
0.506 2.04 1.52 0.2177 0.2609 
0.511 2.30 1.60 0.1957 0.2539 
0.516 1.86 1.38 0.2321 0.2723 
0.521 1.52 1.41 0.2611 0.2699 
0.526 2.04 1.65 0.2177 0.2497 
0.531 2.02 1.49 0.2191 0.2634 
0.536 2.12 1.65 0.2111 0.2499 
0.541 2.25 1.45 0.1996 0.2667 
0.546 1.95 1.37 0.2249 0.2731 
0.551 1.77 1.56 0.2398 0.2572 
0.556 1.98 1.36 0.2226 0.2742 
0.561 1.85 1.67 0.2331 0.2487 
0.566 1.91 1.59 0.2282 0.2550 
0.571 2.30 1.29 0.1957 0.2800 
0.576 1.93 1.45 0.2268 0.2670 
0.581 1.90 1.50 0.2290 0.2626 
0.586 1.98 1.53 0.2226 0.2602 
0.591 1.81 1.54 0.2368 0.2593 
0.596 1.95 1.52 0.2248 0.2608 
0.601 2.04 1.34 0.2173 0.2759 
0.606 1.94 1.45 0.2256 0.2668 
0.611 2.07 1.61 0.2150 0.2530 
0.616 2.08 1.47 0.2143 0.2653 
0.621 1.85 1.60 0.2334 0.2542 
0.626 1.85 1.44 0.2333 0.2674 
0.631 2.00 1.33 0.2204 0.2763 
0.636 1.99 1.47 0.2215 0.2653 
0.641 2.06 1.40 0.2158 0.2706 
0.646 2.02 1.47 0.2192 0.2646 
0.651 1.97 1.43 0.2231 0.2681 
0.656 1.99 1.33 0.2213 0.2769 
0.661 1.68 1.54 0.2472 0.2589 
0.666 1.77 1.29 0.2396 0.2798 
0.671 1.99 1.45 0.2213 0.2666 
0.676 1.95 1.49 0.2250 0.2636 
0.681 2.00 1.49 0.2206 0.2636 
0.686 2.23 1.40 0.2012 0.2706 
0.691 1.81 1.31 0.2362 0.2783 
0.696 1.70 1.43 0.2457 0.2683 
0.701 2.06 1.35 0.2161 0.2750 
0.706 1.83 1.25 0.2351 0.2830 
0.711 1.90 1.45 0.2293 0.2671 
0.716 2.29 1.29 0.1963 0.2797 
0.721 1.94 1.33 0.2257 0.2763 
0.726 1.84 1.35 0.2337 0.2750 
0.731 2.00 1.43 0.2210 0.2684 
0.736 1.85 1.53 0.2336 0.2601 
0.741 1.94 1.54 0.2262 0.2589 
0.746 2.25 1.32 0.1999 0.2776 
0.751 2.08 1.30 0.2141 0.2789 
0.756 2.11 1.38 0.2117 0.2725 
0.761 2.07 1.34 0.2147 0.2753 
0.766 1.76 1.58 0.2410 0.2554 
0.771 1.93 1.43 0.2270 0.2687 
0.776 2.19 1.27 0.2052 0.2812 
0.781 2.17 1.33 0.2065 0.2763 
0.786 2.21 1.26 0.2031 0.2827 
0.791 2.16 1.55 0.2074 0.2585 
0.796 1.91 1.58 0.2280 0.2560 
0.801 2.07 1.41 0.2148 0.2701 
0.806 2.21 1.38 0.2032 0.2723 
0.811 1.92 1.29 0.2275 0.2798 
0.816 2.05 1.46 0.2169 0.2658 
0.821 2.20 1.55 0.2039 0.2579 
0.826 2.11 1.55 0.2119 0.2579 
0.831 2.20 1.46 0.2040 0.2662 
0.836 2.08 1.26 0.2145 0.2821 
0.841 1.75 1.42 0.2419 0.2692 
0.846 2.01 1.44 0.2198 0.2678 
0.851 2.17 1.40 0.2064 0.2712 
0.856 1.98 1.51 0.2221 0.2615 
0.861 2.28 1.45 0.1977 0.2667 
0.866 2.40 1.33 0.1871 0.2762 
0.871 1.76 1.37 0.2409 0.2734 
0.876 1.82 1.50 0.2356 0.2629 
0.881 2.15 1.38 0.2084 0.2722 
0.886 1.98 1.50 0.2226 0.2622 
0.891 2.11 1.36 0.2115 0.2744 
0.896 2.36 1.44 0.1911 0.2678 
0.901 2.07 1.48 0.2148 0.2645 
0.906 1.93 1.38 0.2267 0.2723 
0.911 2.02 1.61 0.2187 0.2536 
0.916 1.97 1.42 0.2235 0.2689 
0.921 2.07 1.25 0.2153 0.2835 
0.926 2.26 1.39 0.1990 0.2716 
0.931 2.00 1.27 0.2208 0.2817 
0.936 2.04 1.45 0.2174 0.2670 
0.941 2.17 1.50 0.2067 0.2624 
0.946 1.77 1.38 0.2399 0.2724 
0.951 1.91 1.39 0.2280 0.2719 
0.956 2.12 1.30 0.2107 0.2793 
0.961 1.95 1.42 0.2249 0.2690 
0.966 2.03 1.46 0.2179 0.2661 
0.971 2.16 1.55 0.2073 0.2585 
0.976 2.06 1.42 0.2161 0.2690 
0.981 1.93 1.31 0.2267 0.2785 
0.986 1.88 1.35 0.2309 0.2747 
0.991 1.81 1.29 0.2363 0.2803 
0.996 2.08 1.36 0.2145 0.2743 
1.001 2.08 1.48 0.2137 0.2644 
1.006 1.91 1.43 0.2281 0.2682 
1.011 2.08 1.33 0.2142 0.2763 
1.016 1.98 1.35 0.2228 0.2750 
1.021 1.75 1.40 0.2417 0.2708 
1.026 1.99 1.38 0.2214 0.2728 
1.031 1.98 1.59 0.2226 0.2550 
1.036 1.90 1.36 0.2296 0.2737 
1.041 2.24 1.35 0.2007 0.2746 
1.046 2.25 1.29 0.2004 0.2799 
1.051 1.76 1.27 0.2410 0.2816 
1.056 1.82 1.56 0.2361 0.2573 
1.061 1.84 1.40 0.2344 0.2710 
1.066 1.86 1.26 0.2325 0.2823 
1.071 2.15 1.37 0.2080 0.2734 
1.076 2.04 1.29 0.2176 0.2800 
1.081 1.87 1.46 0.2313 0.2658 
1.086 1.92 1.62 0.2278 0.2520 
1.091 1.78 1.50 0.2387 0.2621 
1.096 1.87 1.34 0.2314 0.2758 
1.101 2.11 1.32 0.2119 0.2778 
1.106 1.99 1.43 0.2216 0.2683 
1.111 2.02 1.47 0.2195 0.2646 
1.116 2.08 1.55 0.2144 0.2587 
1.121 1.84 1.43 0.2339 0.2685 
1.126 1.90 1.42 0.2293 0.2690 
1.131 1.94 1.36 0.2257 0.2738 
1.136 1.91 1.38 0.2279 0.2724 
1.141 2.04 1.48 0.2174 0.2642 
1.146 2.10 1.56 0.2125 0.2574 
1.151 1.97 1.51 0.2237 0.2618 
1.156 1.95 1.32 0.2249 0.2778 
1.161 1.84 1.43 0.2344 0.2686 
1.166 1.78 1.60 0.2393 0.2541 
1.171 2.07 1.50 0.2146 0.2627 
1.176 2.14 1.66 0.2094 0.2495 
1.181 1.94 1.38 0.2255 0.2725 
1.186 2.11 1.41 0.2114 0.2697 
1.191 1.71 1.64 0.2450 0.2512 
1.196 1.64 1.46 0.2510 0.2655 
1.201 2.05 1.72 0.2163 0.2442 
1.206 1.92 1.80 0.2276 0.2374 
1.211 1.98 1.48 0.2227 0.2639 
1.216 2.25 1.77 0.2003 0.2401 
1.221 2.00 1.45 0.2206 0.2665 
1.226 1.52 1.47 0.2606 0.2650 
1.231 1.76 1.54 0.2408 0.2589 
1.236 1.67 1.40 0.2481 0.2706 
1.241 1.92 1.27 0.2275 0.2814 
1.246 2.06 1.53 0.2160 0.2602 
1.251 1.91 1.46 0.2281 0.2659 
1.256 2.01 1.44 0.2198 0.2678 
1.261 1.95 1.49 0.2254 0.2637 
1.266 1.74 1.26 0.2422 0.2821 
1.271 1.90 1.37 0.2293 0.2736 
1.276 2.01 1.65 0.2202 0.2503 
1.281 2.16 1.42 0.2073 0.2695 
1.286 2.14 1.31 0.2092 0.2785 
1.291 1.68 1.37 0.2471 0.2737 
1.296 1.66 1.46 0.2493 0.2660 
1.301 1.99 1.49 0.2213 0.2632 
1.306 1.92 1.43 0.2277 0.2687 
1.311 2.07 1.46 0.2150 0.2656 
1.316 2.15 1.34 0.2080 0.2760 
1.321 1.80 1.45 0.2372 0.2669 
1.326 1.93 1.70 0.2268 0.2459 
1.331 2.08 1.41 0.2145 0.2703 
1.336 1.74 1.49 0.2425 0.2632 
1.341 1.89 1.40 0.2299 0.2708 
1.346 2.06 1.38 0.2160 0.2722 
1.351 1.89 1.58 0.2301 0.2558 
1.356 2.03 1.41 0.2182 0.2702 
1.361 2.02 1.43 0.2193 0.2685 
1.366 1.61 1.37 0.2529 0.2732 
1.371 1.82 1.24 0.2360 0.2838 
1.376 1.84 1.38 0.2342 0.2726 
1.381 1.89 1.55 0.2297 0.2582 
1.386 2.14 1.42 0.2088 0.2690 
1.391 2.03 1.40 0.2183 0.2712 
1.396 1.77 1.41 0.2398 0.2698 
1.401 1.78 1.32 0.2390 0.2770 
1.406 1.79 1.45 0.2386 0.2663 
1.411 1.94 1.41 0.2255 0.2701 
1.416 2.25 1.34 0.1999 0.2754 
1.421 1.98 1.46 0.2223 0.2659 
1.426 1.96 1.33 0.2241 0.2768 
1.431 1.87 1.35 0.2319 0.2752 
1.436 1.68 1.41 0.2478 0.2699 
1.441 1.82 1.45 0.2354 0.2669 
1.446 1.87 1.45 0.2314 0.2665 
1.451 1.91 1.30 0.2281 0.2790 
1.456 2.14 1.51 0.2092 0.2613 
1.461 1.98 1.42 0.2228 0.2695 
1.466 1.71 1.32 0.2452 0.2774 
1.471 1.93 1.50 0.2266 0.2621 
1.476 1.88 1.34 0.2306 0.2760 
1.481 1.90 1.51 0.2289 0.2617 
1.486 2.16 1.44 0.2071 0.2674 
1.491 2.05 1.48 0.2165 0.2643 
1.496 2.05 1.52 0.2170 0.2607 
1.501 5.14 4.43 0.2174 0.2766 
1.506 3.98 3.76 0.3141 0.3322 
1.511 3.60 3.25 0.3461 0.3751 
1.516 3.15 3.65 0.3829 0.3417 
1.521 2.70 3.83 0.4204 0.3265 
1.526 2.56 3.48 0.4324 0.3554 
1.531 3.17 3.33 0.3816 0.3683 
1.536 3.83 3.27 0.3268 0.3736 
1.541 3.62 3.34 0.3442 0.3673 
1.546 3.11 3.13 0.3863 0.3849 
1.551 2.74 3.07 0.4173 0.3901 
1.556 3.10 3.07 0.3876 0.3897 
1.561 3.52 2.83 0.3525 0.4102 
1.566 3.30 2.84 0.3709 0.4094 
1.571 3.11 2.84 0.3867 0.4091 
1.576 2.93 2.82 0.4016 0.4106 
1.581 2.92 2.91 0.4020 0.4034 
1.586 3.09 2.88 0.3883 0.4058 
1.591 3.35 2.64 0.3670 0.4258 
1.596 3.52 2.51 0.3524 0.4369 
1.601 3.28 2.67 0.3724 0.4234 
1.606 3.28 2.61 0.3725 0.4281 
1.611 3.10 2.46 0.3877 0.4405 
1.616 3.23 2.50 0.3767 0.4372 
1.621 3.35 2.61 0.3668 0.4282 
1.626 2.97 2.44 0.3979 0.4429 
1.631 2.90 2.32 0.4043 0.4526 
1.636 2.97 2.52 0.3981 0.4359 
1.641 3.24 2.59 0.3760 0.4297 
1.646 3.19 2.19 0.3801 0.4629 
1.651 3.00 2.25 0.3959 0.4584 
1.656 3.17 2.45 0.3820 0.4414 
1.661 3.06 2.37 0.3907 0.4479 
1.666 3.00 2.21 0.3962 0.4617 
1.671 2.91 2.31 0.4031 0.4533 
1.676 2.97 2.38 0.3985 0.4475 
1.681 3.10 2.26 0.3877 0.4577 
1.686 2.87 2.20 0.4063 0.4624 
1.691 2.75 2.42 0.4166 0.4445 
1.696 2.90 2.19 0.4040 0.4632 
1.701 3.13 2.10 0.3850 0.4707 
1.706 3.18 2.41 0.3804 0.4448 
1.711 2.88 2.17 0.4054 0.4653 
1.716 2.77 2.12 0.4150 0.4691 
1.721 3.04 2.28 0.3923 0.4557 
1.726 2.97 2.29 0.3981 0.4552 
1.731 2.73 2.22 0.4179 0.4606 
1.736 2.90 1.94 0.4039 0.4845 
1.741 2.97 2.19 0.3982 0.4631 
1.746 2.85 2.19 0.4084 0.4637 
1.751 2.50 2.17 0.4379 0.4651 
1.756 2.77 2.14 0.4150 0.4677 
1.761 3.06 2.37 0.3912 0.4487 
1.766 2.68 2.07 0.4222 0.4731 
1.771 2.60 2.07 0.4296 0.4733 
1.776 2.88 2.31 0.4058 0.4532 
1.781 2.92 2.02 0.4029 0.4773 
1.786 2.77 2.03 0.4154 0.4768 
1.791 2.71 2.39 0.4199 0.4463 
1.796 2.88 2.29 0.4059 0.4548 
1.801 3.02 1.95 0.3937 0.4835 
1.806 2.88 2.29 0.4057 0.4547 
1.811 2.78 2.39 0.4142 0.4465 
1.816 2.88 1.94 0.4054 0.4844 
1.821 2.87 2.01 0.4063 0.4786 
1.826 2.83 2.33 0.4100 0.4513 
1.831 2.88 2.17 0.4058 0.4646 
1.836 2.94 1.92 0.4004 0.4855 
1.841 2.87 2.10 0.4063 0.4705 
1.846 2.55 2.27 0.4334 0.4565 
1.851 2.75 2.13 0.4166 0.4684 
1.856 3.10 2.14 0.3877 0.4672 
1.861 2.88 2.11 0.4061 0.4702 
1.866 2.55 2.04 0.4331 0.4755 
1.871 2.77 1.99 0.4147 0.4801 
1.876 2.94 2.16 0.4008 0.4658 
1.881 2.84 2.08 0.4091 0.4722 
1.886 2.70 2.08 0.4210 0.4727 
1.891 2.91 2.17 0.4030 0.4648 
1.896 3.19 2.19 0.3800 0.4630 
1.901 2.67 2.02 0.4237 0.4778 
1.906 2.53 1.92 0.4351 0.4856 
1.911 2.98 2.14 0.3970 0.4673 
1.916 2.79 2.08 0.4132 0.4726 
1.921 2.46 2.10 0.4407 0.4708 
1.926 2.75 2.16 0.4162 0.4657 
1.931 3.12 2.10 0.3861 0.4707 
1.936 2.93 1.92 0.4018 0.4857 
1.941 2.51 2.00 0.4364 0.4788 
1.946 2.74 2.04 0.4175 0.4754 
1.951 3.05 1.95 0.3917 0.4831 
1.956 2.76 2.12 0.4159 0.4688 
1.961 2.68 2.28 0.4226 0.4555 
1.966 2.97 2.13 0.3980 0.4679 
1.971 2.90 1.87 0.4045 0.4897 
1.976 2.75 2.23 0.4165 0.4603 
1.981 2.75 2.08 0.4167 0.4722 
1.986 3.00 1.94 0.3957 0.4842 
1.991 3.23 1.98 0.3768 0.4809 
1.996 2.85 2.24 0.4083 0.4594 
2.001 2.46 2.00 0.4404 0.4787 
2.006 2.85 2.00 0.4082 0.4791 
2.011 3.00 2.18 0.3954 0.4642 
2.016 2.67 2.10 0.4237 0.4711 
2.021 2.69 1.98 0.4212 0.4812 
2.026 2.99 1.97 0.3965 0.4813 
2.031 3.05 2.00 0.3914 0.4795 
2.036 2.63 1.93 0.4265 0.4850 
2.041 2.72 2.15 0.4192 0.4662 
2.046 3.17 1.97 0.3812 0.4813 
2.051 2.98 2.17 0.3978 0.4650 
2.056 2.72 1.95 0.4194 0.4834 
2.061 2.86 2.18 0.4077 0.4645 
2.066 3.03 1.89 0.3929 0.4886 
2.071 2.98 1.90 0.3977 0.4877 
2.076 2.74 2.10 0.4175 0.4708 
2.081 2.91 2.17 0.4036 0.4650 
2.086 3.23 1.97 0.3767 0.4819 
2.091 2.87 2.17 0.4065 0.4646 
2.096 2.51 2.17 0.4370 0.4646 
2.101 2.81 2.02 0.4118 0.4778 
2.106 3.18 2.07 0.3808 0.4734 
2.111 2.87 2.06 0.4063 0.4745 
2.116 2.61 2.01 0.4284 0.4780 
2.121 2.88 2.01 0.4059 0.4783 
2.126 3.18 2.29 0.3806 0.4551 
2.131 2.78 2.02 0.4138 0.4779 
2.136 2.67 2.03 0.4237 0.4768 
2.141 2.92 2.23 0.4028 0.4604 
2.146 2.90 2.10 0.4039 0.4709 
2.151 2.71 1.92 0.4202 0.4860 
2.156 2.62 2.19 0.4272 0.4637 
2.161 2.93 2.43 0.4017 0.4435 
2.166 3.15 1.98 0.3832 0.4806 
2.171 2.90 2.18 0.4045 0.4644 
2.176 2.71 2.23 0.4196 0.4596 
2.181 2.87 2.07 0.4068 0.4732 
2.186 2.89 2.03 0.4053 0.4769 
2.191 2.75 2.22 0.4169 0.4605 
2.196 2.64 2.13 0.4257 0.4683 
2.201 3.20 1.88 0.3791 0.4895 
2.206 2.67 2.19 0.4234 0.4629 
2.211 2.43 2.09 0.4436 0.4718 
2.216 2.65 2.10 0.4248 0.4710 
2.221 3.08 2.04 0.3891 0.4761 
2.226 2.81 2.24 0.4116 0.4593 
2.231 2.54 2.02 0.4343 0.4776 
2.236 2.81 1.89 0.4115 0.4884 
2.241 2.78 2.16 0.4142 0.4658 
2.246 2.56 2.21 0.4321 0.4616 
2.251 2.53 2.10 0.4346 0.4710 
2.256 2.71 2.06 0.4201 0.4737 
2.261 2.77 2.29 0.4152 0.4552 
2.266 2.68 1.99 0.4222 0.4801 
2.271 2.69 1.97 0.4215 0.4819 
2.276 2.88 2.03 0.4061 0.4766 
2.281 2.76 2.08 0.4157 0.4728 
2.286 2.49 1.99 0.4384 0.4799 
2.291 2.72 2.19 0.4194 0.4634 
2.296 2.80 2.09 0.4127 0.4718 
2.301 2.52 1.96 0.4356 0.4825 
2.306 2.63 2.18 0.4265 0.4641 
2.311 2.54 2.46 0.4337 0.4410 
2.316 2.48 2.31 0.4387 0.4534 
2.321 2.96 1.94 0.3993 0.4839 
2.326 2.86 1.97 0.4071 0.4819 
2.331 2.62 1.91 0.4279 0.4865 
2.336 2.46 1.89 0.4409 0.4887 
2.341 2.54 2.21 0.4345 0.4612 
2.346 2.92 2.08 0.4029 0.4727 
2.351 3.12 1.87 0.3859 0.4902 
2.356 2.73 1.80 0.4181 0.4959 
2.361 2.51 1.87 0.4368 0.4896 
2.366 2.85 1.89 0.4080 0.4880 
2.371 2.96 1.90 0.3989 0.4874 
2.376 2.60 1.84 0.4291 0.4921 
2.381 2.37 1.87 0.4483 0.4898 
2.386 2.84 1.90 0.4089 0.4873 
2.391 3.15 1.93 0.3828 0.4851 
2.396 2.57 1.83 0.4318 0.4931 
2.401 2.58 1.76 0.4312 0.4989 
2.406 2.90 1.78 0.4044 0.4970 
2.411 2.78 1.84 0.4141 0.4926 
2.416 2.73 1.83 0.4184 0.4932 
2.421 2.80 1.80 0.4128 0.4960 
2.426 2.92 1.93 0.4023 0.4853 
2.431 2.84 1.79 0.4089 0.4966 
2.436 2.61 1.80 0.4280 0.4955 
2.441 2.79 1.70 0.4129 0.5038 
2.446 3.17 1.79 0.3819 0.4964 
2.451 2.94 1.76 0.4008 0.4995 
2.456 2.68 1.87 0.4224 0.4897 
2.461 2.95 1.77 0.4001 0.4980 
2.466 3.09 1.83 0.3885 0.4935 
2.471 2.81 1.87 0.4121 0.4903 
2.476 2.43 1.79 0.4431 0.4965 
2.481 2.76 2.01 0.4154 0.4786 
2.486 2.86 2.31 0.4074 0.4537 
2.491 2.43 2.11 0.4433 0.4701 
2.496 2.44 2.09 0.4421 0.4714 
2.501 2.84 2.19 0.4088 0.4636 
2.506 2.67 2.23 0.4234 0.4595 
2.511 2.37 2.13 0.4481 0.4683 
2.516 2.59 2.16 0.4303 0.4660 
2.521 2.73 2.27 0.4185 0.4570 
2.526 2.42 2.15 0.4440 0.4669 
2.531 2.26 2.24 0.4576 0.4591 
2.536 2.45 2.43 0.4417 0.4435 
2.541 2.69 2.28 0.4216 0.4554 
2.546 2.27 2.10 0.4568 0.4707 
2.551 2.32 2.35 0.4522 0.4498 
2.556 2.63 2.45 0.4270 0.4417 
2.561 2.50 2.07 0.4371 0.4736 
2.566 2.15 2.19 0.4667 0.4634 
2.571 2.44 2.34 0.4425 0.4504 
2.576 2.40 2.16 0.4459 0.4655 
2.581 2.17 2.17 0.4648 0.4650 
2.586 2.21 2.25 0.4612 0.4579 
2.591 2.52 2.39 0.4357 0.4469 
2.596 2.43 2.11 0.4433 0.4700 
2.601 2.06 2.08 0.4742 0.4722 
2.606 2.32 2.45 0.4522 0.4416 
2.611 2.47 2.19 0.4398 0.4633 
2.616 2.15 2.10 0.4666 0.4707 
2.621 2.11 2.37 0.4698 0.4480 
2.626 2.31 2.41 0.4531 0.4449 
2.631 2.31 1.93 0.4531 0.4848 
2.636 2.10 2.25 0.4706 0.4583 
2.641 2.31 2.46 0.4529 0.4407 
2.646 2.36 1.94 0.4491 0.4843 
2.651 1.94 2.14 0.4841 0.4672 
2.656 2.21 2.39 0.4619 0.4466 
2.661 2.43 2.14 0.4433 0.4675 
2.666 2.21 1.95 0.4619 0.4829 
2.671 2.08 2.25 0.4721 0.4586 
2.676 2.38 2.21 0.4478 0.4618 
2.681 2.41 2.05 0.4446 0.4748 
2.686 2.04 2.14 0.4755 0.4671 
2.691 2.20 2.15 0.4622 0.4667 
2.696 2.39 2.19 0.4466 0.4634 
2.701 2.01 2.09 0.4782 0.4717 
2.706 2.12 2.15 0.4687 0.4666 
2.711 2.41 2.15 0.4453 0.4670 
2.716 2.30 2.10 0.4539 0.4706 
2.721 1.91 2.16 0.4865 0.4656 
2.726 2.28 2.11 0.4556 0.4702 
2.731 2.40 2.02 0.4454 0.4773 
2.736 1.96 1.91 0.4825 0.4867 
2.741 2.13 2.27 0.4684 0.4564 
2.746 2.32 2.16 0.4526 0.4656 
2.751 2.23 2.02 0.4600 0.4778 
2.756 1.99 2.19 0.4801 0.4634 
2.761 2.35 2.17 0.4501 0.4653 
2.766 2.36 1.90 0.4494 0.4874 
2.771 1.93 1.89 0.4851 0.4882 
2.776 2.13 2.19 0.4679 0.4629 
2.781 2.30 2.06 0.4540 0.4743 
2.786 2.11 1.99 0.4700 0.4804 
2.791 1.83 2.13 0.4935 0.4681 
2.796 2.38 2.13 0.4471 0.4684 
2.801 2.34 1.92 0.4504 0.4857 
2.806 1.92 2.14 0.4857 0.4676 
2.811 2.40 2.00 0.4456 0.4790 
2.816 2.27 1.94 0.4566 0.4839 
2.821 1.97 2.04 0.4815 0.4760 
2.826 1.97 2.19 0.4818 0.4636 
2.831 2.38 1.96 0.4471 0.4822 
2.836 2.06 1.97 0.4743 0.4813 
2.841 2.05 2.14 0.4751 0.4675 
2.846 2.43 2.02 0.4435 0.4774 
2.851 2.18 2.04 0.4641 0.4757 
2.856 1.96 2.03 0.4828 0.4769 
2.861 2.17 2.14 0.4648 0.4674 
2.866 2.40 1.91 0.4459 0.4869 
2.871 1.94 2.09 0.4843 0.4719 
2.876 2.21 2.00 0.4617 0.4788 
2.881 2.46 2.12 0.4412 0.4692 
2.886 2.13 2.02 0.4684 0.4774 
2.891 2.07 2.00 0.4733 0.4790 
2.896 2.39 1.99 0.4466 0.4801 
2.901 2.27 1.96 0.4566 0.4826 
2.906 1.82 2.11 0.4943 0.4701 
2.911 2.06 2.08 0.4740 0.4722 
2.916 2.43 2.01 0.4433 0.4781 
2.921 2.20 2.07 0.4625 0.4732 
2.926 2.12 2.29 0.4692 0.4549 
2.931 2.29 1.90 0.4551 0.4874 
2.936 2.30 2.07 0.4544 0.4736 
2.941 2.04 2.25 0.4758 0.4581 
2.946 2.18 2.12 0.4638 0.4691 
2.951 2.43 2.06 0.4436 0.4742 
2.956 2.02 2.40 0.4777 0.4458 
2.961 2.12 2.22 0.4688 0.4610 
2.966 2.46 1.98 0.4408 0.4805 
2.971 2.32 2.33 0.4524 0.4520 
2.976 2.16 2.11 0.4658 0.4703 
2.981 2.34 1.97 0.4506 0.4819 
2.986 2.28 2.11 0.4561 0.4700 
2.991 1.88 2.36 0.4892 0.4488 
2.996 2.15 2.05 0.4667 0.4750 
3.001 2.33 2.02 0.4519 0.4777 
3.006 2.06 2.38 0.4738 0.4478 
3.011 2.02 2.10 0.4771 0.4710 
3.016 2.47 2.06 0.4403 0.4743 
3.021 2.43 2.20 0.4433 0.4625 
3.026 1.95 2.23 0.4830 0.4601 
3.031 2.18 2.00 0.4644 0.4794 
3.036 2.33 2.09 0.4521 0.4714 
3.041 2.06 2.26 0.4741 0.4576 
3.046 2.09 1.94 0.4718 0.4838 
3.051 2.40 2.09 0.4456 0.4717 
3.056 2.17 2.03 0.4647 0.4767 
3.061 1.95 2.08 0.4831 0.4724 
3.066 2.40 1.89 0.4459 0.4883 
3.071 2.30 2.19 0.4541 0.4633 
3.076 1.99 2.16 0.4801 0.4657 
3.081 2.17 2.03 0.4648 0.4764 
3.086 2.37 1.94 0.4480 0.4838 
3.091 2.11 2.28 0.4699 0.4556 
3.096 2.01 2.14 0.4780 0.4676 
3.101 2.49 1.90 0.4380 0.4874 
3.106 2.34 2.27 0.4505 0.4562 
3.111 1.90 2.11 0.4871 0.4696 
3.116 2.13 2.03 0.4679 0.4763 
3.121 2.31 2.11 0.4531 0.4699 
3.126 1.96 2.30 0.4825 0.4540 
3.131 2.02 2.08 0.4776 0.4727 
3.136 2.41 2.04 0.4449 0.4755 
3.141 2.06 2.11 0.4742 0.4697 
3.146 1.96 2.12 0.4823 0.4688 
3.151 2.26 2.22 0.4571 0.4608 
3.156 2.23 2.22 0.4598 0.4609 
3.161 1.88 2.17 0.4889 0.4646 
3.166 2.07 2.06 0.4736 0.4742 
3.171 2.27 1.99 0.4564 0.4796 
3.176 2.04 2.18 0.4761 0.4638 
3.181 2.11 2.09 0.4699 0.4717 
3.186 2.48 2.09 0.4387 0.4719 
3.191 2.13 2.04 0.4680 0.4758 
3.196 1.76 2.14 0.4990 0.4678 
3.201 2.12 1.97 0.4690 0.4820 
3.206 2.27 2.23 0.4568 0.4601 
3.211 1.91 2.02 0.4865 0.4778 
3.216 2.23 2.26 0.4604 0.4578 
3.221 2.27 2.00 0.4569 0.4795 
3.226 2.00 2.01 0.4795 0.4786 
3.231 1.92 2.06 0.4862 0.4738 
3.236 2.33 1.96 0.4521 0.4825 
3.241 2.17 2.20 0.4653 0.4626 
3.246 1.92 2.18 0.4856 0.4638 
3.251 2.23 2.04 0.4604 0.4755 
3.256 2.25 2.06 0.4583 0.4740 
3.261 1.98 2.15 0.4809 0.4666 
3.266 2.08 1.86 0.4729 0.4906 
3.271 2.55 2.06 0.4333 0.4742 
3.276 2.10 2.13 0.4706 0.4684 
3.281 1.86 2.06 0.4903 0.4741 
3.286 2.38 2.08 0.4477 0.4724 
3.291 2.16 2.22 0.4659 0.4606 
3.296 1.85 2.02 0.4920 0.4774 
3.301 2.18 2.06 0.4643 0.4737 
3.306 2.37 2.12 0.4484 0.4691 
3.311 1.95 2.06 0.4835 0.4741 
3.316 2.22 2.06 0.4609 0.4738 
3.321 2.52 2.23 0.4360 0.4603 
3.326 2.20 2.27 0.4622 0.4566 
3.331 2.08 2.09 0.4725 0.4716 
3.336 2.34 2.07 0.4508 0.4731 
3.341 2.41 2.24 0.4449 0.4591 
3.346 2.20 2.02 0.4627 0.4774 
3.351 2.41 2.12 0.4446 0.4693 
3.356 2.66 2.32 0.4243 0.4523 
3.361 1.98 2.20 0.4806 0.4623 
3.366 2.06 2.05 0.4738 0.4749 
3.371 2.54 2.33 0.4339 0.4517 
3.376 2.26 2.13 0.4573 0.4686 
3.381 1.97 2.02 0.4818 0.4776 
3.386 2.26 2.10 0.4576 0.4704 
3.391 2.39 2.10 0.4464 0.4711 
3.396 2.08 2.15 0.4721 0.4665 
3.401 2.11 2.09 0.4701 0.4713 
3.406 2.42 2.19 0.4440 0.4635 
3.411 2.13 2.16 0.4682 0.4660 
3.416 2.02 2.12 0.4778 0.4695 
3.421 2.21 2.15 0.4615 0.4662 
3.426 2.46 2.18 0.4411 0.4639 
3.431 2.16 2.00 0.4659 0.4792 
3.436 2.06 1.89 0.4740 0.4887 
3.441 2.45 2.35 0.4419 0.4501 
3.446 2.12 2.13 0.4695 0.4682 
3.451 1.93 1.99 0.4851 0.4800 
3.456 2.25 2.24 0.4587 0.4592 
3.461 2.23 2.19 0.4601 0.4629 
3.466 1.91 1.90 0.4870 0.4877 
3.471 2.14 1.98 0.4672 0.4811 
3.476 2.34 2.24 0.4505 0.4593 
3.481 2.10 2.01 0.4704 0.4786 
3.486 2.20 2.06 0.4625 0.4738 
3.491 2.28 2.23 0.4556 0.4601 
3.496 2.21 2.15 0.4615 0.4668 
3.501 2.01 1.90 0.4784 0.4877 
3.506 2.36 2.23 0.4488 0.4601 
3.511 2.36 2.08 0.4493 0.4720 
3.516 1.97 1.94 0.4815 0.4843 
3.521 2.21 2.06 0.4619 0.4742 
3.526 2.61 2.17 0.4285 0.4650 
3.531 2.07 2.06 0.4736 0.4741 
3.536 2.04 2.05 0.4754 0.4747 
3.541 2.41 2.16 0.4448 0.4656 
3.546 2.30 1.93 0.4540 0.4846 
3.551 1.94 1.99 0.4842 0.4799 
3.556 2.33 2.03 0.4515 0.4767 
3.561 2.47 2.16 0.4399 0.4658 
3.566 2.08 1.91 0.4720 0.4870 
3.571 2.15 1.95 0.4662 0.4834 
3.576 2.33 2.02 0.4515 0.4772 
3.581 2.17 2.06 0.4654 0.4741 
3.586 1.95 2.04 0.4837 0.4757 
3.591 2.49 2.14 0.4386 0.4675 
3.596 2.38 1.94 0.4478 0.4842 
3.601 1.93 1.83 0.4848 0.4928 
3.606 2.08 2.11 0.4729 0.4702 
3.611 2.43 2.19 0.4436 0.4637 
3.616 2.03 2.00 0.4763 0.4788 
3.621 1.80 1.98 0.4955 0.4809 
3.626 2.38 2.24 0.4470 0.4595 
3.631 2.16 1.93 0.4655 0.4849 
3.636 1.93 1.87 0.4854 0.4898 
3.641 2.08 2.01 0.4726 0.4781 
3.646 2.28 2.07 0.4555 0.4731 
3.651 2.02 1.98 0.4772 0.4812 
3.656 2.09 2.24 0.4717 0.4593 
3.661 2.48 2.17 0.4389 0.4648 
3.666 2.04 1.95 0.4759 0.4836 
3.671 1.96 2.01 0.4824 0.4781 
3.676 2.44 2.00 0.4422 0.4789 
3.681 2.34 1.99 0.4505 0.4802 
3.686 1.92 2.02 0.4855 0.4772 
3.691 2.19 2.11 0.4636 0.4700 
3.696 2.52 2.02 0.4354 0.4779 
3.701 1.89 2.06 0.4885 0.4739 
3.706 2.48 2.07 0.4395 0.4734 
3.711 2.47 2.12 0.4398 0.4691 
3.716 2.24 1.84 0.4592 0.4921 
3.721 2.06 2.07 0.4744 0.4736 
3.726 2.33 2.05 0.4518 0.4749 
3.731 2.49 2.04 0.4379 0.4756 
3.736 2.17 2.10 0.4647 0.4707 
3.741 2.25 2.24 0.4578 0.4589 
3.746 2.58 1.98 0.4305 0.4804 
3.751 2.23 2.02 0.4600 0.4777 
3.756 2.20 2.31 0.4626 0.4535 
3.761 2.41 2.18 0.4447 0.4642 
3.766 2.40 2.01 0.4456 0.4780 
3.771 1.97 2.13 0.4818 0.4682 
3.776 2.08 2.19 0.4721 0.4630 
3.781 2.56 2.00 0.4320 0.4796 
3.786 2.15 2.15 0.4665 0.4667 
3.791 2.02 2.29 0.4772 0.4550 
3.796 2.43 1.96 0.4433 0.4825 
3.801 2.30 1.78 0.4543 0.4976 
3.806 2.11 2.12 0.4699 0.4694 
3.811 2.21 2.16 0.4613 0.4656 
3.816 2.50 1.82 0.4372 0.4938 
3.821 2.18 2.24 0.4643 0.4588 
3.826 2.12 2.04 0.4687 0.4754 
3.831 2.61 2.07 0.4281 0.4733 
3.836 2.45 1.97 0.4413 0.4814 
3.841 1.99 1.97 0.4803 0.4817 
3.846 2.24 1.80 0.4590 0.4957 
3.851 2.47 2.09 0.4397 0.4716 
3.856 2.18 2.08 0.4642 0.4721 
3.861 2.20 1.98 0.4625 0.4805 
3.866 2.58 1.92 0.4307 0.4855 
3.871 2.23 1.92 0.4603 0.4860 
3.876 1.94 1.92 0.4843 0.4860 
3.881 2.35 1.81 0.4503 0.4950 
3.886 2.38 2.00 0.4472 0.4788 
3.891 2.22 2.05 0.4610 0.4747 
3.896 2.30 1.90 0.4540 0.4875 
3.901 2.33 1.95 0.4518 0.4836 
3.906 2.37 2.11 0.4485 0.4698 
3.911 2.12 2.00 0.4694 0.4794 
3.916 2.43 1.87 0.4436 0.4897 
3.921 2.41 1.95 0.4447 0.4834 
3.926 2.03 1.92 0.4768 0.4855 
3.931 2.31 1.87 0.4528 0.4899 
3.936 2.55 2.02 0.4330 0.4774 
3.941 2.22 1.99 0.4608 0.4802 
3.946 2.14 1.96 0.4675 0.4826 
3.951 2.40 1.88 0.4456 0.4894 
3.956 2.36 2.08 0.4493 0.4726 
3.961 1.96 1.82 0.4822 0.4939 
3.966 2.15 1.91 0.4669 0.4867 
3.971 2.50 2.02 0.4379 0.4775 
3.976 2.20 1.93 0.4625 0.4847 
3.981 2.06 1.84 0.4743 0.4923 
3.986 2.42 2.22 0.4439 0.4606 
3.991 2.42 1.87 0.4442 0.4896 
3.996 2.09 1.95 0.4716 0.4834 
4.001 2.31 1.92 0.4529 0.4861 
4.006 -3.89 -4.87 0.3241 0.4058 
4.011 -1.82 -1.74 0.1521 0.1453 
4.016 -0.88 -1.20 0.0731 0.0998 
4.021 -0.76 -1.75 0.0636 0.1460 
4.026 -1.79 -2.27 0.1492 0.1895 
4.031 -2.30 -2.41 0.1918 0.2006 
4.036 -2.03 -2.09 0.1688 0.1739 
4.041 -1.37 -1.62 0.1144 0.1349 
4.046 -0.91 -1.39 0.0761 0.1155 
4.051 -0.85 -1.16 0.0707 0.0970 
4.056 -0.76 -1.07 0.0630 0.0892 
4.061 -0.80 -0.91 0.0671 0.0757 
4.066 -0.60 -0.55 0.0499 0.0461 
4.071 -0.44 -0.47 0.0370 0.0395 
4.076 -0.44 -0.47 0.0370 0.0395 
4.081 -0.40 -0.41 0.0335 0.0345 
4.086 -0.37 -0.41 0.0312 0.0345 
4.091 -0.37 -0.48 0.0312 0.0398 
4.096 -0.34 -0.48 0.0283 0.0398 
4.101 -0.33 -0.42 0.0279 0.0348 
4.106 -0.33 -0.34 0.0279 0.0286 
4.111 -0.33 -0.34 0.0273 0.0286 
4.116 -0.26 -0.44 0.0220 0.0365 
4.121 -0.26 -0.44 0.0220 0.0365 
4.126 -0.26 -0.44 0.0220 0.0365 
4.131 -0.26 -0.30 0.0220 0.0252 
4.136 -0.23 -0.28 0.0193 0.0231 
4.141 -0.19 -0.28 0.0156 0.0231 
4.146 -0.16 -0.28 0.0131 0.0231 
4.151 -0.13 -0.31 0.0112 0.0256 
4.156 -0.12 -0.31 0.0099 0.0256 
4.161 -0.10 -0.31 0.0088 0.0256 
4.166 -0.10 -0.27 0.0079 0.0228 
4.171 -0.09 -0.27 0.0072 0.0228 
4.176 -0.08 -0.27 0.0067 0.0228 
4.181 -0.08 -0.27 0.0067 0.0228 
4.186 -0.08 -0.25 0.0067 0.0209 
4.191 -0.08 -0.25 0.0067 0.0209 
4.196 -0.32 -0.25 0.0268 0.0209 
4.201 -0.32 -0.34 0.0268 0.0284 
4.206 -0.38 -0.34 0.0318 0.0284 
4.211 -0.38 -0.45 0.0318 0.0375 
4.216 -0.47 -0.45 0.0396 0.0375 
4.221 -0.47 -0.48 0.0396 0.0398 
4.226 -0.49 -0.48 0.0407 0.0398 
4.231 -0.49 -0.45 0.0407 0.0374 
4.236 -0.51 -0.45 0.0425 0.0374 
4.241 -0.51 -0.45 0.0425 0.0374 
4.246 -0.40 0.43 0.0335 -0.0358 
4.251 0.38 0.43 -0.0321 -0.0358 
4.256 0.38 0.35 -0.0321 -0.0295 
4.261 -0.41 0.26 0.0339 -0.0216 
4.266 -0.41 0.23 0.0339 -0.0188 
4.271 -0.38 1.45 0.0316 -0.1207 
4.276 -0.27 1.27 0.0228 -0.1061 
4.281 -0.21 0.77 0.0178 -0.0645 
4.286 0.21 0.43 -0.0172 -0.0359 
4.291 0.21 0.30 -0.0172 -0.0249 
4.296 -0.49 0.29 0.0411 -0.0239 
4.301 -0.49 0.29 0.0411 -0.0239 
4.306 -0.33 0.29 0.0276 -0.0239 
4.311 0.33 0.26 -0.0273 -0.0213 
4.316 0.33 -0.20 -0.0273 0.0171 
4.321 -0.39 -0.20 0.0325 0.0171 
4.326 -0.39 -0.20 0.0325 0.0171 
4.331 -0.38 -0.20 0.0320 0.0171 
4.336 -0.28 -0.20 0.0230 0.0171 
4.341 -0.21 -0.19 0.0179 0.0161 
4.346 -0.17 -0.16 0.0147 0.0135 
4.351 -0.15 -0.14 0.0124 0.0115 
4.356 -0.13 -0.12 0.0108 0.0101 
4.361 -0.11 -0.11 0.0095 0.0090 
4.366 -0.10 -0.10 0.0085 0.0081 
4.371 -0.09 -0.09 0.0077 0.0074 
4.376 -0.08 -0.08 0.0070 0.0067 
4.381 -0.08 -0.07 0.0065 0.0062 
4.386 -0.07 -0.07 0.0060 0.0058 
4.391 -0.07 -0.06 0.0056 0.0054 
4.396 -0.06 -0.06 0.0052 0.0051 
4.401 -0.06 -0.06 0.0049 0.0048 
4.406 -0.06 -0.05 0.0046 0.0045 
4.411 -0.05 -0.05 0.0044 0.0043 
4.416 -0.05 -0.05 0.0042 0.0041 
4.421 -0.05 -0.05 0.0040 0.0039 
4.426 -0.04 -0.04 0.0038 0.0037 
4.431 -0.04 -0.04 0.0036 0.0035 
4.436 -0.04 -0.04 0.0034 0.0034 
4.441 -0.04 -0.04 0.0033 0.0032 
4.446 -0.04 -0.04 0.0032 0.0031 
4.451 -0.04 -0.04 0.0031 0.0030 
4.456 -0.04 -0.03 0.0029 0.0029 
4.461 -0.03 -0.03 0.0028 0.0028 
4.466 -0.03 -0.03 0.0027 0.0027 
4.471 -0.03 -0.03 0.0027 0.0026 
4.476 -0.03 -0.03 0.0026 0.0025 
4.481 -0.03 -0.03 0.0025 0.0025 
4.486 -0.03 -0.03 0.0024 0.0024 
4.491 -0.03 -0.03 0.0023 0.0023 
4.496 -0.03 -0.03 0.0023 0.0023 
4.501 -0.03 -0.03 0.0022 0.0022 
4.506 -0.03 -0.03 0.0022 0.0021 
4.511 -0.03 -0.02 0.0021 0.0021 
4.516 -0.02 -0.02 0.0021 0.0020 
4.521 -0.02 -0.02 0.0020 0.0020 
4.526 -0.02 -0.02 0.0020 0.0019 
4.531 -0.02 -0.02 0.0019 0.0019 
4.536 -0.02 -0.02 0.0019 0.0018 
4.541 -0.02 -0.02 0.0018 0.0018 
4.546 -0.02 -0.02 0.0018 0.0018 
4.551 -0.02 -0.02 0.0017 0.0017 
4.556 -0.02 -0.02 0.0017 0.0017 
4.561 -0.02 -0.02 0.0017 0.0017 
4.566 -0.02 -0.02 0.0016 0.0016 
4.571 -0.02 -0.02 0.0016 0.0016 
4.576 -0.02 -0.02 0.0016 0.0016 
4.581 -0.02 -0.02 0.0015 0.0015 
4.586 -0.02 -0.02 0.0015 0.0015 
4.591 -0.02 -0.02 0.0015 0.0015 
4.596 -0.02 -0.02 0.0015 0.0014 
4.601 -0.02 -0.02 0.0014 0.0014 
4.606 -0.02 -0.02 0.0014 0.0014 
4.611 -0.02 -0.02 0.0014 0.0014 
4.616 -0.02 -0.02 0.0014 0.0014 
4.621 -0.02 -0.01 0.0013 0.0013 
4.626 -0.01 -0.01 0.0013 0.0013 
4.631 -0.01 -0.01 0.0013 0.0013 
4.636 -0.01 -0.01 0.0013 0.0013 
4.641 -0.01 -0.01 0.0013 0.0012 
4.646 -0.01 -0.01 0.0012 0.0012 
4.651 -0.01 -0.01 0.0012 0.0012 
4.656 -0.01 -0.01 0.0012 0.0012 
4.661 -0.01 -0.01 0.0012 0.0012 
4.666 -0.01 -0.01 0.0012 0.0012 
4.671 -0.01 -0.01 0.0012 0.0011 
4.676 -0.01 -0.01 0.0011 0.0011 
4.681 -0.01 -0.01 0.0011 0.0011 
4.686 -0.01 -0.01 0.0011 0.0011 
4.691 -0.01 -0.01 0.0011 0.0011 
4.696 -0.01 -0.01 0.0011 0.0011 
4.701 -0.01 -0.01 0.0011 0.0011 
4.706 -0.01 -0.01 0.0010 0.0010 
4.711 -0.01 -0.01 0.0010 0.0010 
4.716 -0.01 -0.01 0.0010 0.0010 
4.721 -0.01 -0.01 0.0010 0.0010 
4.726 -0.01 -0.01 0.0010 0.0010 
4.731 -0.01 -0.01 0.0010 0.0010 
4.736 -0.01 -0.01 0.0010 0.0010 
4.741 -0.01 -0.01 0.0010 0.0010 
4.746 -0.01 -0.01 0.0009 0.0009 
4.751 -0.01 -0.01 0.0009 0.0009 
4.756 -0.01 -0.01 0.0009 0.0009 
4.761 -0.01 -0.01 0.0009 0.0009 
4.766 -0.01 -0.01 0.0009 0.0009 
4.771 -0.01 -0.01 0.0009 0.0009 
4.776 -0.01 -0.01 0.0009 0.0009 
4.781 -0.01 -0.01 0.0009 0.0009 
4.786 -0.01 -0.01 0.0009 0.0009 
4.791 -0.01 -0.01 0.0009 0.0009 
4.796 -0.01 -0.01 0.0008 0.0008 
4.801 -0.01 -0.01 0.0008 0.0008 
4.806 -0.01 -0.01 0.0008 0.0008 
4.811 -0.01 -0.01 0.0008 0.0008 
4.816 -0.01 0.00 0.0008 0.0000 
4.821 0.00 0.00 0.0000 0.0000 
4.826 0.00 0.00 0.0000 0.0000 
4.831 0.00 0.00 0.0000 0.0000 
4.836 0.00 0.00 0.0000 0.0000 
4.841 0.00 0.00 0.0000 0.0000 
4.846 0.00 0.00 0.0000 0.0000 
4.851 0.00 0.00 0.0000 0.0000 
4.856 0.00 0.00 0.0000 0.0000 
4.861 0.00 0.00 0.0000 0.0000 
4.866 0.00 0.00 0.0000 0.0000 
4.871 0.00 0.00 0.0000 0.0000 
4.876 0.00 0.00 0.0000 0.0000 
4.881 0.00 0.00 0.0000 0.0000 
4.886 0.00 0.00 0.0000 0.0000 
4.891 0.00 0.00 0.0000 0.0000 
4.896 0.00 0.00 0.0000 0.0000 
4.901 0.00 0.00 0.0000 0.0000 
4.906 0.00 0.00 0.0000 0.0000 
4.911 0.00 0.00 0.0000 0.0000 
4.916 0.00 0.00 0.0000 0.0000 
4.921 0.00 0.00 0.0000 0.0000 
4.926 0.00 0.00 0.0000 0.0000 
4.931 0.00 0.00 0.0000 0.0000 
4.936 0.00 0.00 0.0000 0.0000 
4.941 0.00 0.00 0.0000 0.0000 
4.946 0.00 0.00 0.0000 0.0000 
4.951 0.00 0.00 0.0000 0.0000 
4.956 0.00 0.00 0.0000 0.0000 
4.961 0.00 0.00 0.0000 0.0000 
4.966 0.00 0.00 0.0000 0.0000 
4.971 0.00 0.00 0.0000 0.0000 
4.976 0.00 0.00 0.0000 0.0000 
4.981 0.00 0.00 0.0000 0.0000 
4.986 0.00 0.00 0.0000 0.0000 
4.991 0.00 0.00 0.0000 0.0000 
4.996 0.00 0.00 0.0000 0.0000 
5.001 0.00 0.00 0.0000 0.0000 
5.006 0.00 0.00 0.0000 0.0000 
5.011 0.00 0.00 0.0000 0.0000 
5.016 0.00 0.00 0.0000 0.0000 
5.021 0.00 0.00 0.0000 0.0000 
5.026 0.00 0.00 0.0000 0.0000 
5.031 0.00 0.00 0.0000 0.0000 
5.036 0.00 0.00 0.0000 0.0000 
5.041 0.00 0.00 0.0000 0.0000 
5.046 0.00 0.00 0.0000 0.0000 
5.051 0.00 0.00 0.0000 0.0000 
5.056 0.00 0.00 0.0000 0.0000 
5.061 0.00 0.00 0.0000 0.0000 
5.066 0.00 0.00 0.0000 0.0000 
5.071 0.00 0.00 0.0000 0.0000 
5.076 0.00 0.00 0.0000 0.0000 
5.081 0.00 0.00 0.0000 0.0000 
5.086 0.00 0.00 0.0000 0.0000 
5.091 0.00 0.00 0.0000 0.0000 
5.096 0.00 0.00 0.0000 0.0000 
5.101 0.00 0.00 0.0000 0.0000 
5.106 0.00 0.00 0.0000 0.0000 
5.111 0.00 0.00 0.0000 0.0000 
5.116 0.00 0.00 0.0000 0.0000 
5.121 0.00 0.00 0.0000 0.0000 
5.126 0.00 0.00 0.0000 0.0000 
5.131 0.00 0.00 0.0000 0.0000 
5.136 0.00 0.00 0.0000 0.0000 
5.141 0.00 0.00 0.0000 0.0000 
5.146 0.00 0.00 0.0000 0.0000 
5.151 0.00 0.00 0.0000 0.0000 
5.156 0.00 0.00 0.0000 0.0000 
5.161 0.00 0.00 0.0000 0.0000 
5.166 0.00 0.00 0.0000 0.0000 
5.171 0.00 0.00 0.0000 0.0000 
5.176 0.00 0.00 0.0000 0.0000 
5.181 0.00 0.00 0.0000 0.0000 
5.186 0.00 0.00 0.0000 0.0000 
5.191 0.00 0.00 0.0000 0.0000 
5.196 0.00 0.00 0.0000 0.0000 
5.201 0.00 0.00 0.0000 0.0000 
5.206 0.00 0.00 0.0000 0.0000 
5.211 0.00 0.00 0.0000 0.0000 
5.216 0.00 0.00 0.0000 0.0000 
5.221 0.00 0.00 0.0000 0.0000 
5.226 0.00 0.00 0.0000 0.0000 
5.231 0.00 0.00 0.0000 0.0000 
5.236 0.00 0.00 0.0000 0.0000 
5.241 0.00 0.00 0.0000 0.0000 
5.246 0.00 0.00 0.0000 0.0000 
5.251 0.00 0.00 0.0000 0.0000 
5.256 0.00 0.00 0.0000 0.0000 
5.261 0.00 0.00 0.0000 0.0000 
5.266 0.00 0.00 0.0000 0.0000 
5.271 0.00 0.00 0.0000 0.0000 
5.276 0.00 0.00 0.0000 0.0000 
5.281 0.00 0.00 0.0000 0.0000 
5.286 0.00 0.00 0.0000 0.0000 
5.291 0.00 0.00 0.0000 0.0000 
5.296 0.00 0.00 0.0000 0.0000 
5.301 0.00 0.00 0.0000 0.0000 
5.306 0.00 0.00 0.0000 0.0000 
5.311 0.00 0.00 0.0000 0.0000 
5.316 0.00 0.00 0.0000 0.0000 
5.321 0.00 0.00 0.0000 0.0000 
5.326 0.00 0.00 0.0000 0.0000 
5.331 0.00 0.00 0.0000 0.0000 
5.336 0.00 0.00 0.0000 0.0000 
5.341 0.00 0.00 0.0000 0.0000 
5.346 0.00 0.00 0.0000 0.0000 
5.351 0.00 0.00 0.0000 0.0000 
5.356 0.00 0.00 0.0000 0.0000 
5.361 0.00 0.00 0.0000 0.0000 
5.366 0.00 0.00 0.0000 0.0000 
5.371 0.00 0.00 0.0000 0.0000 
5.376 0.00 0.00 0.0000 0.0000 
5.381 0.00 0.00 0.0000 0.0000 
5.386 0.00 0.00 0.0000 0.0000 
5.391 0.00 0.00 0.0000 0.0000 
5.396 0.00 0.00 0.0000 0.0000 
5.401 0.00 0.00 0.0000 0.0000 
5.406 0.00 0.00 0.0000 0.0000 
5.411 0.00 0.00 0.0000 0.0000 
5.416 0.00 0.00 0.0000 0.0000 
5.421 0.00 0.00 0.0000 0.0000 
5.426 0.00 0.00 0.0000 0.0000 
5.431 0.00 0.00 0.0000 0.0000 
5.436 0.00 0.00 0.0000 0.0000 
5.441 0.00 0.00 0.0000 0.0000 
5.446 0.00 0.00 0.0000 0.0000 
5.451 0.00 0.00 0.0000 0.0000 
5.456 0.00 0.00 0.0000 0.0000 
5.461 0.00 0.00 0.0000 0.0000 
5.466 0.00 0.00 0.0000 0.0000 
5.471 0.00 0.00 0.0000 0.0000 
5.476 0.00 0.00 0.0000 0.0000 
5.481 0.00 0.00 0.0000 0.0000 
5.486 0.00 0.00 0.0000 0.0000 
5.491 0.00 0.00 0.0000 0.0000 
5.496 0.00 0.00 0.0000 0.0000 
5.501 0.00 0.00 0.0000 0.0000 
5.506 0.00 0.00 0.0000 0.0000 
5.511 0.00 0.00 0.0000 0.0000 
5.516 0.00 0.00 0.0000 0.0000 
5.521 0.00 0.00 0.0000 0.0000 
5.526 0.00 0.00 0.0000 0.0000 
5.531 0.00 0.00 0.0000 0.0000 
5.536 0.00 0.00 0.0000 0.0000 
5.541 0.00 0.00 0.0000 0.0000 
5.546 0.00 0.00 0.0000 0.0000 
5.551 0.00 0.00 0.0000 0.0000 
5.556 0.00 0.00 0.0000 0.0000 
5.561 0.00 0.00 0.0000 0.0000 
5.566 0.00 0.00 0.0000 0.0000 
5.571 0.00 0.00 0.0000 0.0000 
5.576 0.00 0.00 0.0000 0.0000 
5.581 0.00 0.00 0.0000 0.0000 
5.586 0.00 0.00 0.0000 0.0000 
5.591 0.00 0.00 0.0000 0.0000 
5.596 0.00 0.00 0.0000 0.0000 
5.601 0.00 0.00 0.0000 0.0000 
5.606 0.00 0.00 0.0000 0.0000 
5.611 0.00 0.00 0.0000 0.0000 
5.616 0.00 0.00 0.0000 0.0000 
5.621 0.00 0.00 0.0000 0.0000 
5.626 0.00 0.00 0.0000 0.0000 
5.631 0.00 0.00 0.0000 0.0000 
5.636 0.00 0.00 0.0000 0.0000 
5.641 0.00 0.00 0.0000 0.0000 
5.646 0.00 0.00 0.0000 0.0000 
5.651 0.00 0.00 0.0000 0.0000 
5.656 0.00 0.00 0.0000 0.0000 
5.661 0.00 0.00 0.0000 0.0000 
5.666 0.00 0.00 0.0000 0.0000 
5.671 0.00 0.00 0.0000 0.0000 
5.676 0.00 0.00 0.0000 0.0000 
5.681 0.00 0.00 0.0000 0.0000 
5.686 0.00 0.00 0.0000 0.0000 
5.691 0.00 0.00 0.0000 0.0000 
5.696 0.00 0.00 0.0000 0.0000 
5.701 0.00 0.00 0.0000 0.0000 
5.706 0.00 0.00 0.0000 0.0000 
5.711 0.00 0.00 0.0000 0.0000 
5.716 0.00 0.00 0.0000 0.0000 
5.721 0.00 0.00 0.0000 0.0000 
5.726 0.00 0.00 0.0000 0.0000 
5.731 0.00 0.00 0.0000 0.0000 
5.736 0.00 0.00 0.0000 0.0000 
5.741 0.00 0.00 0.0000 0.0000 
5.746 0.00 0.00 0.0000 0.0000 
5.751 0.00 0.00 0.0000 0.0000 
5.756 0.00 0.00 0.0000 0.0000 
5.761 0.00 0.00 0.0000 0.0000 
5.766 0.00 0.00 0.0000 0.0000 
5.771 0.00 0.00 0.0000 0.0000 
5.776 0.00 0.00 0.0000 0.0000 
5.781 0.00 0.00 0.0000 0.0000 
5.786 0.00 0.00 0.0000 0.0000 
5.791 0.00 0.00 0.0000 0.0000 
5.796 0.00 0.00 0.0000 0.0000 
5.801 0.00 0.00 0.0000 0.0000 
5.806 0.00 0.00 0.0000 0.0000 
5.811 0.00 0.00 0.0000 0.0000 
5.816 0.00 0.00 0.0000 0.0000 
5.821 0.00 0.00 0.0000 0.0000 
5.826 0.00 0.00 0.0000 0.0000 
5.831 0.00 0.00 0.0000 0.0000 
5.836 0.00 0.00 0.0000 0.0000 
5.841 0.00 0.00 0.0000 0.0000 
5.846 0.00 0.00 0.0000 0.0000 
5.851 0.00 0.00 0.0000 0.0000 
5.856 0.00 0.00 0.0000 0.0000 
5.861 0.00 0.00 0.0000 0.0000 
5.866 0.00 0.00 0.0000 0.0000 
5.871 0.00 0.00 0.0000 0.0000 
5.876 0.00 0.00 0.0000 0.0000 
5.881 0.00 0.00 0.0000 0.0000 
5.886 0.00 0.00 0.0000 0.0000 
5.891 0.00 0.00 0.0000 0.0000 
5.896 0.00 0.00 0.0000 0.0000 
5.901 0.00 0.00 0.0000 0.0000 
5.906 0.00 0.00 0.0000 0.0000 
5.911 0.00 0.00 0.0000 0.0000 
5.916 0.00 0.00 0.0000 0.0000 
5.921 0.00 0.00 0.0000 0.0000 
5.926 0.00 0.00 0.0000 0.0000 
5.931 0.00 0.00 0.0000 0.0000 
5.936 0.00 0.00 0.0000 0.0000 
5.941 0.00 0.00 0.0000 0.0000 
5.946 0.00 0.00 0.0000 0.0000 
5.951 0.00 0.00 0.0000 0.0000 
5.956 0.00 0.00 0.0000 0.0000 
5.961 0.00 0.00 0.0000 0.0000 
5.966 0.00 0.00 0.0000 0.0000 
5.971 0.00 0.00 0.0000 0.0000 
5.976 0.00 0.00 0.0000 0.0000 
5.981 0.00 0.00 0.0000 0.0000 
5.986 0.00 0.00 0.0000 0.0000 
5.991 0.00 0.00 0.0000 0.0000 
5.996 0.00 0.00 0.0000 0.0000 
6.001 0.00 0.00 0.0000 0.0000 
6.006 0.00 0.00 0.0000 0.0000 
6.011 0.00 0.00 0.0000 0.0000 
6.016 0.00 0.00 0.0000 0.0000 
6.021 0.00 0.00 0.0000 0.0000 
6.026 0.00 0.00 0.0000 0.0000 
6.031 0.00 0.00 0.0000 0.0000 
6.036 0.00 0.00 0.0000 0.0000 
6.041 0.00 0.00 0.0000 0.0000 
6.046 0.00 0.00 0.0000 0.0000 
6.051 0.00 0.00 0.0000 0.0000 
6.056 0.00 0.00 0.0000 0.0000 
6.061 0.00 0.00 0.0000 0.0000 
6.066 0.00 0.00 0.0000 0.0000 
6.071 0.00 0.00 0.0000 0.0000 
6.076 0.00 0.00 0.0000 0.0000 
6.081 0.00 0.00 0.0000 0.0000 
6.086 0.00 0.00 0.0000 0.0000 
6.091 0.00 0.00 0.0000 0.0000 
6.096 0.00 0.00 0.0000 0.0000 
6.101 0.00 0.00 0.0000 0.0000 
6.106 0.00 0.00 0.0000 0.0000 
6.111 0.00 0.00 0.0000 0.0000 
6.116 0.00 0.00 0.0000 0.0000 
6.121 0.00 0.00 0.0000 0.0000 
6.126 0.00 0.00 0.0000 0.0000 
6.131 0.00 0.00 0.0000 0.0000 
6.136 0.00 0.00 0.0000 0.0000 
6.141 0.00 0.00 0.0000 0.0000 
6.146 0.00 0.00 0.0000 0.0000 
6.151 0.00 0.00 0.0000 0.0000 
6.156 0.00 0.00 0.0000 0.0000 
6.161 0.00 0.00 0.0000 0.0000 
6.166 0.00 0.00 0.0000 0.0000 
6.171 0.00 0.00 0.0000 0.0000 
6.176 0.00 0.00 0.0000 0.0000 
6.181 0.00 0.00 0.0000 0.0000 
6.186 0.00 0.00 0.0000 0.0000 
6.191 0.00 0.00 0.0000 0.0000 
6.196 0.00 0.00 0.0000 0.0000 
6.201 0.00 0.00 0.0000 0.0000 
6.206 0.00 0.00 0.0000 0.0000 
6.211 0.00 0.00 0.0000 0.0000 
6.216 0.00 0.00 0.0000 0.0000 
6.221 0.00 0.00 0.0000 0.0000 
6.226 0.00 0.00 0.0000 0.0000 
6.231 0.00 0.00 0.0000 0.0000 
6.236 0.00 0.00 0.0000 0.0000 
6.241 0.00 0.00 0.0000 0.0000 
6.246 0.00 0.00 0.0000 0.0000 
6.251 0.00 0.00 0.0000 0.0000 
6.256 0.00 0.00 0.0000 0.0000 
6.261 0.00 0.00 0.0000 0.0000 
6.266 0.00 0.00 0.0000 0.0000 
6.271 0.00 0.00 0.0000 0.0000 
6.276 0.00 0.00 0.0000 0.0000 
6.281 0.00 0.00 0.0000 0.0000 
6.286 0.00 0.00 0.0000 0.0000 
6.291 0.00 0.00 0.0000 0.0000 
6.296 0.00 0.00 0.0000 0.0000 
6.301 0.00 0.00 0.0000 0.0000 
6.306 0.00 0.00 0.0000 0.0000 
6.311 0.00 0.00 0.0000 0.0000 
6.316 0.00 0.00 0.0000 0.0000 
6.321 0.00 0.00 0.0000 0.0000 
6.326 0.00 0.00 0.0000 0.0000 
6.331 0.00 0.00 0.0000 0.0000 
6.336 0.00 0.00 0.0000 0.0000 
6.341 0.00 0.00 0.0000 0.0000 
6.346 0.00 0.00 0.0000 0.0000 
6.351 0.00 0.00 0.0000 0.0000 
6.356 0.00 0.00 0.0000 0.0000 
6.361 0.00 0.00 0.0000 0.0000 
6.366 0.00 0.00 0.0000 0.0000 
6.371 0.00 0.00 0.0000 0.0000 
6.376 0.00 0.00 0.0000 0.0000 
6.381 0.00 0.00 0.0000 0.0000 
6.386 0.00 0.00 0.0000 0.0000 
6.391 0.00 0.00 0.0000 0.0000 
6.396 0.00 0.00 0.0000 0.0000 
6.401 0.00 0.00 0.0000 0.0000 
6.406 0.00 0.00 0.0000 0.0000 
6.411 0.00 0.00 0.0000 0.0000 
6.416 0.00 0.00 0.0000 0.0000 
6.421 0.00 0.00 0.0000 0.0000 
6.426 0.00 0.00 0.0000 0.0000 
6.431 0.00 0.00 0.0000 0.0000 
6.436 0.00 0.00 0.0000 0.0000 
6.441 0.00 0.00 0.0000 0.0000 
6.446 0.00 0.00 0.0000 0.0000 
6.451 0.00 0.00 0.0000 0.0000 
6.456 0.00 0.00 0.0000 0.0000 
6.461 0.00 0.00 0.0000 0.0000 
6.466 0.00 0.00 0.0000 0.0000 
6.471 0.00 0.00 0.0000 0.0000 
6.476 0.00 0.00 0.0000 0.0000 
6.481 0.00 0.00 0.0000 0.0000 
6.486 0.00 0.00 0.0000 0.0000 
6.491 0.00 0.00 0.0000 0.0000 
6.496 0.00 0.00 0.0000 0.0000 
6.501 0.00 0.00 0.0000 0.0000 
6.506 0.00 0.00 0.0000 0.0000 
6.511 0.00 0.00 0.0000 0.0000 
6.516 0.00 0.00 0.0000 0.0000 
6.521 0.00 0.00 0.0000 0.0000 
6.526 0.00 0.00 0.0000 0.0000 
6.531 0.00 0.00 0.0000 0.0000 
6.536 0.00 0.00 0.0000 0.0000 
6.541 0.00 0.00 0.0000 0.0000 
6.546 0.00 0.00 0.0000 0.0000 
6.551 0.00 0.00 0.0000 0.0000 
6.556 0.00 0.00 0.0000 0.0000 
6.561 0.00 0.00 0.0000 0.0000 
6.566 0.00 0.00 0.0000 0.0000 
6.571 0.00 0.00 0.0000 0.0000 
6.576 0.00 0.00 0.0000 0.0000 
6.581 0.00 0.00 0.0000 0.0000 
6.586 0.00 0.00 0.0000 0.0000 
6.591 0.00 0.00 0.0000 0.0000 
6.596 0.00 0.00 0.0000 0.0000 
6.601 0.00 0.00 0.0000 0.0000 
6.606 0.00 0.00 0.0000 0.0000 
6.611 0.00 0.00 0.0000 0.0000 
6.616 0.00 0.00 0.0000 0.0000 
6.621 0.00 0.00 0.0000 0.0000 
6.626 0.00 0.00 0.0000 0.0000 
6.631 0.00 0.00 0.0000 0.0000 
6.636 0.00 0.00 0.0000 0.0000 
6.641 0.00 0.00 0.0000 0.0000 
6.646 0.00 0.00 0.0000 0.0000 
6.651 0.00 0.00 0.0000 0.0000 
6.656 0.00 0.00 0.0000 0.0000 
6.661 0.00 0.00 0.0000 0.0000 
6.666 0.00 0.00 0.0000 0.0000 
6.671 0.00 0.00 0.0000 0.0000 
6.676 0.00 0.00 0.0000 0.0000 
6.681 0.00 0.00 0.0000 0.0000 
6.686 0.00 0.00 0.0000 0.0000 
6.691 0.00 0.00 0.0000 0.0000 
6.696 0.00 0.00 0.0000 0.0000 
6.701 0.00 0.00 0.0000 0.0000 
6.706 0.00 0.00 0.0000 0.0000 
6.711 0.00 0.00 0.0000 0.0000 
6.716 0.00 0.00 0.0000 0.0000 
6.721 0.00 0.00 0.0000 0.0000 
6.726 0.00 0.00 0.0000 0.0000 
6.731 0.00 0.00 0.0000 0.0000 
6.736 0.00 0.00 0.0000 0.0000 
6.741 0.00 0.00 0.0000 0.0000 
6.746 0.00 0.00 0.0000 0.0000 
6.751 0.00 0.00 0.0000 0.0000 
6.756 0.00 0.00 0.0000 0.0000 
6.761 0.00 0.00 0.0000 0.0000 
6.766 0.00 0.00 0.0000 0.0000 
6.771 0.00 0.00 0.0000 0.0000 
6.776 0.00 0.00 0.0000 0.0000 
6.781 0.00 0.00 0.0000 0.0000 
6.786 0.00 0.00 0.0000 0.0000 
6.791 0.00 0.00 0.0000 0.0000 
6.796 0.00 0.00 0.0000 0.0000 
6.801 0.00 0.00 0.0000 0.0000 
6.806 0.00 0.00 0.0000 0.0000 
6.811 0.00 0.00 0.0000 0.0000 
6.816 0.00 0.00 0.0000 0.0000 
6.821 0.00 0.00 0.0000 0.0000 
6.826 0.00 0.00 0.0000 0.0000 
6.831 0.00 0.00 0.0000 0.0000 
6.836 0.00 0.00 0.0000 0.0000 
6.841 0.00 0.00 0.0000 0.0000 
6.846 0.00 0.00 0.0000 0.0000 
6.851 0.00 0.00 0.0000 0.0000 
6.856 0.00 0.00 0.0000 0.0000 
6.861 0.00 0.00 0.0000 0.0000 
6.866 0.00 0.00 0.0000 0.0000 
6.871 0.00 0.00 0.0000 0.0000 
6.876 0.00 0.00 0.0000 0.0000 
6.881 0.00 0.00 0.0000 0.0000 
6.886 0.00 0.00 0.0000 0.0000 
6.891 0.00 0.00 0.0000 0.0000 
6.896 0.00 0.00 0.0000 0.0000 
6.901 0.00 0.00 0.0000 0.0000 
6.906 0.00 0.00 0.0000 0.0000 
6.911 0.00 0.00 0.0000 0.0000 
6.916 0.00 0.00 0.0000 0.0000 
6.921 0.00 0.00 0.0000 0.0000 
6.926 0.00 0.00 0.0000 0.0000 
6.931 0.00 0.00 0.0000 0.0000 
6.936 0.00 0.00 0.0000 0.0000 
6.941 0.00 0.00 0.0000 0.0000 
6.946 0.00 0.00 0.0000 0.0000 
6.951 0.00 0.00 0.0000 0.0000 
6.956 0.00 0.00 0.0000 0.0000 
6.961 0.00 0.00 0.0000 0.0000 
6.966 0.00 0.00 0.0000 0.0000 
6.971 0.00 0.00 0.0000 0.0000 
6.976 0.00 0.00 0.0000 0.0000 
6.981 0.00 0.00 0.0000 0.0000 
6.986 0.00 0.00 0.0000 0.0000 
6.991 0.00 0.00 0.0000 0.0000 
6.996 0.00 0.00 0.0000 0.0000 
7.001 0.00 0.00 0.0000 0.0000 
7.006 0.00 0.00 0.0000 0.0000 
7.011 0.00 0.00 0.0000 0.0000 
7.016 0.00 0.00 0.0000 0.0000 
7.021 0.00 0.00 0.0000 0.0000 
7.026 0.00 0.00 0.0000 0.0000 
7.031 0.00 0.00 0.0000 0.0000 
7.036 0.00 0.00 0.0000 0.0000 
7.041 0.00 0.00 0.0000 0.0000 
7.046 0.00 0.00 0.0000 0.0000 
7.051 0.00 0.00 0.0000 0.0000 
7.056 0.00 0.00 0.0000 0.0000 
7.061 0.00 0.00 0.0000 0.0000 
7.066 0.00 0.00 0.0000 0.0000 
7.071 0.00 0.00 0.0000 0.0000 
7.076 0.00 0.00 0.0000 0.0000 
7.081 0.00 0.00 0.0000 0.0000 
7.086 0.00 0.00 0.0000 0.0000 
7.091 0.00 0.00 0.0000 0.0000 
7.096 0.00 0.00 0.0000 0.0000 
7.101 0.00 0.00 0.0000 0.0000 
7.106 0.00 0.00 0.0000 0.0000 
7.111 0.00 0.00 0.0000 0.0000 
7.116 0.00 0.00 0.0000 0.0000 
7.121 0.00 0.00 0.0000 0.0000 
7.126 0.00 0.00 0.0000 0.0000 
7.131 0.00 0.00 0.0000 0.0000 
7.136 0.00 0.00 0.0000 0.0000 
7.141 0.00 0.00 0.0000 0.0000 
7.146 0.00 0.00 0.0000 0.0000 
7.151 0.00 0.00 0.0000 0.0000 
7.156 0.00 0.00 0.0000 0.0000 
7.161 0.00 0.00 0.0000 0.0000 
7.166 0.00 0.00 0.0000 0.0000 
7.171 0.00 0.00 0.0000 0.0000 
7.176 0.00 0.00 0.0000 0.0000 
7.181 0.00 0.00 0.0000 0.0000 
7.186 0.00 0.00 0.0000 0.0000 
7.191 0.00 0.00 0.0000 0.0000 
7.196 0.00 0.00 0.0000 0.0000 
7.201 0.00 0.00 0.0000 0.0000 
7.206 0.00 0.00 0.0000 0.0000 
7.211 0.00 0.00 0.0000 0.0000 
7.216 0.00 0.00 0.0000 0.0000 
7.221 0.00 0.00 0.0000 0.0000 
7.226 0.00 0.00 0.0000 0.0000 
7.231 0.00 0.00 0.0000 0.0000 
7.236 0.00 0.00 0.0000 0.0000 
7.241 0.00 0.00 0.0000 0.0000 
7.246 0.00 0.00 0.0000 0.0000 
7.251 0.00 0.00 0.0000 0.0000 
7.256 0.00 0.00 0.0000 0.0000 
7.261 0.00 0.00 0.0000 0.0000 
7.266 0.00 0.00 0.0000 0.0000 
7.271 0.00 0.00 0.0000 0.0000 
7.276 0.00 0.00 0.0000 0.0000 
7.281 0.00 0.00 0.0000 0.0000 
7.286 0.00 0.00 0.0000 0.0000 
7.291 0.00 0.00 0.0000 0.0000 
7.296 0.00 0.00 0.0000 0.0000 
7.301 0.00 0.00 0.0000 0.0000 
7.306 0.00 0.00 0.0000 0.0000 
7.311 0.00 0.00 0.0000 0.0000 
7.316 0.00 0.00 0.0000 0.0000 
7.321 0.00 0.00 0.0000 0.0000 
7.326 0.00 0.00 0.0000 0.0000 
7.331 0.00 0.00 0.0000 0.0000 
7.336 0.00 0.00 0.0000 0.0000 
7.341 0.00 0.00 0.0000 0.0000 
7.346 0.00 0.00 0.0000 0.0000 
7.351 0.00 0.00 0.0000 0.0000 
7.356 0.00 0.00 0.0000 0.0000 
7.361 0.00 0.00 0.0000 0.0000 
7.366 0.00 0.00 0.0000 0.0000 
7.371 0.00 0.00 0.0000 0.0000 
7.376 0.00 0.00 0.0000 0.0000 
7.381 0.00 0.00 0.0000 0.0000 
7.386 0.00 0.00 0.0000 0.0000 
7.391 0.00 0.00 0.0000 0.0000 
7.396 0.00 0.00 0.0000 0.0000 
7.401 0.00 0.00 0.0000 0.0000 
7.406 0.00 0.00 0.0000 0.0000 
7.411 0.00 0.00 0.0000 0.0000 
7.416 0.00 0.00 0.0000 0.0000 
7.421 0.00 0.00 0.0000 0.0000 
7.426 0.00 0.00 0.0000 0.0000 
7.431 0.00 0.00 0.0000 0.0000 
7.436 0.00 0.00 0.0000 0.0000 
7.441 0.00 0.00 0.0000 0.0000 
7.446 0.00 0.00 0.0000 0.0000 
7.451 0.00 0.00 0.0000 0.0000 
7.456 0.00 0.00 0.0000 0.0000 
7.461 0.00 0.00 0.0000 0.0000 
7.466 0.00 0.00 0.0000 0.0000 
7.471 0.00 0.00 0.0000 0.0000 
7.476 0.00 0.00 0.0000 0.0000 
7.481 0.00 0.00 0.0000 0.0000 
7.486 0.00 0.00 0.0000 0.0000 
7.491 0.00 0.00 0.0000 0.0000 
7.496 0.00 0.00 0.0000 0.0000 
7.501 0.00 0.00 0.0000 0.0000 
7.506 0.00 0.00 0.0000 0.0000 
7.511 0.00 0.00 0.0000 0.0000 
7.516 0.00 0.00 0.0000 0.0000 
7.521 0.00 0.00 0.0000 0.0000 
7.526 0.00 0.00 0.0000 0.0000 
7.531 0.00 0.00 0.0000 0.0000 
7.536 0.00 0.00 0.0000 0.0000 
7.541 0.00 0.00 0.0000 0.0000 
7.546 0.00 0.00 0.0000 0.0000 
7.551 0.00 0.00 0.0000 0.0000 
7.556 0.00 0.00 0.0000 0.0000 
7.561 0.00 0.00 0.0000 0.0000 
7.566 0.00 0.00 0.0000 0.0000 
7.571 0.00 0.00 0.0000 0.0000 
7.576 0.00 0.00 0.0000 0.0000 
7.581 0.00 0.00 0.0000 0.0000 
7.586 0.00 0.00 0.0000 0.0000 
7.591 0.00 0.00 0.0000 0.0000 
7.596 0.00 0.00 0.0000 0.0000 
7.601 0.00 0.00 0.0000 0.0000 
7.606 0.00 0.00 0.0000 0.0000 
7.611 0.00 0.00 0.0000 0.0000 
7.616 0.00 0.00 0.0000 0.0000 
7.621 0.00 0.00 0.0000 0.0000 
7.626 0.00 0.00 0.0000 0.0000 
7.631 0.00 0.00 0.0000 0.0000 
7.636 0.00 0.00 0.0000 0.0000 
7.641 0.00 0.00 0.0000 0.0000 
7.646 0.00 0.00 0.0000 0.0000 
7.651 0.00 0.00 0.0000 0.0000 
7.656 0.00 0.00 0.0000 0.0000 
7.661 0.00 0.00 0.0000 0.0000 
7.666 0.00 0.00 0.0000 0.0000 
7.671 0.00 0.00 0.0000 0.0000 
7.676 0.00 0.00 0.0000 0.0000 
7.681 0.00 0.00 0.0000 0.0000 
7.686 0.00 0.00 0.0000 0.0000 
7.691 0.00 0.00 0.0000 0.0000 
7.696 0.00 0.00 0.0000 0.0000 
7.701 0.00 0.00 0.0000 0.0000 
7.706 0.00 0.00 0.0000 0.0000 
7.711 0.00 0.00 0.0000 0.0000 
7.716 0.00 0.00 0.0000 0.0000 
7.721 0.00 0.00 0.0000 0.0000 
7.726 0.00 0.00 0.0000 0.0000 
7.731 0.00 0.00 0.0000 0.0000 
7.736 0.00 0.00 0.0000 0.0000 
7.741 0.00 0.00 0.0000 0.0000 
7.746 0.00 0.00 0.0000 0.0000 
7.751 0.00 0.00 0.0000 0.0000 
7.756 0.00 0.00 0.0000 0.0000 
7.761 0.00 0.00 0.0000 0.0000 
7.766 0.00 0.00 0.0000 0.0000 
7.771 0.00 0.00 0.0000 0.0000 
7.776 0.00 0.00 0.0000 0.0000 
7.781 0.00 0.00 0.0000 0.0000 
7.786 0.00 0.00 0.0000 0.0000 
7.791 0.00 0.00 0.0000 0.0000 
7.796 0.00 0.00 0.0000 0.0000 
7.801 0.00 0.00 0.0000 0.0000 
7.806 0.00 0.00 0.0000 0.0000 
7.811 0.00 0.00 0.0000 0.0000 
7.816 0.00 0.00 0.0000 0.0000 
7.821 0.00 0.00 0.0000 0.0000 
7.826 0.00 0.00 0.0000 0.0000 
7.831 0.00 0.00 0.0000 0.0000 
7.836 0.00 0.00 0.0000 0.0000 
7.841 0.00 0.00 0.0000 0.0000 
7.846 0.00 0.00 0.0000 0.0000 
7.851 0.00 0.00 0.0000 0.0000 
7.856 0.00 0.00 0.0000 0.0000 
7.861 0.00 0.00 0.0000 0.0000 
7.866 0.00 0.00 0.0000 0.0000 
7.871 0.00 0.00 0.0000 0.0000 
7.876 0.00 0.00 0.0000 0.0000 
7.881 0.00 0.00 0.0000 0.0000 
7.886 0.00 0.00 0.0000 0.0000 
7.891 0.00 0.00 0.0000 0.0000 
7.896 0.00 0.00 0.0000 0.0000 
7.901 0.00 0.00 0.0000 0.0000 
7.906 0.00 0.00 0.0000 0.0000 
7.911 0.00 0.00 0.0000 0.0000 
7.916 0.00 0.00 0.0000 0.0000 
7.921 0.00 0.00 0.0000 0.0000 
7.926 0.00 0.00 0.0000 0.0000 
7.931 0.00 0.00 0.0000 0.0000 
7.936 0.00 0.00 0.0000 0.0000 
7.941 0.00 0.00 0.0000 0.0000 
7.946 0.00 0.00 0.0000 0.0000 
7.951 0.00 0.00 0.0000 0.0000 
7.956 0.00 0.00 0.0000 0.0000 
7.961 0.00 0.00 0.0000 0.0000 
7.966 0.00 0.00 0.0000 0.0000 
7.971 0.00 0.00 0.0000 0.0000 
7.976 0.00 0.00 0.0000 0.0000 
7.981 0.00 0.00 0.0000 0.0000 
7.986 0.00 0.00 0.0000 0.0000 
7.991 0.00 0.00 0.0000 0.0000 
7.996 0.00 0.00 0.0000 0.0000 
8.001 0.00 0.00 0.0000 0.0000 
8.006 0.00 0.00 0.0000 0.0000 
8.011 0.00 0.00 0.0000 0.0000 
8.016 0.00 0.00 0.0000 0.0000 
8.021 0.00 0.00 0.0000 0.0000 
8.026 0.00 0.00 0.0000 0.0000 
8.031 0.00 0.00 0.0000 0.0000 
8.036 0.00 0.00 0.0000 0.0000 
8.041 0.00 0.00 0.0000 0.0000 
8.046 0.00 0.00 0.0000 0.0000 
8.051 0.00 0.00 0.0000 0.0000 
8.056 0.00 0.00 0.0000 0.0000 
8.061 0.00 0.00 0.0000 0.0000 
8.066 0.00 0.00 0.0000 0.0000 
8.071 0.00 0.00 0.0000 0.0000 
8.076 0.00 0.00 0.0000 0.0000 
8.081 0.00 0.00 0.0000 0.0000 
8.086 0.00 0.00 0.0000 0.0000 
8.091 0.00 0.00 0.0000 0.0000 
8.096 0.00 0.00 0.0000 0.0000 
8.101 0.00 0.00 0.0000 0.0000 
8.106 0.00 0.00 0.0000 0.0000 
8.111 0.00 0.00 0.0000 0.0000 
8.116 0.00 0.00 0.0000 0.0000 
8.121 0.00 0.00 0.0000 0.0000 
8.126 0.00 0.00 0.0000 0.0000 
8.131 0.00 0.00 0.0000 0.0000 
8.136 0.00 0.00 0.0000 0.0000 
8.141 0.00 0.00 0.0000 0.0000 
8.146 0.00 0.00 0.0000 0.0000 
8.151 0.00 0.00 0.0000 0.0000 
8.156 0.00 0.00 0.0000 0.0000 
8.161 0.00 0.00 0.0000 0.0000 
8.166 0.00 0.00 0.0000 0.0000 
8.171 0.00 0.00 0.0000 0.0000 
8.176 0.00 0.00 0.0000 0.0000 
8.181 0.00 0.00 0.0000 0.0000 
8.186 0.00 0.00 0.0000 0.0000 
8.191 0.00 0.00 0.0000 0.0000 
8.196 0.00 0.00 0.0000 0.0000 
8.201 0.00 0.00 0.0000 0.0000 
8.206 0.00 0.00 0.0000 0.0000 
8.211 0.00 0.00 0.0000 0.0000 
8.216 0.00 0.00 0.0000 0.0000 
8.221 0.00 0.00 0.0000 0.0000 
8.226 0.00 0.00 0.0000 0.0000 
8.231 0.00 0.00 0.0000 0.0000 
8.236 0.00 0.00 0.0000 0.0000 
8.241 0.00 0.00 0.0000 0.0000 
8.246 0.00 0.00 0.0000 0.0000 
8.251 0.00 0.00 0.0000 0.0000 
8.256 0.00 0.00 0.0000 0.0000 
8.261 0.00 0.00 0.0000 0.0000 
8.266 0.00 0.00 0.0000 0.0000 
8.271 0.00 0.00 0.0000 0.0000 
8.276 0.00 0.00 0.0000 0.0000 
8.281 0.00 0.00 0.0000 0.0000 
8.286 0.00 0.00 0.0000 0.0000 
8.291 0.00 0.00 0.0000 0.0000 
8.296 0.00 0.00 0.0000 0.0000 
8.301 0.00 0.00 0.0000 0.0000 
8.306 0.00 0.00 0.0000 0.0000 
8.311 0.00 0.00 0.0000 0.0000 
8.316 0.00 0.00 0.0000 0.0000 
8.321 0.00 0.00 0.0000 0.0000 
8.326 0.00 0.00 0.0000 0.0000 
8.331 0.00 0.00 0.0000 0.0000 
8.336 0.00 0.00 0.0000 0.0000 
8.341 0.00 0.00 0.0000 0.0000 
8.346 0.00 0.00 0.0000 0.0000 
8.351 0.00 0.00 0.0000 0.0000 
8.356 0.00 0.00 0.0000 0.0000 
8.361 0.00 0.00 0.0000 0.0000 
8.366 0.00 0.00 0.0000 0.0000 
8.371 0.00 0.00 0.0000 0.0000 
8.376 0.00 0.00 0.0000 0.0000 
8.381 0.00 0.00 0.0000 0.0000 
8.386 0.00 0.00 0.0000 0.0000 
8.391 0.00 0.00 0.0000 0.0000 
8.396 0.00 0.00 0.0000 0.0000 
8.401 0.00 0.00 0.0000 0.0000 
8.406 0.00 0.00 0.0000 0.0000 
8.411 0.00 0.00 0.0000 0.0000 
8.416 0.00 0.00 0.0000 0.0000 
8.421 0.00 0.00 0.0000 0.0000 
8.426 0.00 0.00 0.0000 0.0000 
8.431 0.00 0.00 0.0000 0.0000 
8.436 0.00 0.00 0.0000 0.0000 
8.441 0.00 0.00 0.0000 0.0000 
8.446 0.00 0.00 0.0000 0.0000 
8.451 0.00 0.00 0.0000 0.0000 
8.456 0.00 0.00 0.0000 0.0000 
8.461 0.00 0.00 0.0000 0.0000 
8.466 0.00 0.00 0.0000 0.0000 
8.471 0.00 0.00 0.0000 0.0000 
8.476 0.00 0.00 0.0000 0.0000 
8.481 0.00 0.00 0.0000 0.0000 
8.486 0.00 0.00 0.0000 0.0000 
8.491 0.00 0.00 0.0000 0.0000 
8.496 0.00 0.00 0.0000 0.0000 
8.501 0.00 0.00 0.0000 0.0000 
8.506 0.00 0.00 0.0000 0.0000 
8.511 0.00 0.00 0.0000 0.0000 
8.516 0.00 0.00 0.0000 0.0000 
8.521 0.00 0.00 0.0000 0.0000 
8.526 0.00 0.00 0.0000 0.0000 
8.531 0.00 0.00 0.0000 0.0000 
8.536 0.00 0.00 0.0000 0.0000 
8.541 0.00 0.00 0.0000 0.0000 
8.546 0.00 0.00 0.0000 0.0000 
8.551 0.00 0.00 0.0000 0.0000 
8.556 0.00 0.00 0.0000 0.0000 
8.561 0.00 0.00 0.0000 0.0000 
8.566 0.00 0.00 0.0000 0.0000 
8.571 0.00 0.00 0.0000 0.0000 
8.576 0.00 0.00 0.0000 0.0000 
8.581 0.00 0.00 0.0000 0.0000 
8.586 0.00 0.00 0.0000 0.0000 
8.591 0.00 0.00 0.0000 0.0000 
8.596 0.00 0.00 0.0000 0.0000 
8.601 0.00 0.00 0.0000 0.0000 
8.606 0.00 0.00 0.0000 0.0000 
8.611 0.00 0.00 0.0000 0.0000 
8.616 0.00 0.00 0.0000 0.0000 
8.621 0.00 0.00 0.0000 0.0000 
8.626 0.00 0.00 0.0000 0.0000 
8.631 0.00 0.00 0.0000 0.0000 
8.636 0.00 0.00 0.0000 0.0000 
8.641 0.00 0.00 0.0000 0.0000 
8.646 0.00 0.00 0.0000 0.0000 
8.651 0.00 0.00 0.0000 0.0000 
8.656 0.00 0.00 0.0000 0.0000 
8.661 0.00 0.00 0.0000 0.0000 
8.666 0.00 0.00 0.0000 0.0000 
8.671 0.00 0.00 0.0000 0.0000 
8.676 0.00 0.00 0.0000 0.0000 
8.681 0.00 0.00 0.0000 0.0000 
8.686 0.00 0.00 0.0000 0.0000 
8.691 0.00 0.00 0.0000 0.0000 
8.696 0.00 0.00 0.0000 0.0000 
8.701 0.00 0.00 0.0000 0.0000 
8.706 0.00 0.00 0.0000 0.0000 
8.711 0.00 0.00 0.0000 0.0000 
8.716 0.00 0.00 0.0000 0.0000 
8.721 0.00 0.00 0.0000 0.0000 
8.726 0.00 0.00 0.0000 0.0000 
8.731 0.00 0.00 0.0000 0.0000 
8.736 0.00 0.00 0.0000 0.0000 
8.741 0.00 0.00 0.0000 0.0000 
8.746 0.00 0.00 0.0000 0.0000 
8.751 0.00 0.00 0.0000 0.0000 
8.756 0.00 0.00 0.0000 0.0000 
8.761 0.00 0.00 0.0000 0.0000 
8.766 0.00 0.00 0.0000 0.0000 
8.771 0.00 0.00 0.0000 0.0000 
8.776 0.00 0.00 0.0000 0.0000 
8.781 0.00 0.00 0.0000 0.0000 
8.786 0.00 0.00 0.0000 0.0000 
8.791 0.00 0.00 0.0000 0.0000 
8.796 0.00 0.00 0.0000 0.0000 
8.801 0.00 0.00 0.0000 0.0000 
8.806 0.00 0.00 0.0000 0.0000 
8.811 0.00 0.00 0.0000 0.0000 
8.816 0.00 0.00 0.0000 0.0000 
8.821 0.00 0.00 0.0000 0.0000 
8.826 0.00 0.00 0.0000 0.0000 
8.831 0.00 0.00 0.0000 0.0000 
8.836 0.00 0.00 0.0000 0.0000 
8.841 0.00 0.00 0.0000 0.0000 
8.846 0.00 0.00 0.0000 0.0000 
8.851 0.00 0.00 0.0000 0.0000 
8.856 0.00 0.00 0.0000 0.0000 
8.861 0.00 0.00 0.0000 0.0000 
8.866 0.00 0.00 0.0000 0.0000 
8.871 0.00 0.00 0.0000 0.0000 
8.876 0.00 0.00 0.0000 0.0000 
8.881 0.00 0.00 0.0000 0.0000 
8.886 0.00 0.00 0.0000 0.0000 
8.891 0.00 0.00 0.0000 0.0000 
8.896 0.00 0.00 0.0000 0.0000 
8.901 0.00 0.00 0.0000 0.0000 
8.906 0.00 0.00 0.0000 0.0000 
8.911 0.00 0.00 0.0000 0.0000 
8.916 0.00 0.00 0.0000 0.0000 
8.921 0.00 0.00 0.0000 0.0000 
8.926 0.00 0.00 0.0000 0.0000 
8.931 0.00 0.00 0.0000 0.0000 
8.936 0.00 0.00 0.0000 0.0000 
8.941 0.00 0.00 0.0000 0.0000 
8.946 0.00 0.00 0.0000 0.0000 
8.951 0.00 0.00 0.0000 0.0000 
8.956 0.00 0.00 0.0000 0.0000 
8.961 0.00 0.00 0.0000 0.0000 
8.966 0.00 0.00 0.0000 0.0000 
8.971 0.00 0.00 0.0000 0.0000 
8.976 0.00 0.00 0.0000 0.0000 
8.981 0.00 0.00 0.0000 0.0000 
8.986 0.00 0.00 0.0000 0.0000 
8.991 0.00 0.00 0.0000 0.0000 
8.996 0.00 0.00 0.0000 0.0000 
9.001 0.00 0.00 0.0000 0.0000 
9.006 0.00 0.00 0.0000 0.0000 
9.011 0.00 0.00 0.0000 0.0000 
9.016 0.00 0.00 0.0000 0.0000 
9.021 0.00 0.00 0.0000 0.0000 
9.026 0.00 0.00 0.0000 0.0000 
9.031 0.00 0.00 0.0000 0.0000 
9.036 0.00 0.00 0.0000 0.0000 
9.041 0.00 0.00 0.0000 0.0000 
9.046 0.00 0.00 0.0000 0.0000 
9.051 0.00 0.00 0.0000 0.0000 
9.056 0.00 0.00 0.0000 0.0000 
9.061 0.00 0.00 0.0000 0.0000 
9.066 0.00 0.00 0.0000 0.0000 
9.071 0.00 0.00 0.0000 0.0000 
9.076 0.00 0.00 0.0000 0.0000 
9.081 0.00 0.00 0.0000 0.0000 
9.086 0.00 0.00 0.0000 0.0000 
9.091 0.00 0.00 0.0000 0.0000 
9.096 0.00 0.00 0.0000 0.0000 
9.101 0.00 0.00 0.0000 0.0000 
9.106 0.00 0.00 0.0000 0.0000 
9.111 0.00 0.00 0.0000 0.0000 
9.116 0.00 0.00 0.0000 0.0000 
9.121 0.00 0.00 0.0000 0.0000 
9.126 0.00 0.00 0.0000 0.0000 
9.131 0.00 0.00 0.0000 0.0000 
9.136 0.00 0.00 0.0000 0.0000 
9.141 0.00 0.00 0.0000 0.0000 
9.146 0.00 0.00 0.0000 0.0000 
9.151 0.00 0.00 0.0000 0.0000 
9.156 0.00 0.00 0.0000 0.0000 
9.161 0.00 0.00 0.0000 0.0000 
9.166 0.00 0.00 0.0000 0.0000 
9.171 0.00 0.00 0.0000 0.0000 
9.176 0.00 0.00 0.0000 0.0000 
9.181 0.00 0.00 0.0000 0.0000 
9.186 0.00 0.00 0.0000 0.0000 
9.191 0.00 0.00 0.0000 0.0000 
9.196 0.00 0.00 0.0000 0.0000 
9.201 0.00 0.00 0.0000 0.0000 
9.206 0.00 0.00 0.0000 0.0000 
9.211 0.00 0.00 0.0000 0.0000 
9.216 0.00 0.00 0.0000 0.0000 
9.221 0.00 0.00 0.0000 0.0000 
9.226 0.00 0.00 0.0000 0.0000 
9.231 0.00 0.00 0.0000 0.0000 
9.236 0.00 0.00 0.0000 0.0000 
9.241 0.00 0.00 0.0000 0.0000 
9.246 0.00 0.00 0.0000 0.0000 
9.251 0.00 0.00 0.0000 0.0000 
9.256 0.00 0.00 0.0000 0.0000 
9.261 0.00 0.00 0.0000 0.0000 
9.266 0.00 0.00 0.0000 0.0000 
9.271 0.00 0.00 0.0000 0.0000 
9.276 0.00 0.00 0.0000 0.0000 
9.281 0.00 0.00 0.0000 0.0000 
9.286 0.00 0.00 0.0000 0.0000 
9.291 0.00 0.00 0.0000 0.0000 
9.296 0.00 0.00 0.0000 0.0000 
9.301 0.00 0.00 0.0000 0.0000 
9.306 0.00 0.00 0.0000 0.0000 
9.311 0.00 0.00 0.0000 0.0000 
9.316 0.00 0.00 0.0000 0.0000 
9.321 0.00 0.00 0.0000 0.0000 
9.326 0.00 0.00 0.0000 0.0000 
9.331 0.00 0.00 0.0000 0.0000 
9.336 0.00 0.00 0.0000 0.0000 
9.341 0.00 0.00 0.0000 0.0000 
9.346 0.00 0.00 0.0000 0.0000 
9.351 0.00 0.00 0.0000 0.0000 
9.356 0.00 0.00 0.0000 0.0000 
9.361 0.00 0.00 0.0000 0.0000 
9.366 0.00 0.00 0.0000 0.0000 
