%% logfile from robot Freja (4)
% Freja (4)
%  1    time 0.001 sec
%  2  3 Motor voltage [V] left, right: 6.20 6.20
%  4  5 Wheel velocity [m/s] left, right: 0.0000 0.0000
% 6 7 Turnrate [r/s]: 0.0000, steer angle [rad]: 0.0000
%  8  9 10 11 Pose x,y,h,tilt [m,m,rad,rad]: 0 0 0 3.07108
0.001 6.20 6.20 0.0000 0.0000 0.0000 0.0000 0.0000 0.0000 0.000000 3.071078 
0.006 6.20 6.20 0.0000 0.0000 -0.0002 0.0000 0.0004 0.0000 0.000000 3.071069 
0.011 2.32 1.50 0.3238 0.3910 0.4337 -0.0011 0.0018 0.0000 0.002617 3.071077 
0.016 1.26 0.98 0.4119 0.4345 0.1461 -0.0011 0.0039 0.0000 0.002617 3.071077 
0.021 1.34 1.37 0.4056 0.4023 -0.0216 -0.0011 0.0059 0.0000 0.002617 3.071103 
0.026 1.43 1.45 0.3978 0.3954 -0.0151 -0.0011 0.0079 0.0000 0.002617 3.071089 
0.031 1.50 1.44 0.3916 0.3960 0.0285 -0.0011 0.0099 0.0000 0.002617 3.071075 
0.036 1.50 1.49 0.3924 0.3918 -0.0040 -0.0011 0.0120 0.0000 0.002617 3.071056 
0.041 1.40 1.45 0.4005 0.3954 -0.0329 -0.0011 0.0140 0.0000 0.002617 3.071060 
0.046 1.47 1.42 0.3944 0.3984 0.0255 -0.0011 0.0160 0.0000 0.002617 3.071088 
0.051 1.46 1.45 0.3953 0.3951 -0.0010 -0.0023 0.0178 0.0000 0.005235 3.071101 
0.056 1.44 1.44 0.3969 0.3965 -0.0020 -0.0011 0.0197 0.0001 0.002617 3.071082 
0.061 1.49 1.46 0.3931 0.3947 0.0099 -0.0011 0.0217 0.0001 0.002617 3.071082 
0.066 1.45 1.62 0.3964 0.3808 -0.1003 -0.0011 0.0237 0.0001 0.002617 3.071065 
0.071 1.50 1.52 0.3920 0.3898 -0.0143 -0.0011 0.0258 0.0001 0.002617 3.071025 
0.076 1.55 1.54 0.3881 0.3875 -0.0037 -0.0011 0.0278 0.0001 0.002617 3.070989 
0.081 1.51 1.51 0.3905 0.3911 0.0037 0.0000 0.0296 0.0001 -0.000000 3.070968 
0.086 1.47 1.50 0.3942 0.3911 -0.0203 -0.0011 0.0314 0.0001 0.002617 3.070966 
0.091 1.39 1.50 0.4010 0.3913 -0.0626 -0.0011 0.0335 0.0001 0.002617 3.070985 
0.096 1.48 1.45 0.3933 0.3957 0.0154 -0.0011 0.0355 0.0001 0.002617 3.071018 
0.101 1.50 1.45 0.3921 0.3955 0.0214 -0.0011 0.0375 0.0001 0.002617 3.071033 
0.106 1.40 1.46 0.4004 0.3943 -0.0391 -0.0011 0.0396 0.0001 0.002617 3.071059 
0.111 1.44 1.45 0.3966 0.3957 -0.0056 0.0000 0.0414 0.0001 -0.000000 3.071043 
0.116 1.48 1.54 0.3934 0.3887 -0.0303 0.0000 0.0434 0.0001 -0.000000 3.071037 
0.121 1.48 1.47 0.3933 0.3939 0.0037 -0.0011 0.0452 0.0001 0.002617 3.071028 
0.126 1.51 1.52 0.3910 0.3898 -0.0076 -0.0011 0.0473 0.0001 0.002617 3.071028 
0.131 1.44 1.51 0.3970 0.3908 -0.0400 -0.0011 0.0493 0.0001 0.002617 3.071019 
0.136 1.43 1.54 0.3979 0.3880 -0.0639 -0.0011 0.0513 0.0001 0.002617 3.071032 
0.141 1.46 1.51 0.3950 0.3905 -0.0294 0.0000 0.0531 0.0001 -0.000000 3.071045 
0.146 1.51 1.50 0.3907 0.3919 0.0074 0.0000 0.0552 0.0001 -0.000000 3.071071 
0.151 1.48 1.49 0.3934 0.3927 -0.0046 0.0000 0.0572 0.0001 -0.000000 3.071071 
0.156 1.36 1.46 0.4033 0.3950 -0.0532 0.0000 0.0592 0.0001 -0.000000 3.071054 
0.161 1.44 1.50 0.3971 0.3913 -0.0375 -0.0011 0.0611 0.0001 0.002617 3.071051 
0.166 1.46 1.49 0.3951 0.3923 -0.0180 -0.0011 0.0631 0.0001 0.002617 3.071037 
0.171 1.45 1.47 0.3959 0.3938 -0.0135 0.0000 0.0649 0.0001 -0.000000 3.071028 
0.176 1.48 1.50 0.3932 0.3913 -0.0121 0.0000 0.0669 0.0001 -0.000000 3.071010 
0.181 1.40 1.50 0.3999 0.3914 -0.0553 0.0000 0.0690 0.0001 -0.000000 3.071021 
0.186 1.47 1.52 0.3942 0.3896 -0.0298 0.0000 0.0710 0.0001 -0.000000 3.071037 
0.191 1.53 1.47 0.3891 0.3939 0.0309 0.0000 0.0730 0.0001 -0.000000 3.071056 
0.196 1.44 1.41 0.3963 0.3991 0.0184 0.0000 0.0751 0.0001 -0.000000 3.071055 
0.201 1.49 1.46 0.3927 0.3949 0.0143 0.0000 0.0767 0.0001 -0.000000 3.071040 
0.206 1.36 1.45 0.4029 0.3959 -0.0452 0.0000 0.0787 0.0001 -0.000000 3.071022 
0.211 1.48 1.53 0.3934 0.3893 -0.0261 0.0000 0.0807 0.0001 -0.000000 3.071023 
0.216 1.53 1.51 0.3889 0.3904 0.0097 0.0000 0.0828 0.0001 -0.000000 3.071030 
0.221 1.45 1.40 0.3959 0.3998 0.0254 0.0000 0.0848 0.0001 -0.000000 3.071024 
0.226 1.44 1.55 0.3969 0.3871 -0.0636 0.0000 0.0868 0.0001 -0.000000 3.071019 
0.231 1.44 1.51 0.3966 0.3911 -0.0352 0.0011 0.0886 0.0001 -0.002617 3.071017 
0.236 1.46 1.53 0.3947 0.3892 -0.0352 0.0011 0.0907 0.0001 -0.002617 3.071008 
0.241 1.53 1.47 0.3895 0.3946 0.0327 0.0000 0.0925 0.0001 -0.000000 3.071007 
0.246 1.44 1.41 0.3970 0.3990 0.0129 0.0000 0.0945 0.0001 -0.000000 3.071020 
0.251 1.41 1.49 0.3990 0.3922 -0.0439 0.0000 0.0966 0.0001 -0.000000 3.071028 
0.256 1.44 1.50 0.3970 0.3914 -0.0367 0.0000 0.0986 0.0001 -0.000000 3.071026 
0.261 1.46 1.43 0.3947 0.3974 0.0170 0.0000 0.1006 0.0001 -0.000000 3.071024 
0.266 1.48 1.50 0.3930 0.3915 -0.0095 0.0011 0.1024 0.0001 -0.002617 3.071040 
0.271 1.39 1.41 0.4006 0.3998 -0.0055 0.0011 0.1045 0.0001 -0.002617 3.071043 
0.276 1.43 1.54 0.3976 0.3882 -0.0605 0.0000 0.1063 0.0001 -0.000000 3.071039 
0.281 1.45 1.55 0.3958 0.3877 -0.0524 0.0000 0.1083 0.0001 -0.000000 3.071027 
0.286 1.47 1.44 0.3944 0.3969 0.0160 0.0000 0.1103 0.0001 -0.000000 3.071009 
0.291 1.47 1.42 0.3941 0.3981 0.0260 0.0000 0.1124 0.0001 -0.000000 3.071015 
0.296 1.41 1.42 0.3991 0.3988 -0.0015 0.0011 0.1142 0.0001 -0.002617 3.071007 
0.301 1.44 1.52 0.3961 0.3899 -0.0401 0.0011 0.1162 0.0001 -0.002617 3.071016 
0.306 1.49 1.52 0.3918 0.3901 -0.0112 0.0011 0.1183 0.0001 -0.002617 3.071016 
0.311 1.49 1.44 0.3918 0.3971 0.0346 0.0011 0.1203 0.0001 -0.002617 3.071025 
0.316 1.50 1.42 0.3920 0.3982 0.0398 0.0000 0.1221 0.0001 -0.000000 3.071006 
0.321 1.39 1.50 0.4011 0.3917 -0.0610 0.0000 0.1241 0.0001 -0.000000 3.071019 
0.326 1.47 1.55 0.3935 0.3880 -0.0360 0.0011 0.1260 0.0001 -0.002617 3.071015 
0.331 1.51 1.55 0.3904 0.3876 -0.0179 0.0011 0.1280 0.0001 -0.002617 3.071015 
0.336 1.40 1.43 0.3999 0.3974 -0.0161 0.0011 0.1300 0.0001 -0.002617 3.071022 
0.341 1.47 1.41 0.3938 0.3991 0.0340 0.0011 0.1320 0.0001 -0.002617 3.071036 
0.346 1.45 1.48 0.3955 0.3939 -0.0106 0.0011 0.1341 0.0001 -0.002617 3.071046 
0.351 1.45 1.54 0.3962 0.3883 -0.0507 0.0000 0.1359 0.0001 -0.000000 3.071057 
0.356 1.49 1.45 0.3925 0.3954 0.0188 0.0000 0.1379 0.0001 -0.000000 3.071033 
0.361 1.43 1.44 0.3973 0.3973 -0.0000 0.0011 0.1398 0.0001 -0.002617 3.071048 
0.366 1.44 1.44 0.3966 0.3972 0.0038 0.0011 0.1418 0.0001 -0.002617 3.071056 
0.371 1.46 1.50 0.3947 0.3915 -0.0204 0.0011 0.1438 0.0000 -0.002617 3.071038 
0.376 1.50 1.57 0.3912 0.3860 -0.0336 0.0011 0.1458 0.0000 -0.002617 3.071026 
0.381 1.47 1.49 0.3937 0.3926 -0.0071 0.0011 0.1479 0.0000 -0.002617 3.071018 
0.386 1.37 1.41 0.4022 0.3997 -0.0160 0.0011 0.1499 0.0000 -0.002617 3.071009 
0.391 1.48 1.45 0.3929 0.3965 0.0233 0.0011 0.1515 0.0000 -0.002617 3.070979 
0.396 1.45 1.45 0.3952 0.3959 0.0047 0.0011 0.1536 0.0000 -0.002617 3.070958 
0.401 1.48 1.51 0.3930 0.3909 -0.0131 0.0011 0.1556 0.0000 -0.002617 3.070932 
0.406 1.50 1.46 0.3908 0.3956 0.0306 0.0011 0.1576 0.0000 -0.002617 3.070940 
0.411 1.41 1.44 0.3989 0.3968 -0.0137 0.0011 0.1596 0.0000 -0.002617 3.070951 
0.416 1.47 1.49 0.3940 0.3928 -0.0079 0.0011 0.1617 0.0000 -0.002617 3.070978 
0.421 1.52 1.57 0.3898 0.3858 -0.0259 0.0011 0.1637 0.0000 -0.002617 3.070972 
0.426 1.49 1.57 0.3918 0.3857 -0.0393 0.0011 0.1653 -0.0000 -0.002617 3.070989 
0.431 1.49 1.49 0.3922 0.3931 0.0061 0.0011 0.1673 -0.0000 -0.002617 3.071005 
0.436 1.39 1.41 0.4004 0.3996 -0.0056 0.0011 0.1694 -0.0000 -0.002617 3.070987 
0.441 1.47 1.46 0.3937 0.3957 0.0127 0.0011 0.1714 -0.0000 -0.002617 3.070996 
0.446 1.49 1.52 0.3924 0.3902 -0.0146 0.0011 0.1734 -0.0000 -0.002617 3.071016 
0.451 1.40 1.46 0.3997 0.3952 -0.0294 0.0011 0.1755 -0.0000 -0.002617 3.070999 
0.456 1.49 1.44 0.3925 0.3969 0.0287 0.0011 0.1775 -0.0000 -0.002617 3.071010 
0.461 1.42 1.49 0.3980 0.3921 -0.0384 0.0000 0.1793 -0.0000 -0.000000 3.071018 
0.466 1.46 1.48 0.3943 0.3933 -0.0062 0.0011 0.1811 -0.0000 -0.002617 3.071033 
0.471 1.57 1.55 0.3855 0.3876 0.0135 0.0011 0.1832 -0.0000 -0.002617 3.071025 
0.476 1.47 1.49 0.3938 0.3930 -0.0053 0.0011 0.1852 -0.0000 -0.002617 3.071020 
0.481 1.44 1.46 0.3963 0.3957 -0.0041 0.0011 0.1872 -0.0001 -0.002617 3.071022 
0.486 1.46 1.43 0.3950 0.3980 0.0193 0.0011 0.1893 -0.0001 -0.002617 3.071019 
0.491 1.47 1.50 0.3940 0.3922 -0.0116 0.0011 0.1913 -0.0001 -0.002617 3.070999 
0.496 1.49 1.52 0.3924 0.3906 -0.0117 0.0011 0.1929 -0.0001 -0.002617 3.071014 
0.501 1.40 1.45 0.4000 0.3965 -0.0231 0.0011 0.1949 -0.0001 -0.002617 3.071010 
0.506 1.43 1.40 0.3970 0.4000 0.0192 0.0011 0.1970 -0.0001 -0.002617 3.071011 
0.511 1.46 1.46 0.3950 0.3954 0.0031 0.0011 0.1990 -0.0001 -0.002617 3.071005 
0.516 1.45 1.50 0.3956 0.3920 -0.0229 0.0011 0.2010 -0.0001 -0.002617 3.071009 
0.521 1.48 1.53 0.3926 0.3895 -0.0204 0.0011 0.2030 -0.0001 -0.002617 3.070997 
0.526 1.40 1.46 0.3997 0.3950 -0.0307 0.0011 0.2051 -0.0001 -0.002617 3.070997 
0.531 1.50 1.48 0.3919 0.3935 0.0108 0.0000 0.2069 -0.0001 -0.000000 3.070990 
0.536 1.46 1.42 0.3944 0.3983 0.0255 0.0011 0.2087 -0.0001 -0.002617 3.070983 
0.541 1.50 1.50 0.3912 0.3922 0.0063 0.0011 0.2108 -0.0001 -0.002617 3.071000 
0.546 1.47 1.48 0.3938 0.3938 0.0004 0.0011 0.2128 -0.0001 -0.002617 3.071001 
0.551 1.36 1.41 0.4030 0.3997 -0.0213 0.0011 0.2148 -0.0001 -0.002617 3.071006 
0.556 1.46 1.44 0.3944 0.3974 0.0194 0.0011 0.2168 -0.0001 -0.002617 3.070978 
0.561 1.52 1.52 0.3892 0.3903 0.0069 0.0011 0.2189 -0.0001 -0.002617 3.070968 
0.566 1.46 1.47 0.3953 0.3943 -0.0066 0.0000 0.2207 -0.0001 -0.000000 3.070958 
0.571 1.50 1.54 0.3910 0.3889 -0.0139 0.0011 0.2225 -0.0001 -0.002617 3.070961 
0.576 1.39 1.47 0.4004 0.3946 -0.0378 0.0011 0.2245 -0.0001 -0.002617 3.070967 
0.581 1.45 1.48 0.3956 0.3939 -0.0110 0.0011 0.2266 -0.0001 -0.002617 3.070957 
0.586 1.52 1.49 0.3895 0.3927 0.0207 0.0011 0.2286 -0.0001 -0.002617 3.070961 
0.591 1.45 1.43 0.3955 0.3976 0.0135 0.0011 0.2306 -0.0002 -0.002617 3.070935 
0.596 1.43 1.45 0.3974 0.3965 -0.0059 0.0011 0.2327 -0.0002 -0.002617 3.070928 
0.601 1.45 1.44 0.3953 0.3968 0.0097 0.0011 0.2347 -0.0002 -0.002617 3.070933 
0.606 1.48 1.44 0.3931 0.3972 0.0266 0.0011 0.2363 -0.0002 -0.002617 3.070933 
0.611 1.53 1.51 0.3885 0.3909 0.0159 0.0011 0.2383 -0.0002 -0.002617 3.070943 
0.616 1.43 1.46 0.3970 0.3957 -0.0083 0.0011 0.2404 -0.0002 -0.002617 3.070963 
0.621 1.43 1.50 0.3970 0.3923 -0.0304 0.0011 0.2424 -0.0002 -0.002617 3.070976 
0.626 1.43 1.49 0.3972 0.3928 -0.0285 0.0011 0.2444 -0.0002 -0.002617 3.070987 
0.631 1.48 1.52 0.3933 0.3903 -0.0196 0.0011 0.2465 -0.0002 -0.002617 3.070983 
0.636 1.47 1.45 0.3935 0.3959 0.0157 0.0011 0.2485 -0.0002 -0.002617 3.070990 
0.641 1.39 1.45 0.4000 0.3964 -0.0231 0.0023 0.2503 -0.0002 -0.005235 3.070987 
0.646 1.42 1.44 0.3984 0.3971 -0.0080 0.0011 0.2521 -0.0002 -0.002617 3.070995 
0.651 1.43 1.44 0.3975 0.3969 -0.0039 0.0011 0.2542 -0.0002 -0.002617 3.070988 
0.656 1.46 1.49 0.3946 0.3930 -0.0107 0.0011 0.2562 -0.0002 -0.002617 3.070977 
0.661 1.46 1.47 0.3947 0.3946 -0.0004 0.0011 0.2582 -0.0002 -0.002617 3.071001 
0.666 1.38 1.43 0.4013 0.3979 -0.0219 0.0011 0.2602 -0.0002 -0.002617 3.071006 
0.671 1.47 1.56 0.3939 0.3871 -0.0435 0.0011 0.2623 -0.0002 -0.002617 3.070990 
0.676 1.50 1.50 0.3910 0.3920 0.0064 0.0023 0.2641 -0.0002 -0.005235 3.070959 
0.681 1.38 1.52 0.4008 0.3910 -0.0633 0.0023 0.2661 -0.0003 -0.005235 3.070956 
0.686 1.46 1.44 0.3950 0.3972 0.0141 0.0011 0.2680 -0.0003 -0.002617 3.070967 
0.691 1.37 1.37 0.4018 0.4028 0.0061 0.0011 0.2700 -0.0003 -0.002617 3.070982 
0.696 1.44 1.47 0.3965 0.3942 -0.0148 0.0011 0.2720 -0.0003 -0.002617 3.070988 
0.701 1.50 1.48 0.3910 0.3936 0.0168 0.0011 0.2740 -0.0003 -0.002617 3.071011 
0.706 1.44 1.42 0.3964 0.3985 0.0136 0.0011 0.2761 -0.0003 -0.002617 3.071029 
0.711 1.43 1.43 0.3971 0.3977 0.0037 0.0011 0.2781 -0.0003 -0.002617 3.071024 
0.716 1.45 1.40 0.3947 0.4006 0.0377 0.0023 0.2799 -0.0003 -0.005235 3.071010 
0.721 1.84 1.57 0.3625 0.3861 0.1518 0.0023 0.2819 -0.0003 -0.005235 3.071002 
0.726 1.46 1.55 0.3944 0.3875 -0.0448 0.0011 0.2838 -0.0003 -0.002617 3.070981 
0.731 1.33 1.42 0.4050 0.3985 -0.0420 0.0011 0.2858 -0.0003 -0.002617 3.070982 
0.736 1.45 1.41 0.3958 0.3996 0.0245 0.0011 0.2878 -0.0003 -0.002617 3.071013 
0.741 1.44 1.45 0.3962 0.3965 0.0022 0.0011 0.2899 -0.0003 -0.002617 3.071033 
0.746 1.42 1.46 0.3977 0.3954 -0.0143 0.0023 0.2917 -0.0003 -0.005235 3.071057 
0.751 1.46 1.46 0.3940 0.3956 0.0102 0.0023 0.2937 -0.0004 -0.005235 3.071065 
0.756 1.41 1.42 0.3983 0.3990 0.0047 0.0023 0.2957 -0.0004 -0.005235 3.071069 
0.761 1.46 1.40 0.3943 0.4004 0.0399 0.0023 0.2978 -0.0004 -0.005235 3.071067 
0.766 1.52 1.48 0.3894 0.3938 0.0278 0.0023 0.2998 -0.0004 -0.005235 3.071068 
0.771 1.49 1.58 0.3922 0.3851 -0.0464 0.0011 0.3016 -0.0004 -0.002617 3.071069 
0.776 1.46 1.50 0.3944 0.3919 -0.0165 0.0011 0.3037 -0.0004 -0.002617 3.071078 
0.781 1.38 1.48 0.4007 0.3941 -0.0426 0.0023 0.3055 -0.0004 -0.005235 3.071081 
0.786 1.46 1.47 0.3942 0.3950 0.0054 0.0023 0.3075 -0.0004 -0.005235 3.071110 
0.791 1.52 1.48 0.3891 0.3944 0.0344 0.0023 0.3095 -0.0004 -0.005235 3.071164 
0.796 1.41 1.51 0.3988 0.3916 -0.0466 0.0023 0.3116 -0.0004 -0.005235 3.071151 
0.801 1.43 1.44 0.3969 0.3971 0.0010 0.0023 0.3136 -0.0004 -0.005235 3.071166 
0.806 1.41 1.39 0.3990 0.4013 0.0147 0.0011 0.3154 -0.0005 -0.002617 3.071208 
0.811 1.46 1.46 0.3944 0.3954 0.0067 0.0011 0.3174 -0.0005 -0.002617 3.071197 
0.816 1.51 1.54 0.3902 0.3886 -0.0103 0.0011 0.3195 -0.0005 -0.002617 3.071160 
0.821 1.43 1.55 0.3965 0.3882 -0.0533 0.0023 0.3213 -0.0005 -0.005235 3.071163 
0.826 1.43 1.49 0.3970 0.3930 -0.0264 0.0023 0.3233 -0.0005 -0.005235 3.071192 
0.831 1.44 1.41 0.3960 0.4002 0.0272 0.0023 0.3254 -0.0005 -0.005235 3.071158 
0.836 1.49 1.45 0.3919 0.3967 0.0314 0.0023 0.3274 -0.0005 -0.005235 3.071155 
0.841 1.46 1.54 0.3944 0.3885 -0.0381 0.0023 0.3294 -0.0005 -0.005235 3.071179 
0.846 1.40 1.46 0.3996 0.3953 -0.0276 0.0011 0.3312 -0.0005 -0.002617 3.071173 
0.851 1.43 1.41 0.3973 0.3999 0.0163 0.0011 0.3333 -0.0005 -0.002617 3.071148 
0.856 1.44 1.41 0.3957 0.4002 0.0286 0.0023 0.3351 -0.0005 -0.005235 3.071145 
0.861 1.45 1.46 0.3954 0.3954 -0.0004 0.0023 0.3371 -0.0005 -0.005235 3.071157 
0.866 1.48 1.54 0.3928 0.3891 -0.0238 0.0023 0.3391 -0.0005 -0.005235 3.071144 
0.871 1.43 1.48 0.3969 0.3938 -0.0202 0.0023 0.3412 -0.0006 -0.005235 3.071161 
0.876 1.45 1.46 0.3954 0.3960 0.0038 0.0023 0.3432 -0.0006 -0.005235 3.071200 
0.881 1.51 1.46 0.3899 0.3956 0.0363 0.0023 0.3452 -0.0006 -0.005235 3.071198 
0.886 1.55 1.52 0.3870 0.3906 0.0233 0.0011 0.3471 -0.0006 -0.002617 3.071189 
0.891 1.47 1.53 0.3935 0.3899 -0.0229 0.0023 0.3489 -0.0006 -0.005235 3.071176 
0.896 1.35 1.42 0.4035 0.3988 -0.0306 0.0023 0.3509 -0.0006 -0.005235 3.071191 
0.901 1.45 1.40 0.3951 0.4010 0.0377 0.0023 0.3529 -0.0006 -0.005235 3.071200 
0.906 1.52 1.44 0.3894 0.3970 0.0487 0.0023 0.3550 -0.0006 -0.005235 3.071182 
0.911 1.44 1.49 0.3963 0.3936 -0.0174 0.0023 0.3570 -0.0006 -0.005235 3.071187 
0.916 1.43 1.50 0.3970 0.3921 -0.0316 0.0023 0.3590 -0.0006 -0.005235 3.071213 
0.921 1.42 1.46 0.3981 0.3957 -0.0149 0.0011 0.3609 -0.0006 -0.002617 3.071203 
0.926 1.46 1.48 0.3946 0.3938 -0.0051 0.0011 0.3629 -0.0007 -0.002617 3.071196 
0.931 1.55 1.49 0.3869 0.3930 0.0391 0.0011 0.3649 -0.0007 -0.002617 3.071162 
0.936 1.44 1.50 0.3959 0.3922 -0.0238 0.0023 0.3667 -0.0007 -0.005235 3.071149 
0.941 1.42 1.47 0.3977 0.3952 -0.0163 0.0023 0.3688 -0.0007 -0.005235 3.071152 
0.946 1.43 1.40 0.3965 0.4008 0.0278 0.0023 0.3708 -0.0007 -0.005235 3.071150 
0.951 1.47 1.43 0.3935 0.3985 0.0323 0.0023 0.3728 -0.0007 -0.005235 3.071168 
0.956 1.52 1.50 0.3895 0.3922 0.0179 0.0011 0.3746 -0.0007 -0.002617 3.071193 
0.961 1.43 1.52 0.3972 0.3901 -0.0456 0.0011 0.3767 -0.0007 -0.002617 3.071178 
0.966 1.42 1.54 0.3983 0.3886 -0.0629 0.0011 0.3787 -0.0007 -0.002617 3.071157 
0.971 1.42 1.49 0.3974 0.3930 -0.0285 0.0023 0.3805 -0.0007 -0.005235 3.071131 
0.976 1.45 1.49 0.3948 0.3931 -0.0106 0.0023 0.3826 -0.0007 -0.005235 3.071124 
0.981 1.45 1.49 0.3954 0.3935 -0.0121 0.0023 0.3846 -0.0007 -0.005235 3.071128 
0.986 1.39 1.44 0.4003 0.3970 -0.0208 0.0023 0.3866 -0.0008 -0.005235 3.071127 
0.991 1.44 1.45 0.3963 0.3967 0.0026 0.0023 0.3886 -0.0008 -0.005235 3.071131 
0.996 1.44 1.43 0.3966 0.3981 0.0095 0.0011 0.3905 -0.0008 -0.002617 3.071171 
1.001 1.48 1.48 0.3928 0.3936 0.0049 0.0011 0.3925 -0.0008 -0.002617 3.071170 
1.006 1.52 12 
1.011 1.39 1.44 0.4004 0.3972 -0.0203 0.0023 0.3963 -0.0008 -0.005235 3.071145 
1.016 1.47 1.48 0.3932 0.3942 0.0063 0.0023 0.3984 -0.0008 -0.005235 3.071117 
1.021 1.23 1.76 0.3906 0.3934 0.0176 0.0781 0.4004 -0.0008 -0.005235 3.071097 
1.026 1.20 1.71 0.3935 0.3972 0.0238 0.0781 0.4024 -0.0008 -0.005235 3.071077 
1.031 1.33 1.55 0.3827 0.4106 0.1802 0.0770 0.4043 -0.0008 -0.002617 3.071069 
1.036 1.30 1.45 0.3850 0.4184 0.2156 0.0770 0.4063 -0.0008 -0.002617 3.071091 
1.041 1.34 1.55 0.3824 0.4100 0.1780 0.0770 0.4083 -0.0008 -0.002617 3.071127 
1.046 1.34 1.55 0.3828 0.4103 0.1774 0.0759 0.4101 -0.0008 -0.000000 3.071125 
1.051 1.39 1.45 0.3786 0.4183 0.2559 0.0759 0.4122 -0.0008 -0.000000 3.071134 
1.056 1.39 1.45 0.3784 0.4183 0.2574 0.0759 0.4142 -0.0008 -0.000000 3.071149 
1.061 1.35 1.59 0.3823 0.4056 0.1502 0.0736 0.4162 -0.0008 0.005235 3.071131 
1.066 1.34 1.53 0.3829 0.4110 0.1812 0.0736 0.4183 -0.0008 0.005235 3.071103 
1.071 1.36 1.50 0.3815 0.4136 0.2075 0.0736 0.4203 -0.0008 0.005235 3.071093 
1.076 1.40 1.47 0.3784 0.4156 0.2404 0.0736 0.4223 -0.0008 0.005235 3.071110 
1.081 1.43 1.52 0.3759 0.4111 0.2275 0.0725 0.4241 -0.0008 0.007852 3.071143 
1.086 1.35 1.51 0.3823 0.4119 0.1911 0.0725 0.4262 -0.0008 0.007852 3.071156 
1.091 1.38 1.44 0.3800 0.4179 0.2447 0.0725 0.4282 -0.0008 0.007852 3.071149 
1.096 1.31 1.47 0.3859 0.4154 0.1900 0.0713 0.4300 -0.0007 0.010469 3.071155 
1.101 1.39 1.54 0.3794 0.4096 0.1949 0.0713 0.4320 -0.0007 0.010469 3.071160 
1.106 1.44 1.49 0.3754 0.4139 0.2488 0.0713 0.4341 -0.0007 0.010469 3.071166 
1.111 1.38 1.52 0.3812 0.4109 0.1918 0.0702 0.4359 -0.0007 0.013086 3.071177 
1.116 1.41 1.53 0.3787 0.4096 0.1995 0.0702 0.4379 -0.0007 0.013086 3.071191 
1.121 1.32 1.48 0.3859 0.4141 0.1819 0.0691 0.4402 -0.0006 0.015704 3.071207 
1.126 1.38 1.45 0.3816 0.4156 0.2197 0.0679 0.4420 -0.0006 0.018321 3.071199 
1.131 1.37 1.49 0.3823 0.4131 0.1987 0.0679 0.4440 -0.0006 0.018321 3.071199 
1.136 1.42 1.54 0.3786 0.4087 0.1947 0.0679 0.4460 -0.0005 0.018321 3.071195 
1.141 1.38 1.49 0.3813 0.4126 0.2023 0.0679 0.4481 -0.0005 0.018321 3.071164 
1.146 1.30 1.43 0.3880 0.4172 0.1884 0.0668 0.4499 -0.0004 0.020938 3.071151 
1.151 1.35 1.53 0.3839 0.4086 0.1592 0.0668 0.4519 -0.0004 0.020938 3.071143 
1.156 1.37 1.60 0.3829 0.4033 0.1311 0.0668 0.4539 -0.0004 0.020938 3.071124 
1.161 1.39 1.52 0.3815 0.4091 0.1781 0.0657 0.4558 -0.0003 0.023556 3.071144 
1.166 1.44 1.50 0.3775 0.4112 0.2175 0.0657 0.4578 -0.0003 0.023556 3.071125 
1.171 1.36 1.46 0.3840 0.4143 0.1952 0.0657 0.4598 -0.0002 0.023556 3.071106 
1.176 1.36 1.52 0.3835 0.4094 0.1669 0.0657 0.4619 -0.0002 0.023556 3.071109 
1.181 1.32 1.52 0.3870 0.4093 0.1435 0.0645 0.4637 -0.0001 0.026173 3.071115 
1.186 1.39 1.45 0.3813 0.4150 0.2173 0.0645 0.4657 -0.0001 0.026173 3.071111 
1.191 1.40 1.49 0.3807 0.4113 0.1975 0.0645 0.4677 -0.0000 0.026173 3.071093 
1.196 1.36 1.51 0.3847 0.4094 0.1590 0.0622 0.4698 0.0000 0.031408 3.071107 
1.201 1.40 1.41 0.3819 0.4175 0.2297 0.0622 0.4718 0.0001 0.031408 3.071129 
1.206 1.34 1.57 0.3862 0.4043 0.1171 0.0622 0.4738 0.0002 0.031408 3.071136 
1.211 1.39 1.61 0.3822 0.4012 0.1230 0.0622 0.4758 0.0002 0.031408 3.071136 
1.216 1.38 1.46 0.3834 0.4127 0.1893 0.0611 0.4777 0.0003 0.034025 3.071142 
1.221 1.43 1.45 0.3792 0.4141 0.2253 0.0611 0.4797 0.0004 0.034025 3.071163 
1.226 1.41 1.47 0.3809 0.4120 0.2005 0.0611 0.4817 0.0004 0.034025 3.071153 
1.231 1.34 1.53 0.3869 0.4065 0.1265 0.0600 0.4836 0.0005 0.036642 3.071152 
1.236 1.40 1.48 0.3821 0.4112 0.1874 0.0600 0.4856 0.0006 0.036642 3.071150 
1.241 1.39 1.45 0.3830 0.4137 0.1983 0.0600 0.4876 0.0006 0.036642 3.071154 
1.246 1.36 1.55 0.3858 0.4056 0.1274 0.0600 0.4896 0.0007 0.036642 3.071167 
1.251 1.43 1.66 0.3796 0.3957 0.1037 0.0588 0.4915 0.0008 0.039259 3.071150 
1.256 1.37 1.56 0.3853 0.4044 0.1231 0.0588 0.4935 0.0009 0.039259 3.071141 
1.261 1.36 1.50 0.3861 0.4091 0.1480 0.0588 0.4955 0.0009 0.039259 3.071139 
1.266 1.39 1.46 0.3836 0.4127 0.1877 0.0588 0.4975 0.0010 0.039259 3.071124 
1.271 1.44 1.51 0.3796 0.4076 0.1810 0.0577 0.4994 0.0011 0.041877 3.071138 
1.276 1.47 1.49 0.3768 0.4093 0.2095 0.0577 0.5014 0.0012 0.041877 3.071149 
1.281 1.35 1.44 0.3872 0.4142 0.1739 0.0577 0.5034 0.0013 0.041877 3.071196 
1.286 1.40 1.46 0.3829 0.4115 0.1846 0.0566 0.5052 0.0013 0.044494 3.071192 
1.291 1.34 1.53 0.3882 0.4062 0.1163 0.0566 0.5073 0.0014 0.044494 3.071184 
1.296 1.38 1.54 0.3846 0.4053 0.1331 0.0566 0.5093 0.0015 0.044494 3.071171 
1.301 1.43 1.55 0.3811 0.4044 0.1506 0.0566 0.5113 0.0016 0.044494 3.071122 
1.306 1.42 1.53 0.3818 0.4058 0.1552 0.0554 0.5131 0.0017 0.047111 3.071103 
1.311 1.40 1.54 0.3836 0.4044 0.1347 0.0554 0.5152 0.0018 0.047111 3.071100 
1.316 1.35 1.47 0.3876 0.4108 0.1497 0.0554 0.5172 0.0019 0.047111 3.071089 
1.321 1.43 1.43 0.3806 0.4139 0.2146 0.0554 0.5192 0.0020 0.047111 3.071103 
1.326 1.39 1.49 0.3845 0.4085 0.1554 0.0543 0.5210 0.0021 0.049729 3.071116 
1.331 1.42 1.51 0.3820 0.4068 0.1604 0.0543 0.5231 0.0022 0.049729 3.071117 
1.336 1.40 1.46 0.3835 0.4115 0.1810 0.0543 0.5251 0.0023 0.049729 3.071124 
1.341 1.41 1.51 0.3839 0.4061 0.1432 0.0520 0.5271 0.0024 0.054963 3.071127 
1.346 1.37 1.60 0.3870 0.3989 0.0772 0.0520 0.5291 0.0025 0.054963 3.071100 
1.351 1.37 1.60 0.3866 0.3988 0.0787 0.0532 0.5310 0.0026 0.052346 3.071078 
1.356 1.41 1.47 0.3837 0.4098 0.1687 0.0520 0.5332 0.0027 0.054963 3.071068 
1.361 1.46 1.44 0.3802 0.4120 0.2055 0.0509 0.5350 0.0028 0.057580 3.071077 
1.366 1.38 1.54 0.3866 0.4037 0.1099 0.0509 0.5370 0.0029 0.057580 3.071114 
1.371 1.36 1.49 0.3886 0.4074 0.1217 0.0509 0.5391 0.0031 0.057580 3.071154 
1.376 1.39 1.43 0.3859 0.4123 0.1700 0.0509 0.5411 0.0032 0.057580 3.071155 
1.381 1.42 1.46 0.3832 0.4096 0.1698 0.0498 0.5429 0.0033 0.060198 3.071158 
1.386 1.50 1.53 0.3769 0.4040 0.1745 0.0498 0.5449 0.0034 0.060198 3.071144 
1.391 1.41 1.48 0.3848 0.4084 0.1522 0.0498 0.5470 0.0035 0.060198 3.071134 
1.396 1.48 1.51 0.3785 0.4056 0.1745 0.0486 0.5488 0.0036 0.062815 3.071123 
1.401 1.34 1.51 0.3908 0.4054 0.0945 0.0486 0.5508 0.0038 0.062815 3.071088 
1.406 1.40 1.53 0.3854 0.4032 0.1147 0.0486 0.5528 0.0039 0.062815 3.071083 
1.411 1.47 1.47 0.3801 0.4083 0.1816 0.0486 0.5549 0.0040 0.062815 3.071084 
1.416 1.41 1.45 0.3854 0.4102 0.1603 0.0475 0.5567 0.0041 0.065432 3.071113 
1.421 1.44 1.52 0.3829 0.4041 0.1373 0.0475 0.5587 0.0043 0.065432 3.071140 
1.426 1.34 1.52 0.3909 0.4036 0.0822 0.0475 0.5607 0.0044 0.065432 3.071142 
1.431 1.40 1.44 0.3860 0.4107 0.1593 0.0475 0.5628 0.0045 0.065432 3.071153 
1.436 1.46 1.42 0.3809 0.4123 0.2024 0.0475 0.5648 0.0047 0.065432 3.071162 
1.441 1.43 1.50 0.3837 0.4055 0.1402 0.0463 0.5666 0.0048 0.068050 3.071129 
1.446 1.41 1.58 0.3850 0.3990 0.0899 0.0463 0.5686 0.0049 0.068050 3.071099 
1.451 1.30 1.50 0.3944 0.4051 0.0695 0.0463 0.5706 0.0051 0.068050 3.071110 
1.456 1.40 1.42 0.3860 0.4123 0.1700 0.0463 0.5727 0.0052 0.068050 3.071108 
1.461 1.40 1.47 0.3865 0.4074 0.1347 0.0452 0.5745 0.0053 0.070667 3.071105 
1.466 1.42 1.51 0.3847 0.4045 0.1280 0.0452 0.5765 0.0055 0.070667 3.071139 
1.471 1.46 1.46 0.3815 0.4085 0.1742 0.0452 0.5785 0.0056 0.070667 3.071172 
1.476 1.40 1.43 0.3870 0.4110 0.1549 0.0452 0.5806 0.0058 0.070667 3.071192 
1.481 1.42 1.47 0.3855 0.4075 0.1420 0.0441 0.5824 0.0059 0.073284 3.071211 
1.486 1.42 1.51 0.3856 0.4041 0.1188 0.0441 0.5844 0.0060 0.073284 3.071181 
1.491 1.44 1.54 0.3835 0.4013 0.1149 0.0441 0.5864 0.0062 0.073284 3.071158 
1.496 1.43 1.48 0.3844 0.4064 0.1416 0.0429 0.5883 0.0063 0.075902 3.071158 
1.501 1.34 1.53 0.3920 0.4019 0.0642 0.0429 0.5903 0.0065 0.075902 3.071142 
1.506 1.37 1.52 0.3900 0.4031 0.0841 0.0429 0.5923 0.0066 0.075902 3.071092 
1.511 1.40 1.47 0.3876 0.4070 0.1256 0.0429 0.5943 0.0068 0.075902 3.071115 
1.516 1.40 1.45 0.3869 0.4089 0.1423 0.0429 0.5963 0.0069 0.075902 3.071180 
1.521 1.48 1.45 0.3810 0.4086 0.1785 0.0418 0.5982 0.0071 0.078519 3.071173 
1.526 1.39 1.50 0.3886 0.4040 0.0993 0.0418 0.6002 0.0072 0.078519 3.071178 
1.531 1.38 1.48 0.3891 0.4057 0.1074 0.0418 0.6022 0.0074 0.078519 3.071208 
1.536 1.40 1.40 0.3874 0.4125 0.1615 0.0418 0.6042 0.0076 0.078519 3.071160 
1.541 1.42 1.54 0.3861 0.4005 0.0928 0.0407 0.6060 0.0077 0.081136 3.071131 
1.546 1.42 1.57 0.3863 0.3981 0.0760 0.0407 0.6081 0.0079 0.081136 3.071118 
1.551 1.33 1.44 0.3938 0.4086 0.0952 0.0407 0.6101 0.0080 0.081136 3.071121 
1.556 1.38 1.43 0.3899 0.4097 0.1277 0.0407 0.6121 0.0082 0.081136 3.071142 
1.561 1.40 1.46 0.3879 0.4072 0.1246 0.0407 0.6141 0.0084 0.081136 3.071165 
1.566 1.43 1.53 0.3862 0.4007 0.0938 0.0395 0.6160 0.0085 0.083753 3.071210 
1.571 1.49 1.47 0.3808 0.4062 0.1641 0.0395 0.6180 0.0087 0.083753 3.071232 
1.576 1.39 1.42 0.3891 0.4099 0.1341 0.0395 0.6200 0.0088 0.083753 3.071250 
1.581 1.39 1.49 0.3890 0.4043 0.0984 0.0395 0.6220 0.0090 0.083753 3.071212 
1.586 1.35 1.56 0.3926 0.3976 0.0319 0.0384 0.6238 0.0092 0.086371 3.071193 
1.591 1.40 1.50 0.3886 0.4029 0.0925 0.0384 0.6259 0.0093 0.086371 3.071195 
1.596 1.42 1.47 0.3870 0.4053 0.1184 0.0384 0.6279 0.0095 0.086371 3.071200 
1.601 1.35 1.44 0.3931 0.4082 0.0974 0.0384 0.6299 0.0097 0.086371 3.071218 
1.606 1.37 1.53 0.3908 0.4004 0.0621 0.0384 0.6319 0.0099 0.086371 3.071217 
1.611 1.35 1.48 0.3927 0.4042 0.0739 0.0372 0.6337 0.0100 0.088988 3.071236 
1.616 1.43 1.40 0.3868 0.4113 0.1576 0.0372 0.6358 0.0102 0.088988 3.071261 
1.621 1.48 1.47 0.3823 0.4054 0.1485 0.0372 0.6378 0.0104 0.088988 3.071263 
1.626 1.39 1.52 0.3900 0.4008 0.0700 0.0372 0.6398 0.0106 0.088988 3.071252 
1.631 1.39 1.47 0.3900 0.4056 0.1009 0.0372 0.6418 0.0107 0.088988 3.071242 
1.636 1.34 1.50 0.3938 0.4025 0.0562 0.0361 0.6436 0.0109 0.091605 3.071244 
1.641 1.40 1.50 0.3889 0.4023 0.0868 0.0361 0.6457 0.0111 0.091605 3.071243 
1.646 1.42 1.53 0.3880 0.3996 0.0751 0.0361 0.6477 0.0113 0.091605 3.071234 
1.651 1.33 1.46 0.3947 0.4055 0.0695 0.0361 0.6497 0.0115 0.091605 3.071228 
1.656 1.38 1.47 0.3913 0.4051 0.0892 0.0361 0.6517 0.0117 0.091605 3.071256 
1.661 1.35 1.47 0.3932 0.4046 0.0737 0.0361 0.6533 0.0118 0.091605 3.071266 
1.666 1.40 1.45 0.3891 0.4063 0.1113 0.0361 0.6554 0.0120 0.091605 3.071250 
1.671 1.48 1.50 0.3825 0.4024 0.1284 0.0361 0.6574 0.0122 0.091605 3.071267 
1.676 1.40 1.41 0.3896 0.4098 0.1303 0.0350 0.6596 0.0124 0.094223 3.071290 
1.681 1.40 1.50 0.3896 0.4017 0.0783 0.0350 0.6616 0.0126 0.094223 3.071275 
1.686 1.34 1.53 0.3942 0.3994 0.0336 0.0350 0.6632 0.0127 0.094223 3.071266 
1.691 1.41 1.56 0.3890 0.3972 0.0530 0.0350 0.6653 0.0129 0.094223 3.071274 
1.696 1.43 1.44 0.3873 0.4067 0.1253 0.0350 0.6673 0.0131 0.094223 3.071268 
1.701 1.35 1.43 0.3938 0.4081 0.0922 0.0350 0.6693 0.0133 0.094223 3.071250 
1.706 1.39 1.46 0.3901 0.4055 0.0996 0.0350 0.6713 0.0135 0.094223 3.071244 
1.711 1.36 1.55 0.3935 0.3970 0.0228 0.0338 0.6731 0.0137 0.096840 3.071261 
1.716 1.42 1.49 0.3883 0.4028 0.0934 0.0338 0.6751 0.0139 0.096840 3.071249 
1.721 1.48 1.42 0.3829 0.4080 0.1624 0.0338 0.6772 0.0141 0.096840 3.071253 
1.726 1.39 1.48 0.3906 0.4035 0.0833 0.0338 0.6792 0.0143 0.096840 3.071261 
1.731 1.39 1.56 0.3905 0.3967 0.0401 0.0338 0.6812 0.0145 0.096840 3.071260 
1.736 1.36 1.50 0.3940 0.4014 0.0482 0.0327 0.6830 0.0146 0.099457 3.071264 
1.741 1.41 1.47 0.3896 0.4039 0.0922 0.0327 0.6850 0.0148 0.099457 3.071254 
1.746 1.43 1.44 0.3877 0.4064 0.1210 0.0327 0.6871 0.0150 0.099457 3.071210 
1.751 1.36 1.51 0.3936 0.4007 0.0458 0.0327 0.6891 0.0152 0.099457 3.071198 
1.756 1.38 1.54 0.3916 0.3976 0.0387 0.0327 0.6911 0.0154 0.099457 3.071170 
1.761 1.42 1.42 0.3893 0.4073 0.1162 0.0315 0.6929 0.0156 0.102075 3.071140 
1.766 1.45 1.45 0.3865 0.4050 0.1193 0.0315 0.6949 0.0158 0.102075 3.071136 
1.771 1.50 1.49 0.3823 0.4016 0.1246 0.0315 0.6969 0.0160 0.102075 3.071130 
1.776 1.41 1.45 0.3902 0.4055 0.0985 0.0315 0.6990 0.0162 0.102075 3.071151 
1.781 1.44 1.50 0.3874 0.4008 0.0865 0.0304 0.7008 0.0164 0.104692 3.071124 
1.786 1.34 1.50 0.3960 0.4011 0.0325 0.0304 0.7028 0.0166 0.104692 3.071133 
1.791 1.41 1.52 0.3904 0.3986 0.0528 0.0304 0.7048 0.0169 0.104692 3.071125 
1.796 1.44 1.46 0.3878 0.4042 0.1060 0.0304 0.7068 0.0171 0.104692 3.071102 
1.801 1.36 1.40 0.3940 0.4086 0.0945 0.0304 0.7088 0.0173 0.104692 3.071097 
1.806 1.39 1.47 0.3919 0.4036 0.0754 0.0304 0.7109 0.0175 0.104692 3.071095 
1.811 1.37 1.51 0.3937 0.3997 0.0383 0.0293 0.7127 0.0177 0.107309 3.071106 
1.816 1.42 1.56 0.3894 0.3958 0.0413 0.0304 0.7145 0.0179 0.104692 3.071141 
1.821 1.48 1.49 0.3841 0.4012 0.1100 0.0304 0.7165 0.0181 0.104692 3.071146 
1.826 1.39 1.38 0.3920 0.4104 0.1184 0.0304 0.7185 0.0183 0.104692 3.071138 
1.831 1.39 1.53 0.3917 0.3980 0.0403 0.0304 0.7205 0.0185 0.104692 3.071180 
1.836 1.35 1.55 0.3957 0.3962 0.0031 0.0293 0.7224 0.0187 0.107309 3.071165 
1.841 1.41 1.42 0.3901 0.4072 0.1104 0.0293 0.7244 0.0189 0.107309 3.071126 
1.846 1.45 1.41 0.3874 0.4075 0.1293 0.0293 0.7264 0.0191 0.107309 3.071118 
1.851 1.39 1.44 0.3921 0.4051 0.0833 0.0293 0.7284 0.0194 0.107309 3.071110 
1.856 1.44 1.50 0.3877 0.4001 0.0795 0.0293 0.7304 0.0196 0.107309 3.071090 
1.861 1.40 1.45 0.3919 0.4040 0.0779 0.0281 0.7322 0.0198 0.109926 3.071082 
1.866 1.45 1.40 0.3875 0.4080 0.1325 0.0281 0.7343 0.0200 0.109926 3.071098 
1.871 1.50 1.47 0.3836 0.4022 0.1199 0.0281 0.7363 0.0202 0.109926 3.071117 
1.876 1.40 1.54 0.3915 0.3963 0.0308 0.0281 0.7383 0.0204 0.109926 3.071091 
1.881 1.43 1.49 0.3893 0.4009 0.0744 0.0281 0.7403 0.0207 0.109926 3.071074 
1.886 1.34 1.46 0.3966 0.4030 0.0415 0.0270 0.7421 0.0209 0.112544 3.071041 
1.891 1.42 1.43 0.3905 0.4053 0.0957 0.0270 0.7441 0.0211 0.112544 3.071012 
1.896 1.45 1.50 0.3880 0.3994 0.0738 0.0270 0.7462 0.0213 0.112544 3.070971 
1.901 1.42 1.47 0.3899 0.4018 0.0769 0.0270 0.7482 0.0216 0.112544 3.070937 
1.906 1.52 1.46 0.3818 0.4026 0.1344 0.0270 0.7502 0.0218 0.112544 3.070922 
1.911 1.38 1.46 0.3940 0.4029 0.0572 0.0258 0.7520 0.0220 0.115161 3.070910 
1.916 1.42 1.51 0.3907 0.3987 0.0519 0.0258 0.7540 0.0222 0.115161 3.070936 
1.921 1.48 1.45 0.3855 0.4037 0.1170 0.0258 0.7560 0.0225 0.115161 3.070965 
1.926 1.40 1.50 0.3925 0.3995 0.0451 0.0258 0.7580 0.0227 0.115161 3.070994 
1.931 1.38 1.48 0.3935 0.4015 0.0518 0.0270 0.7599 0.0229 0.112544 3.071039 
1.936 1.35 1.47 0.3965 0.4021 0.0362 0.0258 0.7617 0.0231 0.115161 3.071023 
1.941 1.42 1.47 0.3905 0.4015 0.0709 0.0258 0.7637 0.0233 0.115161 3.071007 
1.946 1.45 1.44 0.3882 0.4044 0.1043 0.0258 0.7657 0.0236 0.115161 3.070977 
1.951 1.35 1.43 0.3961 0.4054 0.0599 0.0258 0.7677 0.0238 0.115161 3.070956 
1.956 1.39 1.45 0.3929 0.4037 0.0695 0.0258 0.7697 0.0240 0.115161 3.070947 
1.961 1.37 1.48 0.3951 0.4005 0.0350 0.0247 0.7715 0.0243 0.117778 3.070952 
1.966 1.42 1.45 0.3907 0.4032 0.0805 0.0247 0.7736 0.0245 0.117778 3.070981 
1.971 1.48 1.37 0.3858 0.4095 0.1531 0.0247 0.7756 0.0247 0.117778 3.070973 
1.976 1.40 1.53 0.3929 0.3966 0.0239 0.0247 0.7776 0.0250 0.117778 3.070960 
1.981 1.48 1.55 0.3861 0.3946 0.0550 0.0247 0.7796 0.0252 0.117778 3.070935 
1.986 1.43 1.44 0.3898 0.4042 0.0932 0.0247 0.7816 0.0254 0.117778 3.070885 
1.991 1.46 1.42 0.3880 0.4054 0.1127 0.0236 0.7834 0.0257 0.120396 3.070838 
1.996 1.45 1.45 0.3887 0.4026 0.0900 0.0236 0.7854 0.0259 0.120396 3.070796 
2.001 1.37 1.51 0.3957 0.3980 0.0151 0.0236 0.7875 0.0261 0.120396 3.070780 
2.006 1.39 1.45 0.3935 0.4028 0.0603 0.0236 0.7895 0.0264 0.120396 3.070775 
2.011 1.41 1.40 0.3921 0.4069 0.0954 0.0236 0.7915 0.0266 0.120396 3.070799 
2.016 1.43 1.47 0.3911 0.4007 0.0616 0.0224 0.7933 0.0269 0.123013 3.070833 
2.021 1.48 1.59 0.3871 0.3909 0.0245 0.0224 0.7953 0.0271 0.123013 3.070836 
2.026 1.37 1.51 0.3955 0.3976 0.0131 0.0224 0.7973 0.0274 0.123013 3.070827 
2.031 1.64 1.24 0.3962 0.3978 0.0103 -0.0535 0.7993 0.0276 0.123013 3.070819 
2.036 1.59 1.20 0.3994 0.4012 0.0116 -0.0524 0.8011 0.0278 0.120396 3.070787 
2.041 1.51 1.33 0.4060 0.3899 -0.1035 -0.0524 0.8032 0.0281 0.120396 3.070766 
2.046 1.49 1.40 0.4077 0.3844 -0.1499 -0.0524 0.8052 0.0283 0.120396 3.070772 
2.051 1.38 1.37 0.4174 0.3871 -0.1956 -0.0524 0.8072 0.0286 0.120396 3.070774 
2.056 1.54 1.38 0.4038 0.3860 -0.1147 -0.0524 0.8092 0.0288 0.120396 3.070801 
2.061 1.56 1.32 0.4021 0.3912 -0.0707 -0.0512 0.8110 0.0290 0.117778 3.070800 
2.066 1.45 1.39 0.4108 0.3852 -0.1650 -0.0512 0.8130 0.0292 0.117778 3.070817 
2.071 1.44 1.49 0.4120 0.3773 -0.2238 -0.0512 0.8150 0.0295 0.117778 3.070809 
2.076 1.46 1.55 0.4103 0.3724 -0.2443 -0.0501 0.8169 0.0297 0.115161 3.070789 
2.081 1.49 1.45 0.4072 0.3807 -0.1714 -0.0501 0.8189 0.0299 0.115161 3.070765 
2.086 1.48 1.36 0.4079 0.3882 -0.1271 -0.0501 0.8209 0.0302 0.115161 3.070729 
2.091 1.42 1.41 0.4134 0.3845 -0.1870 -0.0501 0.8229 0.0304 0.115161 3.070708 
2.096 1.45 1.39 0.4102 0.3863 -0.1541 -0.0490 0.8247 0.0306 0.112544 3.070704 
2.101 1.50 1.45 0.4065 0.3814 -0.1623 -0.0490 0.8267 0.0308 0.112544 3.070719 
2.106 1.45 1.43 0.4104 0.3828 -0.1779 -0.0490 0.8287 0.0311 0.112544 3.070729 
2.111 1.45 1.38 0.4106 0.3874 -0.1493 -0.0490 0.8308 0.0313 0.112544 3.070765 
2.116 1.48 1.37 0.4079 0.3882 -0.1272 -0.0478 0.8326 0.0315 0.109926 3.070776 
2.121 1.51 1.44 0.4048 0.3824 -0.1447 -0.0478 0.8346 0.0317 0.109926 3.070770 
2.126 1.50 1.51 0.4060 0.3762 -0.1923 -0.0478 0.8366 0.0319 0.109926 3.070768 
2.131 1.41 1.51 0.4124 0.3771 -0.2280 -0.0456 0.8386 0.0322 0.104692 3.070724 
2.136 1.51 1.38 0.4042 0.3882 -0.1033 -0.0456 0.8406 0.0324 0.104692 3.070698 
2.141 1.49 1.36 0.4062 0.3894 -0.1087 -0.0456 0.8427 0.0326 0.104692 3.070707 
2.146 1.38 1.40 0.4150 0.3865 -0.1843 -0.0456 0.8447 0.0328 0.104692 3.070707 
2.151 1.47 1.42 0.4070 0.3852 -0.1405 -0.0444 0.8465 0.0330 0.102075 3.070710 
2.156 1.54 1.47 0.4018 0.3812 -0.1330 -0.0444 0.8485 0.0332 0.102075 3.070713 
2.161 1.45 1.39 0.4090 0.3878 -0.1373 -0.0444 0.8505 0.0334 0.102075 3.070719 
2.166 1.43 1.36 0.4106 0.3903 -0.1309 -0.0444 0.8525 0.0336 0.102075 3.070720 
2.171 1.46 1.34 0.4077 0.3921 -0.1007 -0.0433 0.8544 0.0338 0.099457 3.070715 
2.176 1.48 1.49 0.4058 0.3800 -0.1667 -0.0433 0.8564 0.0340 0.099457 3.070698 
2.181 1.48 1.51 0.4061 0.3780 -0.1815 -0.0433 0.8584 0.0342 0.099457 3.070688 
2.186 1.42 1.42 0.4114 0.3855 -0.1667 -0.0433 0.8604 0.0344 0.099457 3.070693 
2.191 1.47 1.45 0.4071 0.3834 -0.1525 -0.0421 0.8622 0.0346 0.096840 3.070711 
2.196 1.52 1.38 0.4022 0.3891 -0.0845 -0.0421 0.8643 0.0348 0.096840 3.070700 
2.201 1.46 1.42 0.4074 0.3859 -0.1389 -0.0421 0.8663 0.0350 0.096840 3.070703 
2.206 1.43 1.42 0.4100 0.3854 -0.1582 -0.0421 0.8683 0.0352 0.096840 3.070723 
2.211 1.47 1.43 0.4063 0.3850 -0.1371 -0.0410 0.8701 0.0353 0.094223 3.070711 
2.216 1.51 1.40 0.4032 0.3878 -0.0995 -0.0410 0.8721 0.0355 0.094223 3.070702 
2.221 1.48 1.33 0.4053 0.3939 -0.0735 -0.0410 0.8741 0.0357 0.094223 3.070687 
2.226 1.41 1.48 0.4111 0.3812 -0.1933 -0.0410 0.8762 0.0359 0.094223 3.070682 
2.231 1.49 1.42 0.4045 0.3866 -0.1160 -0.0399 0.8780 0.0361 0.091605 3.070658 
2.236 1.50 1.49 0.4036 0.3806 -0.1480 -0.0399 0.8800 0.0363 0.091605 3.070629 
2.241 1.42 1.46 0.4100 0.3834 -0.1717 -0.0399 0.8820 0.0364 0.091605 3.070601 
2.246 1.46 1.39 0.4070 0.3892 -0.1144 -0.0399 0.8840 0.0366 0.091605 3.070611 
2.251 1.48 1.41 0.4052 0.3874 -0.1148 -0.0387 0.8859 0.0368 0.088988 3.070622 
2.256 1.47 1.40 0.4053 0.3884 -0.1090 -0.0387 0.8879 0.0370 0.088988 3.070642 
2.261 1.49 1.46 0.4036 0.3834 -0.1301 -0.0387 0.8899 0.0371 0.088988 3.070685 
2.266 1.41 1.41 0.4110 0.3877 -0.1506 -0.0387 0.8919 0.0373 0.088988 3.070697 
2.271 1.47 1.40 0.4059 0.3885 -0.1119 -0.0387 0.8939 0.0375 0.088988 3.070699 
2.276 1.51 1.44 0.4017 0.3855 -0.1045 -0.0376 0.8958 0.0377 0.086371 3.070682 
2.281 1.44 1.46 0.4079 0.3841 -0.1532 -0.0376 0.8978 0.0378 0.086371 3.070654 
2.286 1.43 1.49 0.4088 0.3813 -0.1779 -0.0376 0.8998 0.0380 0.086371 3.070620 
2.291 1.46 1.46 0.4061 0.3840 -0.1428 -0.0365 0.9016 0.0382 0.083753 3.070570 
2.296 1.52 1.42 0.4004 0.3872 -0.0847 -0.0365 0.9036 0.0383 0.083753 3.070554 
2.301 1.49 1.40 0.4030 0.3892 -0.0895 -0.0365 0.9057 0.0385 0.083753 3.070575 
2.306 1.40 1.43 0.4106 0.3864 -0.1564 -0.0365 0.9077 0.0387 0.083753 3.070607 
2.311 1.50 1.42 0.4018 0.3881 -0.0882 -0.0353 0.9095 0.0388 0.081136 3.070651 
2.316 1.55 1.46 0.3977 0.3844 -0.0862 -0.0353 0.9115 0.0390 0.081136 3.070653 
2.321 1.43 1.40 0.4083 0.3892 -0.1229 -0.0353 0.9135 0.0392 0.081136 3.070664 
2.326 1.48 1.46 0.4039 0.3847 -0.1240 -0.0353 0.9156 0.0393 0.081136 3.070649 
2.331 1.45 1.43 0.4056 0.3870 -0.1197 -0.0342 0.9174 0.0395 0.078519 3.070617 
2.336 1.44 1.47 0.4069 0.3839 -0.1479 -0.0342 0.9194 0.0396 0.078519 3.070578 
2.341 1.48 1.46 0.4033 0.3846 -0.1204 -0.0342 0.9214 0.0398 0.078519 3.070583 
2.346 1.47 1.42 0.4047 0.3884 -0.1046 -0.0342 0.9235 0.0399 0.078519 3.070579 
2.351 1.49 1.39 0.4023 0.3906 -0.0754 -0.0342 0.9255 0.0401 0.078519 3.070583 
2.356 1.54 1.38 0.3982 0.3920 -0.0405 -0.0330 0.9273 0.0402 0.075902 3.070641 
2.361 1.51 1.39 0.4011 0.3909 -0.0658 -0.0342 0.9291 0.0404 0.078519 3.070685 
2.366 1.40 1.46 0.4095 0.3851 -0.1578 -0.0330 0.9313 0.0406 0.075902 3.070678 
2.371 1.45 1.40 0.4053 0.3904 -0.0960 -0.0330 0.9334 0.0407 0.075902 3.070680 
2.376 1.52 1.45 0.4000 0.3863 -0.0885 -0.0330 0.9354 0.0409 0.075902 3.070666 
2.381 1.50 1.42 0.4011 0.3886 -0.0804 -0.0330 0.9370 0.0410 0.075902 3.070611 
2.386 1.42 1.45 0.4081 0.3863 -0.1405 -0.0330 0.9390 0.0411 0.075902 3.070586 
2.391 1.44 1.46 0.4069 0.3854 -0.1383 -0.0330 0.9411 0.0413 0.075902 3.070563 
2.396 1.46 1.41 0.4047 0.3896 -0.0973 -0.0330 0.9431 0.0414 0.075902 3.070565 
2.401 1.47 1.43 0.4039 0.3877 -0.1045 -0.0319 0.9449 0.0416 0.073284 3.070581 
2.406 1.48 1.37 0.4024 0.3932 -0.0593 -0.0319 0.9469 0.0417 0.073284 3.070624 
2.411 1.41 1.39 0.4090 0.3911 -0.1155 -0.0319 0.9489 0.0419 0.073284 3.070664 
2.416 1.45 1.45 0.4050 0.3865 -0.1195 -0.0319 0.9510 0.0420 0.073284 3.070671 
2.421 1.51 1.40 0.4001 0.3904 -0.0628 -0.0319 0.9530 0.0422 0.073284 3.070673 
2.426 1.50 1.48 0.4012 0.3839 -0.1111 -0.0308 0.9548 0.0423 0.070667 3.070658 
2.431 1.45 1.42 0.4047 0.3891 -0.1011 -0.0308 0.9568 0.0425 0.070667 3.070618 
2.436 1.44 1.46 0.4057 0.3859 -0.1280 -0.0308 0.9589 0.0426 0.070667 3.070578 
2.441 1.49 1.46 0.4020 0.3857 -0.1053 -0.0308 0.9609 0.0427 0.070667 3.070570 
2.446 1.47 1.49 0.4026 0.3835 -0.1234 -0.0296 0.9627 0.0429 0.068050 3.070566 
2.451 1.38 1.45 0.4102 0.3873 -0.1475 -0.0296 0.9647 0.0430 0.068050 3.070575 
2.456 1.48 1.37 0.4018 0.3938 -0.0514 -0.0296 0.9667 0.0431 0.068050 3.070626 
2.461 1.52 1.38 0.3986 0.3928 -0.0376 -0.0296 0.9688 0.0433 0.068050 3.070652 
2.466 1.42 1.45 0.4074 0.3871 -0.1312 -0.0296 0.9708 0.0434 0.068050 3.070655 
2.471 1.47 1.49 0.4027 0.3838 -0.1225 -0.0285 0.9726 0.0435 0.065432 3.070635 
2.476 1.45 1.53 0.4039 0.3809 -0.1487 -0.0285 0.9746 0.0437 0.065432 3.070605 
2.481 1.44 1.46 0.4052 0.3869 -0.1181 -0.0285 0.9767 0.0438 0.065432 3.070572 
2.486 1.46 1.47 0.4032 0.3859 -0.1119 -0.0285 0.9787 0.0439 0.065432 3.070526 
2.491 1.40 1.40 0.4081 0.3918 -0.1047 -0.0273 0.9805 0.0441 0.062815 3.070498 
2.496 1.47 1.43 0.4024 0.3896 -0.0827 -0.0273 0.9825 0.0442 0.062815 3.070520 
2.501 1.53 1.41 0.3973 0.3914 -0.0376 -0.0273 0.9846 0.0443 0.062815 3.070544 
2.506 1.44 1.39 0.4051 0.3928 -0.0792 -0.0273 0.9866 0.0444 0.062815 3.070603 
2.511 1.44 1.41 0.4049 0.3910 -0.0895 -0.0273 0.9886 0.0446 0.062815 3.070627 
2.516 1.47 1.48 0.4020 0.3857 -0.1054 -0.0262 0.9904 0.0447 0.060198 3.070616 
2.521 1.49 1.47 0.4002 0.3860 -0.0917 -0.0262 0.9925 0.0448 0.060198 3.070585 
2.526 1.48 1.51 0.4013 0.3828 -0.1194 -0.0262 0.9945 0.0449 0.060198 3.070534 
2.531 1.38 1.44 0.4099 0.3886 -0.1373 -0.0262 0.9965 0.0450 0.060198 3.070476 
2.536 1.46 1.47 0.4021 0.3868 -0.0988 -0.0251 0.9983 0.0451 0.057580 3.070414 
2.541 1.53 1.41 0.3962 0.3918 -0.0284 -0.0251 1.0004 0.0453 0.057580 3.070364 
2.546 1.44 1.47 0.4041 0.3870 -0.1101 -0.0251 1.0024 0.0454 0.057580 3.070373 
2.551 1.41 1.45 0.4068 0.3884 -0.1189 -0.0251 1.0044 0.0455 0.057580 3.070409 
2.556 1.42 1.36 0.4059 0.3959 -0.0645 -0.0251 1.0064 0.0456 0.057580 3.070461 
2.561 1.45 1.38 0.4031 0.3944 -0.0558 -0.0239 1.0082 0.0457 0.054963 3.070496 
2.566 1.45 1.42 0.4029 0.3910 -0.0766 -0.0239 1.0103 0.0458 0.054963 3.070508 
2.571 1.41 1.52 0.4065 0.3830 -0.1519 -0.0239 1.0123 0.0459 0.054963 3.070502 
2.576 1.44 1.53 0.4042 0.3813 -0.1475 -0.0251 1.0141 0.0460 0.057580 3.070464 
2.581 1.44 1.46 0.4045 0.3879 -0.1072 -0.0251 1.0161 0.0462 0.057580 3.070397 
2.586 1.48 1.46 0.4008 0.3879 -0.0828 -0.0239 1.0180 0.0463 0.054963 3.070344 
2.591 1.48 1.41 0.4004 0.3924 -0.0515 -0.0239 1.0200 0.0464 0.054963 3.070323 
2.596 1.39 1.46 0.4081 0.3879 -0.1303 -0.0239 1.0220 0.0465 0.054963 3.070336 
2.601 1.47 1.42 0.4013 0.3913 -0.0646 -0.0239 1.0240 0.0466 0.054963 3.070385 
2.606 1.51 1.35 0.3980 0.3966 -0.0089 -0.0239 1.0261 0.0467 0.054963 3.070409 
2.611 1.38 1.37 0.4085 0.3956 -0.0836 -0.0228 1.0279 0.0468 0.052346 3.070439 
2.616 1.45 1.42 0.4023 0.3915 -0.0696 -0.0228 1.0299 0.0469 0.052346 3.070490 
2.621 1.45 1.49 0.4028 0.3861 -0.1074 -0.0228 1.0319 0.0470 0.052346 3.070472 
2.626 1.43 1.52 0.4046 0.3831 -0.1388 -0.0228 1.0340 0.0471 0.052346 3.070454 
2.631 1.45 1.44 0.4025 0.3896 -0.0835 -0.0228 1.0360 0.0472 0.052346 3.070420 
2.636 1.39 1.47 0.4070 0.3879 -0.1229 -0.0217 1.0378 0.0473 0.049729 3.070380 
2.641 1.46 1.43 0.4013 0.3909 -0.0666 -0.0217 1.0398 0.0474 0.049729 3.070383 
2.646 1.57 1.48 0.3926 0.3867 -0.0377 -0.0217 1.0419 0.0475 0.049729 3.070397 
2.651 1.46 1.45 0.4011 0.3898 -0.0729 -0.0217 1.0439 0.0476 0.049729 3.070433 
2.656 1.43 1.36 0.4040 0.3965 -0.0484 -0.0217 1.0459 0.0477 0.049729 3.070462 
2.661 1.45 1.39 0.4023 0.3950 -0.0475 -0.0205 1.0477 0.0478 0.047111 3.070476 
2.666 1.49 1.42 0.3982 0.3923 -0.0383 -0.0205 1.0498 0.0479 0.047111 3.070472 
2.671 1.47 1.46 0.4001 0.3890 -0.0714 -0.0205 1.0518 0.0480 0.047111 3.070446 
2.676 1.37 1.50 0.4085 0.3851 -0.1510 -0.0205 1.0538 0.0481 0.047111 3.070415 
2.681 1.45 1.45 0.4021 0.3898 -0.0792 -0.0205 1.0559 0.0482 0.047111 3.070386 
2.686 1.51 1.49 0.3966 0.3869 -0.0621 -0.0194 1.0577 0.0483 0.044494 3.070361 
2.691 1.46 1.42 0.4009 0.3927 -0.0534 -0.0205 1.0595 0.0484 0.047111 3.070339 
2.696 1.39 1.48 0.4068 0.3879 -0.1216 -0.0194 1.0617 0.0485 0.044494 3.070344 
2.701 1.40 1.45 0.4065 0.3901 -0.1053 -0.0205 1.0636 0.0486 0.047111 3.070383 
2.706 1.46 1.36 0.4013 0.3972 -0.0261 -0.0205 1.0656 0.0486 0.047111 3.070402 
2.711 1.50 1.36 0.3977 0.3973 -0.0021 -0.0194 1.0674 0.0487 0.044494 3.070426 
2.716 1.43 1.46 0.4035 0.3896 -0.0898 -0.0194 1.0694 0.0488 0.044494 3.070443 
2.721 1.47 1.49 0.3997 0.3871 -0.0814 -0.0194 1.0715 0.0489 0.044494 3.070460 
2.726 1.46 1.50 0.4011 0.3857 -0.1000 -0.0194 1.0735 0.0490 0.044494 3.070434 
2.731 1.47 1.44 0.3998 0.3907 -0.0591 -0.0194 1.0755 0.0491 0.044494 3.070423 
2.736 1.46 1.44 0.4004 0.3908 -0.0619 -0.0182 1.0773 0.0492 0.041877 3.070422 
2.741 1.37 1.41 0.4081 0.3939 -0.0918 -0.0182 1.0794 0.0493 0.041877 3.070405 
2.746 1.47 1.47 0.3995 0.3891 -0.0672 -0.0182 1.0814 0.0493 0.041877 3.070394 
2.751 1.52 1.45 0.3956 0.3908 -0.0311 -0.0182 1.0834 0.0494 0.041877 3.070409 
2.756 1.40 1.36 0.4051 0.3975 -0.0493 -0.0182 1.0854 0.0495 0.041877 3.070426 
2.761 1.43 1.41 0.4026 0.3936 -0.0584 -0.0182 1.0875 0.0496 0.041877 3.070419 
2.766 1.43 1.42 0.4022 0.3930 -0.0593 -0.0171 1.0893 0.0497 0.039259 3.070393 
2.771 1.42 1.47 0.4037 0.3892 -0.0937 -0.0171 1.0913 0.0498 0.039259 3.070391 
2.776 1.46 1.56 0.4000 0.3815 -0.1193 -0.0171 1.0933 0.0498 0.039259 3.070350 
2.781 1.40 1.47 0.4052 0.3888 -0.1056 -0.0171 1.0954 0.0499 0.039259 3.070311 
2.786 1.43 1.47 0.4030 0.3885 -0.0935 -0.0182 1.0972 0.0500 0.041877 3.070270 
2.791 1.52 1.41 0.3942 0.3942 0.0000 -0.0160 1.0992 0.0501 0.036642 3.070241 
2.796 1.53 1.47 0.3945 0.3891 -0.0346 -0.0171 1.1010 0.0501 0.039259 3.070271 
2.801 1.49 1.45 0.3977 0.3910 -0.0435 -0.0171 1.1031 0.0502 0.039259 3.070293 
2.806 1.39 1.37 0.4063 0.3974 -0.0573 -0.0171 1.1051 0.0503 0.039259 3.070329 
2.811 1.46 1.42 0.4005 0.3936 -0.0442 -0.0171 1.1071 0.0504 0.039259 3.070394 
2.816 1.47 1.48 0.3992 0.3881 -0.0717 -0.0171 1.1091 0.0505 0.039259 3.070415 
2.821 1.40 1.47 0.4050 0.3892 -0.1019 -0.0160 1.1110 0.0505 0.036642 3.070420 
2.826 1.43 1.51 0.4023 0.3861 -0.1048 -0.0160 1.1130 0.0506 0.036642 3.070430 
2.831 1.45 1.46 0.4010 0.3900 -0.0709 -0.0160 1.1150 0.0507 0.036642 3.070402 
2.836 1.45 1.46 0.4006 0.3900 -0.0682 -0.0160 1.1171 0.0507 0.036642 3.070370 
2.841 1.51 1.47 0.3953 0.3896 -0.0366 -0.0160 1.1191 0.0508 0.036642 3.070340 
2.846 1.39 1.46 0.4053 0.3904 -0.0962 -0.0148 1.1209 0.0509 0.034025 3.070319 
2.851 1.44 1.43 0.4010 0.3930 -0.0516 -0.0148 1.1229 0.0510 0.034025 3.070346 
2.856 1.51 1.37 0.3952 0.3983 0.0199 -0.0148 1.1250 0.0510 0.034025 3.070389 
2.861 1.42 1.45 0.4031 0.3912 -0.0763 -0.0148 1.1270 0.0511 0.034025 3.070422 
2.866 1.48 1.49 0.3983 0.3880 -0.0661 -0.0160 1.1288 0.0512 0.036642 3.070438 
2.871 1.37 1.42 0.4072 0.3932 -0.0905 -0.0160 1.1308 0.0512 0.036642 3.070439 
2.876 1.47 1.50 0.3985 0.3867 -0.0761 -0.0160 1.1329 0.0513 0.036642 3.070446 
2.881 1.51 1.45 0.3955 0.3918 -0.0242 -0.0148 1.1347 0.0514 0.034025 3.070421 
2.886 1.42 1.44 0.4025 0.3920 -0.0680 -0.0148 1.1367 0.0514 0.034025 3.070400 
2.891 1.40 1.46 0.4046 0.3907 -0.0896 -0.0148 1.1387 0.0515 0.034025 3.070400 
2.896 1.43 1.41 0.4019 0.3946 -0.0471 -0.0148 1.1408 0.0516 0.034025 3.070387 
2.901 1.51 1.39 0.3955 0.3965 0.0069 -0.0148 1.1428 0.0516 0.034025 3.070409 
2.906 1.46 1.38 0.3987 0.3979 -0.0054 -0.0137 1.1446 0.0517 0.031408 3.070427 
2.911 1.39 1.38 0.4047 0.3976 -0.0460 -0.0137 1.1466 0.0518 0.031408 3.070454 
2.916 1.44 1.48 0.4007 0.3892 -0.0743 -0.0137 1.1487 0.0518 0.031408 3.070476 
2.921 1.51 1.42 0.3947 0.3944 -0.0021 -0.0137 1.1507 0.0519 0.031408 3.070478 
2.926 1.44 1.48 0.4011 0.3892 -0.0769 -0.0137 1.1527 0.0520 0.031408 3.070462 
2.931 1.54 1.48 0.3930 0.3893 -0.0240 -0.0148 1.1546 0.0520 0.034025 3.070456 
2.936 1.36 1.47 0.4077 0.3899 -0.1148 -0.0137 1.1564 0.0521 0.031408 3.070448 
2.941 1.46 1.50 0.3990 0.3880 -0.0710 -0.0137 1.1584 0.0521 0.031408 3.070451 
2.946 1.50 1.44 0.3952 0.3923 -0.0188 -0.0137 1.1604 0.0522 0.031408 3.070459 
2.951 1.40 1.41 0.4044 0.3948 -0.0618 -0.0137 1.1625 0.0523 0.031408 3.070488 
2.956 1.44 1.42 0.4010 0.3944 -0.0426 -0.0137 1.1645 0.0523 0.031408 3.070501 
2.961 1.42 1.46 0.4027 0.3907 -0.0773 -0.0137 1.1665 0.0524 0.031408 3.070526 
2.966 1.41 1.49 0.4030 0.3891 -0.0899 -0.0125 1.1683 0.0524 0.028790 3.070556 
2.971 1.45 1.42 0.3997 0.3948 -0.0317 -0.0125 1.1704 0.0525 0.028790 3.070548 
2.976 1.41 1.47 0.4032 0.3902 -0.0836 -0.0125 1.1724 0.0526 0.028790 3.070551 
2.981 1.46 1.48 0.3990 0.3898 -0.0598 -0.0125 1.1744 0.0526 0.028790 3.070515 
2.986 1.52 1.51 0.3940 0.3869 -0.0461 -0.0125 1.1765 0.0527 0.028790 3.070470 
2.991 1.42 1.44 0.4017 0.3931 -0.0554 -0.0125 1.1785 0.0527 0.028790 3.070451 
2.996 1.41 1.42 0.4022 0.3947 -0.0482 -0.0114 1.1803 0.0528 0.026173 3.070458 
3.001 1.44 1.40 0.4003 0.3966 -0.0236 -0.0114 1.1823 0.0528 0.026173 3.070476 
3.006 1.50 1.41 0.3955 0.3956 0.0009 -0.0114 1.1844 0.0529 0.026173 3.070502 
3.011 1.49 1.45 0.3966 0.3924 -0.0266 -0.0125 1.1862 0.0529 0.028790 3.070537 
3.016 1.43 1.43 0.4016 0.3934 -0.0528 -0.0125 1.1882 0.0530 0.028790 3.070543 
3.021 1.43 1.36 0.4009 0.3996 -0.0082 -0.0125 1.1902 0.0531 0.028790 3.070546 
3.026 1.45 1.52 0.4000 0.3859 -0.0910 -0.0125 1.1923 0.0531 0.028790 3.070518 
3.031 1.44 1.52 0.3998 0.3863 -0.0871 -0.0114 1.1941 0.0532 0.026173 3.070499 
3.036 1.46 1.53 0.3985 0.3857 -0.0825 -0.0114 1.1961 0.0532 0.026173 3.070473 
3.041 1.37 1.45 0.4055 0.3928 -0.0822 -0.0114 1.1981 0.0533 0.026173 3.070464 
3.046 -3.80 -4.04 0.3204 0.3337 0.0857 0.0000 1.1998 0.0533 0.026173 3.070505 
3.051 -1.75 -1.87 0.1489 0.1526 0.0239 0.0000 1.2006 0.0533 0.026173 3.070537 
3.056 -1.15 -1.14 0.0992 0.0916 -0.0494 0.0000 1.2010 0.0533 0.026173 3.070556 
3.061 0.60 0.74 -0.0464 -0.0650 -0.1195 0.0000 1.2006 0.0533 0.026173 3.070636 
3.066 0.60 0.56 -0.0464 -0.0498 -0.0220 0.0000 1.2006 0.0533 0.026173 3.070642 
3.071 0.52 0.51 -0.0404 -0.0459 -0.0353 0.0000 1.2004 0.0533 0.023556 3.070648 
3.076 0.36 -0.63 -0.0270 0.0489 0.4895 0.0000 1.2006 0.0533 0.026173 3.070674 
3.081 0.28 -0.63 -0.0202 0.0489 0.4461 0.0000 1.2006 0.0533 0.026173 3.070653 
3.086 0.23 0.55 -0.0162 -0.0488 -0.2103 0.0000 1.2004 0.0533 0.023556 3.070632 
3.091 0.20 0.54 -0.0135 -0.0480 -0.2222 0.0000 1.2004 0.0533 0.023556 3.070570 
3.096 0.17 0.33 -0.0116 -0.0301 -0.1197 0.0000 1.2004 0.0533 0.023556 3.070507 
3.101 0.16 0.23 -0.0101 -0.0220 -0.0764 0.0000 1.2004 0.0533 0.023556 3.070502 
3.106 0.14 0.17 -0.0090 -0.0173 -0.0534 0.0000 1.2004 0.0533 0.023556 3.070489 
3.111 0.13 0.13 -0.0081 -0.0143 -0.0396 0.0000 1.2004 0.0533 0.023556 3.070479 
3.116 0.12 0.11 -0.0074 -0.0121 -0.0307 0.0000 1.2004 0.0533 0.023556 3.070493 
3.121 0.12 0.09 -0.0068 -0.0105 -0.0245 0.0000 1.2004 0.0533 0.023556 3.070548 
3.126 0.11 0.07 -0.0062 -0.0093 -0.0200 0.0000 1.2004 0.0533 0.023556 3.070573 
3.131 0.11 0.06 -0.0058 -0.0084 -0.0166 0.0000 1.2004 0.0533 0.023556 3.070566 
3.136 0.10 0.05 -0.0054 -0.0076 -0.0141 0.0000 1.2004 0.0533 0.023556 3.070542 
3.141 0.10 0.05 -0.0051 -0.0069 -0.0121 0.0000 1.2004 0.0533 0.023556 3.070565 
3.146 0.09 0.04 -0.0048 -0.0064 -0.0105 0.0000 1.2004 0.0533 0.023556 3.070551 
3.151 0.09 0.03 -0.0045 -0.0059 -0.0092 0.0000 1.2004 0.0533 0.023556 3.070537 
3.156 0.09 0.03 -0.0043 -0.0055 -0.0081 0.0000 1.2004 0.0533 0.023556 3.070534 
3.161 0.09 0.03 -0.0041 -0.0052 -0.0072 0.0000 1.2004 0.0533 0.023556 3.070566 
3.166 0.08 0.02 -0.0039 -0.0049 -0.0064 0.0000 1.2004 0.0533 0.023556 3.070621 
3.171 0.08 0.02 -0.0037 -0.0046 -0.0058 0.0000 1.2004 0.0533 0.023556 3.070640 
3.176 0.08 0.01 -0.0035 -0.0043 -0.0053 0.0000 1.2004 0.0533 0.023556 3.070651 
3.181 0.08 0.01 -0.0034 -0.0041 -0.0048 0.0000 1.2004 0.0533 0.023556 3.070668 
3.186 0.07 0.01 -0.0032 -0.0039 -0.0044 0.0000 1.2004 0.0533 0.023556 3.070664 
3.191 0.07 0.01 -0.0031 -0.0037 -0.0040 0.0000 1.2004 0.0533 0.023556 3.070644 
3.196 0.07 0.01 -0.0030 -0.0036 -0.0037 0.0000 1.2004 0.0533 0.023556 3.070622 
3.201 0.07 0.00 -0.0029 -0.0034 -0.0034 0.0000 1.2004 0.0533 0.023556 3.070613 
3.206 0.07 0.00 -0.0028 -0.0033 -0.0032 0.0000 1.2004 0.0533 0.023556 3.070609 
3.211 0.07 0.00 -0.0027 -0.0032 -0.0029 0.0000 1.2004 0.0533 0.023556 3.070615 
3.216 0.07 0.00 -0.0026 -0.0030 -0.0027 0.0000 1.2004 0.0533 0.023556 3.070618 
3.221 0.07 -0.00 -0.0025 -0.0029 -0.0025 0.0000 1.2004 0.0533 0.023556 3.070628 
3.226 0.07 -0.00 -0.0025 -0.0028 -0.0024 0.0000 1.2004 0.0533 0.023556 3.070628 
3.231 0.07 -0.00 -0.0024 -0.0027 -0.0022 0.0000 1.2004 0.0533 0.023556 3.070624 
3.236 0.06 -0.00 -0.0023 -0.0026 -0.0021 0.0000 1.2004 0.0533 0.023556 3.070626 
3.241 0.06 -0.01 -0.0023 -0.0026 -0.0020 0.0000 1.2004 0.0533 0.023556 3.070621 
3.246 0.06 -0.01 -0.0022 -0.0025 -0.0019 0.0000 1.2004 0.0533 0.023556 3.070636 
3.251 0.06 -0.01 -0.0021 -0.0024 -0.0018 0.0000 1.2004 0.0533 0.023556 3.070660 
3.256 0.06 -0.01 -0.0021 -0.0023 -0.0017 0.0000 1.2004 0.0533 0.023556 3.070691 
3.261 0.06 -0.01 -0.0020 -0.0023 -0.0016 0.0000 1.2004 0.0533 0.023556 3.070731 
3.266 0.06 -0.01 -0.0020 -0.0022 -0.0015 0.0000 1.2004 0.0533 0.023556 3.070763 
3.271 0.06 -0.01 -0.0019 -0.0022 -0.0014 0.0000 1.2004 0.0533 0.023556 3.070766 
3.276 0.06 -0.01 -0.0019 -0.0021 -0.0014 0.0000 1.2004 0.0533 0.023556 3.070766 
3.281 0.06 -0.01 -0.0018 -0.0020 -0.0013 0.0000 1.2004 0.0533 0.023556 3.070764 
3.286 0.06 -0.01 -0.0018 -0.0020 -0.0012 0.0000 1.2004 0.0533 0.023556 3.070756 
3.291 0.06 -0.01 -0.0018 -0.0019 -0.0012 0.0000 1.2004 0.0533 0.023556 3.070763 
3.296 0.06 -0.01 -0.0017 -0.0019 -0.0011 0.0000 1.2004 0.0533 0.023556 3.070777 
3.301 0.06 -0.01 -0.0017 -0.0019 -0.0011 0.0000 1.2004 0.0533 0.023556 3.070792 
3.306 0.06 -0.01 -0.0017 -0.0018 -0.0010 0.0000 1.2004 0.0533 0.023556 3.070799 
3.311 0.06 -0.01 -0.0016 -0.0018 -0.0010 0.0000 1.2004 0.0533 0.023556 3.070804 
3.316 0.06 -0.01 -0.0016 -0.0017 -0.0009 0.0000 1.2004 0.0533 0.023556 3.070795 
3.321 0.06 -0.02 -0.0016 -0.0017 -0.0009 0.0000 1.2004 0.0533 0.023556 3.070793 
3.326 0.05 -0.02 -0.0015 -0.0017 -0.0009 0.0000 1.2004 0.0533 0.023556 3.070774 
3.331 0.05 -0.02 -0.0015 -0.0016 -0.0008 0.0000 1.2004 0.0533 0.023556 3.070763 
3.336 0.05 -0.02 -0.0015 -0.0016 -0.0008 0.0000 1.2004 0.0533 0.023556 3.070759 
3.341 0.05 -0.02 -0.0014 -0.0016 -0.0008 0.0000 1.2004 0.0533 0.023556 3.070777 
3.346 0.05 -0.02 -0.0014 -0.0015 -0.0008 0.0000 1.2004 0.0533 0.023556 3.070794 
3.351 0.05 -0.02 -0.0014 -0.0015 -0.0007 0.0000 1.2004 0.0533 0.023556 3.070786 
3.356 0.05 -0.02 -0.0014 -0.0015 -0.0007 0.0000 1.2004 0.0533 0.023556 3.070790 
3.361 0.05 -0.02 -0.0014 -0.0015 -0.0007 0.0000 1.2004 0.0533 0.023556 3.070792 
3.366 0.05 -0.02 -0.0013 -0.0014 -0.0007 0.0000 1.2004 0.0533 0.023556 3.070783 
3.371 0.05 -0.02 -0.0013 -0.0014 -0.0006 0.0000 1.2004 0.0533 0.023556 3.070786 
3.376 0.05 -0.02 -0.0013 -0.0014 -0.0006 0.0000 1.2004 0.0533 0.023556 3.070795 
3.381 0.05 -0.02 -0.0013 -0.0014 -0.0006 0.0000 1.2004 0.0533 0.023556 3.070797 
3.386 0.05 -0.02 -0.0012 -0.0013 -0.0006 0.0000 1.2004 0.0533 0.023556 3.070804 
3.391 0.05 -0.02 -0.0012 -0.0013 -0.0006 0.0000 1.2004 0.0533 0.023556 3.070799 
3.396 0.05 -0.02 -0.0012 -0.0013 -0.0005 0.0000 1.2004 0.0533 0.023556 3.070799 
3.401 0.05 -0.02 -0.0012 -0.0013 -0.0005 0.0000 1.2004 0.0533 0.023556 3.070820 
3.406 0.05 -0.02 -0.0012 -0.0013 -0.0005 0.0000 1.2004 0.0533 0.023556 3.070816 
3.411 0.05 -0.02 -0.0012 -0.0012 -0.0005 0.0000 1.2004 0.0533 0.023556 3.070808 
3.416 0.05 -0.02 -0.0011 -0.0012 -0.0005 0.0000 1.2004 0.0533 0.023556 3.070803 
3.421 0.05 -0.02 -0.0011 -0.0012 -0.0005 0.0000 1.2004 0.0533 0.023556 3.070790 
3.426 0.05 -0.02 -0.0011 -0.0012 -0.0005 0.0000 1.2004 0.0533 0.023556 3.070780 
3.431 0.05 -0.02 -0.0011 -0.0012 -0.0004 0.0000 1.2004 0.0533 0.023556 3.070779 
3.436 0.05 -0.02 -0.0011 -0.0011 -0.0004 0.0000 1.2004 0.0533 0.023556 3.070783 
3.441 0.05 -0.02 -0.0011 -0.0011 -0.0004 0.0000 1.2004 0.0533 0.023556 3.070783 
3.446 0.05 -0.02 -0.0011 -0.0011 -0.0004 0.0000 1.2004 0.0533 0.023556 3.070786 
3.451 0.05 -0.02 -0.0010 -0.0011 -0.0004 0.0000 1.2004 0.0533 0.023556 3.070781 
3.456 0.05 -0.02 -0.0010 -0.0011 -0.0004 0.0000 1.2004 0.0533 0.023556 3.070779 
3.461 0.05 -0.02 -0.0010 -0.0011 -0.0004 0.0000 1.2004 0.0533 0.023556 3.070779 
3.466 0.05 -0.02 -0.0010 -0.0011 -0.0004 0.0000 1.2004 0.0533 0.023556 3.070754 
3.471 0.05 -0.02 -0.0010 -0.0010 -0.0004 0.0000 1.2004 0.0533 0.023556 3.070754 
3.476 0.05 -0.02 -0.0010 -0.0010 -0.0003 0.0000 1.2004 0.0533 0.023556 3.070764 
3.481 0.05 -0.02 -0.0010 -0.0010 -0.0003 0.0000 1.2004 0.0533 0.023556 3.070772 
3.486 0.05 -0.02 -0.0010 -0.0010 -0.0003 0.0000 1.2004 0.0533 0.023556 3.070774 
3.491 0.05 -0.02 -0.0009 -0.0010 -0.0003 0.0000 1.2004 0.0533 0.023556 3.070765 
3.496 0.05 -0.02 -0.0009 -0.0010 -0.0003 0.0000 1.2004 0.0533 0.023556 3.070741 
3.501 0.05 -0.02 -0.0009 -0.0010 -0.0003 0.0000 1.2004 0.0533 0.023556 3.070761 
3.506 0.05 -0.03 -0.0009 -0.0010 -0.0003 0.0000 1.2004 0.0533 0.023556 3.070762 
3.511 0.05 -0.03 -0.0009 -0.0009 -0.0003 0.0000 1.2004 0.0533 0.023556 3.070746 
3.516 0.05 -0.03 -0.0009 -0.0009 -0.0003 0.0000 1.2004 0.0533 0.023556 3.070746 
3.521 0.05 -0.03 -0.0009 -0.0009 -0.0003 0.0000 1.2004 0.0533 0.023556 3.070767 
3.526 0.05 -0.03 -0.0009 -0.0009 -0.0003 0.0000 1.2004 0.0533 0.023556 3.070771 
3.531 0.05 -0.03 -0.0009 -0.0009 -0.0003 0.0000 1.2004 0.0533 0.023556 3.070773 
3.536 0.05 -0.03 -0.0009 -0.0009 -0.0003 0.0000 1.2004 0.0533 0.023556 3.070756 
3.541 0.05 -0.03 -0.0008 -0.0009 -0.0003 0.0000 1.2004 0.0533 0.023556 3.070757 
3.546 0.05 -0.03 -0.0008 -0.0009 -0.0003 0.0000 1.2004 0.0533 0.023556 3.070762 
3.551 0.05 -0.03 -0.0008 -0.0009 -0.0002 0.0000 1.2004 0.0533 0.023556 3.070754 
3.556 0.05 -0.03 -0.0008 -0.0009 -0.0002 0.0000 1.2004 0.0533 0.023556 3.070738 
3.561 0.04 -0.03 -0.0000 -0.0008 -0.0055 0.0000 1.2004 0.0533 0.023556 3.070737 
3.566 0.04 -0.03 -0.0000 -0.0008 -0.0054 0.0000 1.2004 0.0533 0.023556 3.070745 
3.571 0.04 -0.03 -0.0000 -0.0008 -0.0054 0.0000 1.2004 0.0533 0.023556 3.070746 
3.576 0.04 -0.03 -0.0000 -0.0008 -0.0053 0.0000 1.2004 0.0533 0.023556 3.070734 
3.581 0.04 -0.03 -0.0000 -0.0008 -0.0053 0.0000 1.2004 0.0533 0.023556 3.070727 
3.586 0.04 -0.04 -0.0000 -0.0000 0.0000 0.0000 1.2004 0.0533 0.023556 3.070717 
3.591 0.04 -0.04 -0.0000 -0.0000 0.0000 0.0000 1.2004 0.0533 0.023556 3.070718 
3.596 0.04 -0.04 -0.0000 -0.0000 0.0000 0.0000 1.2004 0.0533 0.023556 3.070724 
3.601 0.04 -0.04 -0.0000 -0.0000 0.0000 0.0000 1.2004 0.0533 0.023556 3.070731 
3.606 0.04 -0.04 -0.0000 -0.0000 0.0000 0.0000 1.2004 0.0533 0.023556 3.070728 
3.611 0.04 -0.04 -0.0000 -0.0000 0.0000 0.0000 1.2004 0.0533 0.023556 3.070726 
3.616 0.04 -0.04 -0.0000 -0.0000 0.0000 0.0000 1.2004 0.0533 0.023556 3.070724 
3.621 0.04 -0.04 -0.0000 -0.0000 0.0000 0.0000 1.2004 0.0533 0.023556 3.070726 
3.626 0.04 -0.04 -0.0000 -0.0000 0.0000 0.0000 1.2004 0.0533 0.023556 3.070741 
3.631 0.04 -0.04 -0.0000 -0.0000 0.0000 0.0000 1.2004 0.0533 0.023556 3.070756 
3.636 0.04 -0.04 -0.0000 -0.0000 0.0000 0.0000 1.2004 0.0533 0.023556 3.070768 
3.641 0.04 -0.04 -0.0000 -0.0000 0.0000 0.0000 1.2004 0.0533 0.023556 3.070763 
3.646 0.04 -0.04 -0.0000 -0.0000 0.0000 0.0000 1.2004 0.0533 0.023556 3.070769 
3.651 0.04 -0.04 -0.0000 -0.0000 0.0000 0.0000 1.2004 0.0533 0.023556 3.070758 
3.656 0.04 -0.04 -0.0000 -0.0000 0.0000 0.0000 1.2004 0.0533 0.023556 3.070752 
3.661 0.04 -0.04 -0.0000 -0.0000 0.0000 0.0000 1.2004 0.0533 0.023556 3.070760 
3.666 0.04 -0.04 -0.0000 -0.0000 0.0000 0.0000 1.2004 0.0533 0.023556 3.070772 
3.671 0.04 -0.04 -0.0000 -0.0000 0.0000 0.0000 1.2004 0.0533 0.023556 3.070779 
3.676 0.04 -0.04 -0.0000 -0.0000 0.0000 0.0000 1.2004 0.0533 0.023556 3.070777 
3.681 0.04 -0.04 -0.0000 -0.0000 0.0000 0.0000 1.2004 0.0533 0.023556 3.070769 
3.686 0.04 -0.04 -0.0000 -0.0000 0.0000 0.0000 1.2004 0.0533 0.023556 3.070785 
3.691 0.04 -0.04 -0.0000 -0.0000 0.0000 0.0000 1.2004 0.0533 0.023556 3.070782 
3.696 0.04 -0.04 -0.0000 -0.0000 0.0000 0.0000 1.2004 0.0533 0.023556 3.070783 
3.701 0.04 -0.04 -0.0000 -0.0000 0.0000 0.0000 1.2004 0.0533 0.023556 3.070782 
3.706 0.04 -0.04 -0.0000 -0.0000 0.0000 0.0000 1.2004 0.0533 0.023556 3.070790 
3.711 0.04 -0.04 -0.0000 -0.0000 0.0000 0.0000 1.2004 0.0533 0.023556 3.070788 
3.716 0.04 -0.04 -0.0000 -0.0000 0.0000 0.0000 1.2004 0.0533 0.023556 3.070792 
3.721 0.04 -0.04 -0.0000 -0.0000 0.0000 0.0000 1.2004 0.0533 0.023556 3.070798 
3.726 0.04 -0.04 -0.0000 -0.0000 0.0000 0.0000 1.2004 0.0533 0.023556 3.070810 
3.731 0.04 -0.04 -0.0000 -0.0000 0.0000 0.0000 1.2004 0.0533 0.023556 3.070821 
3.736 0.04 -0.04 -0.0000 -0.0000 0.0000 0.0000 1.2004 0.0533 0.023556 3.070806 
3.741 0.04 -0.04 -0.0000 -0.0000 0.0000 0.0000 1.2004 0.0533 0.023556 3.070786 
