%% logfile from robot Freja (4)
% Freja (4)
%  1    time 0.019 sec
%  2  3  4  5   (mission 0), state 2, entered (thread 1, line 0), events 0x0 (bit-flags)
%  6  7 Motor voltage [V] left, right: 0.15 0.15
%  8  9 Motor current left, right [A]: 0.165 0.179
% 10 11 Wheel velocity [m/s] left, right: 0.0000 -0.0000
% 12 13 14 15 Pose x,y,h,tilt [m,m,rad,rad]: 0 0 0 -0.661805
% 16    Battery voltage [V]: 12.55
0.019 2 1 0 0 0.15 0.15 0.006 -0.008 0.0000 -0.0000 0.0000 0.0000 0.000000 -0.661805 12.55 
0.039 2 1 0 0 0.31 0.31 0.041 -0.178 0.0000 -0.0000 0.0000 0.0000 0.000000 -0.661810 12.54 
0.059 2 1 0 0 0.46 0.46 0.068 -0.059 0.0000 -0.0000 0.0000 0.0000 0.000000 -0.661796 12.54 
0.079 2 1 0 0 -0.13 0.62 0.010 0.131 0.0585 -0.0000 0.0006 -0.0000 -0.007852 -0.661765 12.52 
0.099 2 1 0 0 0.48 0.78 0.054 0.196 0.0169 -0.0000 0.0006 -0.0000 -0.007852 -0.661741 12.52 
0.119 2 1 0 0 0.73 0.93 0.166 0.228 0.0092 -0.0000 0.0006 -0.0000 -0.007852 -0.661665 12.52 
0.139 2 1 0 0 0.92 1.08 0.244 0.280 0.0063 -0.0000 0.0006 -0.0000 -0.007852 -0.661800 12.51 
0.159 2 1 0 0 1.09 1.24 0.299 0.327 0.0048 0.0000 0.0008 -0.0000 -0.005235 -0.662105 12.51 
0.179 2 1 0 0 1.25 1.40 0.424 0.381 0.0045 0.0000 0.0010 -0.0000 -0.007852 -0.662416 12.54 
0.199 2 1 0 0 1.40 1.55 0.443 0.447 0.0045 0.0000 0.0012 -0.0000 -0.005235 -0.663189 12.53 
0.219 2 1 0 0 1.48 1.40 0.449 0.420 0.0109 0.0252 0.0016 -0.0000 -0.005235 -0.664095 12.52 
0.239 2 1 0 0 1.41 1.38 0.434 0.430 0.0298 0.0396 0.0024 -0.0000 -0.005235 -0.664954 12.51 
0.259 2 1 0 0 1.41 1.39 0.410 0.353 0.0429 0.0521 0.0034 -0.0000 -0.002617 -0.665778 12.53 
0.279 2 1 0 0 1.46 1.36 0.391 0.306 0.0514 0.0678 0.0045 -0.0000 0.000000 -0.666264 12.52 
0.299 2 1 0 0 1.76 1.47 0.461 0.332 0.0467 0.0706 0.0055 -0.0000 0.002617 -0.666802 12.52 
0.319 2 1 0 0 1.68 1.44 0.449 0.304 0.0664 0.0854 0.0069 -0.0000 0.005235 -0.667625 12.52 
0.339 2 1 0 0 1.83 1.42 0.472 0.325 0.0664 0.0971 0.0085 -0.0000 0.005235 -0.667761 12.53 
0.359 2 1 0 0 1.78 1.32 0.480 0.322 0.0837 0.1078 0.0101 0.0000 0.010469 -0.668463 12.51 
0.379 2 1 0 0 1.89 1.36 0.475 0.301 0.0870 0.1138 0.0124 0.0000 0.013086 -0.669564 12.52 
0.399 2 1 0 0 1.69 1.58 0.450 0.270 0.1166 0.1012 0.0144 0.0001 0.013086 -0.670153 12.52 
0.419 2 1 0 0 1.81 1.34 0.543 0.284 0.1197 0.1277 0.0166 0.0001 0.015704 -0.670627 12.51 
0.439 2 1 0 0 2.06 1.21 0.452 0.229 0.1119 0.1480 0.0193 0.0001 0.018321 -0.671385 12.51 
0.459 2 1 0 0 1.79 1.48 0.452 0.193 0.1470 0.1378 0.0217 0.0002 0.018321 -0.672054 12.52 
0.479 2 1 0 0 1.97 1.66 0.528 0.214 0.1449 0.1312 0.0243 0.0002 0.020938 -0.672964 12.51 
0.499 2 1 0 0 2.19 1.65 0.521 0.261 0.1395 0.1436 0.0272 0.0003 0.020938 -0.673856 12.51 
0.519 2 1 0 0 2.65 1.75 0.538 0.222 0.1147 0.1466 0.0302 0.0004 0.023556 -0.674459 12.50 
0.539 2 1 0 0 2.41 1.42 0.599 0.253 0.1472 0.1814 0.0335 0.0004 0.023556 -0.675468 12.51 
0.559 2 1 0 0 2.48 1.72 0.559 0.208 0.1541 0.1679 0.0367 0.0005 0.023556 -0.675499 12.50 
0.579 2 1 0 0 3.11 1.70 0.657 0.369 0.1150 0.1786 0.0398 0.0006 0.026173 -0.672406 12.50 
0.599 2 1 0 0 2.67 1.88 0.560 0.290 0.1641 0.1724 0.0434 0.0007 0.026173 -0.672381 12.49 
0.619 2 1 0 0 2.67 1.74 0.646 0.375 0.1770 0.1950 0.0471 0.0008 0.026173 -0.672713 12.49 
0.639 2 1 0 0 2.41 1.43 0.678 0.323 0.2117 0.2308 0.0509 0.0009 0.028790 -0.672968 12.51 
0.659 2 1 0 0 2.59 1.52 0.639 0.319 0.2072 0.2238 0.0550 0.0010 0.028790 -0.673666 12.51 
0.679 2 1 0 0 2.31 1.63 0.626 0.264 0.2331 0.2129 0.0590 0.0011 0.028790 -0.673986 12.50 
0.699 2 1 0 0 2.85 1.80 0.612 0.225 0.1868 0.2002 0.0631 0.0012 0.028790 -0.674800 12.50 
0.719 2 1 0 0 2.64 1.58 0.599 0.161 0.2082 0.2149 0.0673 0.0014 0.031408 -0.675519 12.51 
0.739 2 1 0 0 2.64 1.10 0.618 0.169 0.2087 0.2544 0.0716 0.0015 0.034025 -0.676090 12.51 
0.759 2 1 0 0 2.29 1.39 0.584 0.166 0.2401 0.2282 0.0760 0.0017 0.034025 -0.676041 12.51 
0.779 2 1 0 0 2.63 1.28 0.594 0.179 0.2124 0.2364 0.0805 0.0018 0.034025 -0.676896 12.50 
0.799 2 1 0 0 2.38 1.67 0.532 0.163 0.2330 0.2047 0.0850 0.0020 0.034025 -0.676551 12.50 
0.819 2 1 0 0 2.55 1.23 0.593 0.162 0.2192 0.2401 0.0896 0.0021 0.036642 -0.677569 12.51 
0.839 2 1 0 0 2.70 1.23 0.448 0.216 0.2028 0.2448 0.0945 0.0023 0.031408 -0.672424 12.51 
0.859 2 1 0 0 2.04 1.46 0.426 0.101 0.2580 0.2256 0.0992 0.0024 0.028790 -0.674421 12.52 
0.879 2 1 0 0 1.79 1.26 0.444 0.122 0.2782 0.2429 0.1040 0.0026 0.028790 -0.678815 12.52 
0.899 2 1 0 0 2.17 1.37 0.445 0.159 0.2434 0.2362 0.1089 0.0027 0.028790 -0.679431 12.50 
0.919 2 1 0 0 2.08 1.39 0.424 0.169 0.2488 0.2371 0.1138 0.0028 0.028790 -0.679788 12.49 
0.939 2 1 0 0 2.20 1.34 0.413 0.199 0.2375 0.2429 0.1186 0.0030 0.023556 -0.680208 12.51 
0.959 2 1 0 0 1.82 1.11 0.389 0.197 0.2664 0.2643 0.1235 0.0031 0.023556 -0.680372 12.51 
0.979 2 1 0 0 1.90 1.29 0.429 0.161 0.2600 0.2493 0.1284 0.0032 0.023556 -0.679154 12.51 
0.999 2 1 0 0 2.44 1.49 0.383 0.148 0.2143 0.2335 0.1332 0.0033 0.023556 -0.679195 12.52 
1.019 2 1 0 0 1.90 1.13 0.365 0.153 0.2575 0.2650 0.1383 0.0034 0.020938 -0.679155 12.52 
1.039 2 1 0 0 1.88 1.17 0.415 0.178 0.2581 0.2632 0.1432 0.0035 0.020938 -0.679108 12.50 
1.059 2 1 0 0 2.10 1.36 0.350 0.154 0.2396 0.2467 0.1484 0.0036 0.020938 -0.678764 12.51 
1.079 2 1 0 0 1.59 1.31 0.391 0.155 0.2818 0.2515 0.1533 0.0037 0.020938 -0.678193 12.51 
1.099 2 1 0 0 1.98 1.47 0.419 0.172 0.2495 0.2380 0.1582 0.0038 0.020938 -0.677806 12.50 
1.119 2 1 0 0 2.11 1.22 0.364 0.172 0.2383 0.2591 0.1632 0.0039 0.018321 -0.677165 12.51 
1.139 2 1 0 0 1.72 1.32 0.366 0.157 0.2710 0.2506 0.1683 0.0041 0.020938 -0.676936 12.51 
1.159 2 1 0 0 2.11 1.31 0.320 0.143 0.2357 0.2548 0.1734 0.0041 0.018321 -0.677110 12.51 
1.179 2 1 0 0 1.87 1.37 0.355 0.140 0.2570 0.2480 0.1784 0.0042 0.020938 -0.675785 12.50 
1.199 2 1 0 0 1.87 1.30 0.437 0.169 0.2583 0.2519 0.1833 0.0043 0.020938 -0.675763 12.53 
1.219 2 1 0 0 2.10 1.40 0.376 0.158 0.2390 0.2448 0.1884 0.0045 0.018321 -0.675713 12.51 
1.239 2 1 0 0 1.92 1.06 0.358 0.131 0.2545 0.2723 0.1935 0.0046 0.020938 -0.674931 12.52 
1.259 2 1 0 0 1.94 1.15 0.387 0.158 0.2527 0.2646 0.1983 0.0047 0.020938 -0.674431 12.51 
1.279 2 1 0 0 2.19 1.51 0.379 0.149 0.2320 0.2347 0.2036 0.0048 0.020938 -0.673974 12.51 
1.299 2 1 0 0 1.73 1.23 0.358 0.159 0.2704 0.2583 0.2085 0.0049 0.020938 -0.673527 12.52 
1.319 2 1 0 0 1.98 1.08 0.406 0.150 0.2511 0.2694 0.2135 0.0050 0.023556 -0.673597 12.52 
1.339 2 1 0 0 2.08 1.37 0.395 0.151 0.2441 0.2429 0.2184 0.0051 0.023556 -0.673441 12.51 
1.359 2 1 0 0 1.89 1.29 0.401 0.183 0.2607 0.2493 0.2233 0.0052 0.023556 -0.673434 12.50 
1.379 2 1 0 0 2.12 1.19 0.414 0.192 0.2412 0.2577 0.2281 0.0053 0.023556 -0.673305 12.50 
1.399 2 1 0 0 1.92 1.20 0.385 0.165 0.2555 0.2595 0.2332 0.0054 0.020938 -0.672666 12.52 
1.419 2 1 0 0 2.05 1.31 0.403 0.175 0.2439 0.2516 0.2381 0.0055 0.020938 -0.672458 12.51 
1.439 2 1 0 0 2.12 1.65 0.418 0.142 0.2378 0.2227 0.2429 0.0056 0.020938 -0.672096 12.51 
1.459 2 1 0 0 1.96 1.03 0.375 0.189 0.2504 0.2756 0.2478 0.0057 0.020938 -0.671483 12.52 
1.479 2 1 0 0 2.02 1.21 0.391 0.165 0.2437 0.2623 0.2527 0.0058 0.020938 -0.671470 12.51 
1.499 2 1 0 0 2.07 1.56 0.348 0.171 0.2389 0.2340 0.2577 0.0059 0.018321 -0.671444 12.52 
1.519 2 1 0 0 1.64 1.30 0.397 0.160 0.2744 0.2556 0.2626 0.0060 0.018321 -0.671165 12.52 
1.539 2 1 0 0 1.93 1.22 0.363 0.180 0.2500 0.2619 0.2675 0.0061 0.018321 -0.672200 12.50 
1.559 2 1 0 0 1.82 1.31 0.335 0.126 0.2585 0.2555 0.2725 0.0062 0.015704 -0.671408 12.53 
1.579 2 1 0 0 1.82 1.26 0.384 0.160 0.2589 0.2596 0.2774 0.0063 0.015704 -0.671721 12.51 
1.599 2 1 0 0 1.93 1.57 0.339 0.150 0.2476 0.2360 0.2825 0.0064 0.018321 -0.671723 12.54 
1.619 2 1 0 0 1.87 1.33 0.294 0.121 0.2518 0.2561 0.2875 0.0064 0.015704 -0.671256 12.51 
1.639 2 1 0 0 2.00 1.25 0.363 0.147 0.2443 0.2598 0.2926 0.0065 0.018321 -0.671315 12.51 
1.659 2 1 0 0 2.06 1.50 0.341 0.127 0.2395 0.2392 0.2979 0.0066 0.018321 -0.671556 12.50 
1.679 2 1 0 0 1.88 1.24 0.335 0.139 0.2543 0.2603 0.3028 0.0067 0.018321 -0.671424 12.50 
1.699 2 1 0 0 1.94 1.19 0.351 0.136 0.2505 0.2643 0.3078 0.0068 0.020938 -0.671236 12.54 
1.719 2 1 0 0 2.04 1.30 0.333 0.163 0.2412 0.2555 0.3129 0.0069 0.018321 -0.671143 12.51 
1.739 2 1 0 0 1.59 1.40 0.402 0.142 0.2794 0.2461 0.3180 0.0070 0.020938 -0.670415 12.52 
1.759 2 1 0 0 1.97 1.46 0.399 0.170 0.2474 0.2420 0.3230 0.0071 0.018321 -0.670654 12.51 
1.779 2 1 0 0 1.82 1.39 0.347 0.119 0.2601 0.2476 0.3281 0.0072 0.020938 -0.669811 12.51 
1.799 2 1 0 0 1.76 1.13 0.357 0.164 0.2662 0.2680 0.3332 0.0073 0.018321 -0.669592 12.55 
1.819 2 1 0 0 2.10 1.39 0.357 0.157 0.2382 0.2458 0.3383 0.0074 0.020938 -0.669915 12.50 
1.839 2 1 0 0 1.79 1.41 0.325 0.142 0.2622 0.2464 0.3433 0.0075 0.018321 -0.669200 12.50 
1.859 2 1 0 0 1.84 1.24 0.367 0.138 0.2575 0.2602 0.3482 0.0076 0.018321 -0.668339 12.51 
1.879 2 1 0 0 1.94 1.54 0.353 0.127 0.2494 0.2355 0.3535 0.0077 0.018321 -0.667961 12.50 
1.899 2 1 0 0 1.84 1.34 0.330 0.129 0.2580 0.2513 0.3585 0.0078 0.020938 -0.667294 12.52 
1.919 2 1 0 0 1.91 1.31 0.371 0.163 0.2532 0.2536 0.3634 0.0079 0.020938 -0.666945 12.50 
1.939 2 1 0 0 2.19 1.04 0.372 0.122 0.2320 0.2739 0.3687 0.0080 0.020938 -0.666080 12.51 
1.959 2 1 0 0 1.85 1.20 0.382 0.149 0.2601 0.2602 0.3735 0.0081 0.020938 -0.666601 12.53 
1.979 2 1 0 0 2.13 1.44 0.430 0.180 0.2391 0.2385 0.3786 0.0082 0.023556 -0.666882 12.51 
1.999 2 1 0 0 1.97 1.25 0.395 0.169 0.2522 0.2539 0.3837 0.0083 0.020938 -0.666471 12.52 
2.019 2 1 0 0 1.62 1.18 0.384 0.164 0.2831 0.2585 0.3887 0.0084 0.023556 -0.665755 12.51 
2.039 2 1 0 0 2.15 1.34 0.406 0.141 0.2384 0.2456 0.3936 0.0085 0.023556 -0.665854 12.50 
2.059 2 1 0 0 2.07 1.27 0.418 0.165 0.2457 0.2516 0.3985 0.0086 0.023556 -0.666188 12.50 
2.079 2 1 0 0 1.76 1.01 0.410 0.166 0.2713 0.2727 0.4033 0.0088 0.023556 -0.666217 12.51 
2.099 2 1 0 0 2.09 1.35 0.387 0.151 0.2423 0.2459 0.4084 0.0089 0.020938 -0.666340 12.50 
2.119 2 1 0 0 2.31 1.16 0.448 0.131 0.2267 0.2593 0.4133 0.0090 0.026173 -0.664825 12.51 
2.139 2 1 0 0 2.80 1.15 0.579 0.117 0.1918 0.2536 0.4177 0.0091 0.031408 -0.664963 12.49 
2.159 2 1 0 0 2.27 1.43 0.509 0.092 0.2425 0.2246 0.4228 0.0093 0.034025 -0.666113 12.51 
2.179 2 1 0 0 2.48 1.45 0.587 0.111 0.2244 0.2231 0.4273 0.0094 0.034025 -0.659253 12.50 
2.199 2 1 0 0 2.32 1.06 0.477 0.097 0.2390 0.2544 0.4323 0.0096 0.036642 -0.659065 12.52 
2.219 2 1 0 0 2.41 1.02 0.512 0.121 0.2339 0.2550 0.4372 0.0098 0.036642 -0.656957 12.51 
2.239 2 1 0 0 2.76 1.21 0.554 0.092 0.2075 0.2367 0.4419 0.0100 0.039259 -0.656726 12.50 
2.259 2 1 0 0 2.35 0.98 0.523 0.055 0.2427 0.2545 0.4467 0.0101 0.039259 -0.657224 12.51 
2.279 2 1 0 0 2.76 1.03 0.638 0.051 0.2156 0.2432 0.4514 0.0103 0.047111 -0.656602 12.51 
2.299 2 1 0 0 2.35 0.97 0.584 0.061 0.2525 0.2456 0.4563 0.0106 0.047111 -0.657533 12.51 
2.319 2 1 0 0 2.20 1.09 0.581 0.077 0.2647 0.2354 0.4611 0.0108 0.047111 -0.655638 12.49 
2.339 2 1 0 0 2.95 1.19 0.507 0.058 0.1996 0.2303 0.4660 0.0110 0.047111 -0.656107 12.49 
2.359 2 1 0 0 2.42 1.20 0.522 0.147 0.2429 0.2298 0.4706 0.0112 0.044494 -0.656553 12.50 
2.379 2 1 0 0 2.12 1.15 0.584 0.143 0.2681 0.2349 0.4753 0.0114 0.041877 -0.656526 12.50 
2.399 2 1 0 0 2.47 1.30 0.542 0.149 0.2355 0.2251 0.4802 0.0116 0.041877 -0.656751 12.51 
2.419 2 1 0 0 2.46 1.39 0.487 0.130 0.2340 0.2205 0.4848 0.0118 0.039259 -0.656858 12.50 
2.439 2 1 0 0 2.56 1.47 0.522 0.169 0.2245 0.2140 0.4893 0.0120 0.039259 -0.655165 12.49 
2.459 2 1 0 0 2.04 1.25 0.532 0.194 0.2646 0.2361 0.4940 0.0122 0.036642 -0.653834 12.51 
2.479 2 1 0 0 2.20 1.55 0.492 0.132 0.2493 0.2130 0.4986 0.0123 0.034025 -0.656624 12.51 
2.499 2 1 0 0 2.21 1.32 0.500 0.151 0.2470 0.2335 0.5035 0.0125 0.034025 -0.656183 12.51 
2.519 2 1 0 0 2.24 1.31 0.494 0.187 0.2442 0.2346 0.5081 0.0127 0.031408 -0.655789 12.52 
2.539 2 1 0 0 2.46 1.40 0.581 0.186 0.2264 0.2271 0.5128 0.0128 0.034025 -0.655898 12.51 
2.559 2 1 0 0 2.55 1.49 0.520 0.168 0.2180 0.2209 0.5175 0.0130 0.031408 -0.656146 12.50 
2.579 2 1 0 0 2.19 1.16 0.538 0.143 0.2486 0.2472 0.5221 0.0131 0.034025 -0.656347 12.51 
2.599 2 1 0 0 2.34 1.29 0.483 0.155 0.2360 0.2368 0.5270 0.0133 0.034025 -0.656755 12.50 
2.619 2 1 0 0 2.29 1.16 0.496 0.177 0.2392 0.2482 0.5317 0.0134 0.031408 -0.656595 12.50 
2.639 2 1 0 0 2.31 1.10 0.545 0.185 0.2387 0.2521 0.5363 0.0136 0.034025 -0.656687 12.51 
2.659 2 1 0 0 2.04 1.39 0.430 0.165 0.2591 0.2302 0.5410 0.0137 0.031408 -0.656383 12.50 
2.679 2 1 0 0 2.40 1.42 0.502 0.176 0.2271 0.2293 0.5456 0.0139 0.028790 -0.650515 12.50 
2.699 2 1 0 0 2.36 1.32 0.441 0.188 0.2299 0.2379 0.5505 0.0140 0.028790 -0.652666 12.51 
2.719 2 1 0 0 2.04 1.53 0.333 0.092 0.2549 0.2228 0.5558 0.0142 0.028790 -0.655603 12.50 
2.739 2 1 0 0 2.02 1.24 0.483 0.152 0.2561 0.2471 0.5602 0.0143 0.028790 -0.655736 12.51 
2.759 2 1 0 0 2.12 1.32 0.451 0.188 0.2475 0.2404 0.5651 0.0145 0.028790 -0.656238 12.50 
2.779 2 1 0 0 2.24 1.26 0.488 0.134 0.2406 0.2421 0.5700 0.0146 0.028790 -0.656330 12.50 
2.799 2 1 0 0 2.35 1.28 0.537 0.148 0.2324 0.2404 0.5746 0.0148 0.031408 -0.656477 12.51 
2.819 2 1 0 0 2.11 1.16 0.441 0.176 0.2510 0.2514 0.5797 0.0149 0.028790 -0.656255 12.51 
2.839 2 1 0 0 2.24 1.56 0.482 0.168 0.2416 0.2171 0.5844 0.0151 0.031408 -0.652777 12.49 
2.859 2 1 0 0 2.18 1.23 0.436 0.133 0.2461 0.2446 0.5892 0.0152 0.031408 -0.653979 12.50 
2.879 2 1 0 0 1.95 1.18 0.451 0.075 0.2657 0.2490 0.5941 0.0154 0.031408 -0.656942 12.50 
2.899 2 1 0 0 2.41 1.12 0.537 0.122 0.2305 0.2502 0.5988 0.0155 0.034025 -0.657727 12.50 
2.919 2 1 0 0 2.20 1.22 0.484 0.178 0.2484 0.2418 0.6036 0.0157 0.034025 -0.658018 12.51 
2.939 2 1 0 0 2.20 1.27 0.554 0.161 0.2489 0.2372 0.6083 0.0158 0.036642 -0.658071 12.51 
2.959 2 1 0 0 2.54 1.36 0.530 0.176 0.2198 0.2302 0.6130 0.0160 0.034025 -0.658193 12.51 
2.979 2 1 0 0 2.27 1.51 0.534 0.156 0.2420 0.2178 0.6174 0.0161 0.034025 -0.657714 12.51 
2.999 2 1 0 0 2.55 1.26 0.563 0.172 0.2193 0.2388 0.6223 0.0163 0.034025 -0.658016 12.51 
3.019 2 1 0 0 2.31 1.63 0.526 0.164 0.2381 0.2080 0.6269 0.0165 0.031408 -0.658034 12.52 
3.039 2 1 0 0 2.44 1.39 0.543 0.171 0.2282 0.2278 0.6316 0.0166 0.034025 -0.658247 12.51 
3.059 2 1 0 0 2.29 0.94 0.474 0.184 0.2387 0.2676 0.6363 0.0168 0.031408 -0.658542 12.51 
3.079 2 1 0 0 2.08 1.26 0.496 0.143 0.2570 0.2388 0.6409 0.0169 0.034025 -0.658434 12.50 
3.099 2 1 0 0 2.52 1.44 0.529 0.152 0.2197 0.2253 0.6456 0.0171 0.031408 -0.659321 12.50 
3.119 2 1 0 0 2.24 1.41 0.491 0.177 0.2431 0.2283 0.6505 0.0172 0.031408 -0.659551 12.50 
3.139 2 1 0 0 2.13 1.13 0.541 0.168 0.2503 0.2528 0.6549 0.0174 0.031408 -0.659790 12.49 
3.159 2 1 0 0 2.37 1.18 0.465 0.156 0.2304 0.2483 0.6598 0.0175 0.031408 -0.660253 12.51 
3.179 2 1 0 0 2.15 1.15 0.468 0.148 0.2486 0.2508 0.6647 0.0177 0.031408 -0.660544 12.50 
3.199 2 1 0 0 2.17 1.23 0.494 0.156 0.2480 0.2441 0.6693 0.0178 0.034025 -0.661229 12.50 
3.219 2 1 0 0 2.07 1.41 0.414 0.190 0.2552 0.2302 0.6742 0.0180 0.028790 -0.664961 12.51 
3.239 2 1 0 0 1.82 1.40 0.390 0.149 0.2707 0.2358 0.6793 0.0181 0.026173 -0.665070 12.51 
3.259 2 1 0 0 2.14 1.52 0.375 0.176 0.2393 0.2306 0.6839 0.0183 0.023556 -0.665943 12.50 
3.279 2 1 0 0 2.00 1.47 0.340 0.147 0.2499 0.2357 0.6890 0.0184 0.020938 -0.665739 12.52 
3.299 2 1 0 0 1.66 1.38 0.393 0.167 0.2766 0.2451 0.6939 0.0185 0.020938 -0.665638 12.52 
3.319 2 1 0 0 2.16 1.38 0.354 0.158 0.2320 0.2481 0.6989 0.0186 0.018321 -0.665623 12.50 
3.339 2 1 0 0 1.74 1.49 0.345 0.178 0.2659 0.2399 0.7038 0.0187 0.018321 -0.665155 12.52 
3.359 2 1 0 0 1.89 1.39 0.366 0.203 0.2530 0.2487 0.7089 0.0188 0.015704 -0.665565 12.51 
3.379 2 1 0 0 1.91 1.51 0.325 0.145 0.2491 0.2405 0.7139 0.0188 0.018321 -0.665527 12.49 
3.399 2 1 0 0 1.59 1.34 0.333 0.167 0.2756 0.2554 0.7190 0.0189 0.015704 -0.663622 12.51 
3.419 2 1 0 0 1.93 1.29 0.360 0.156 0.2507 0.2563 0.7241 0.0190 0.018321 -0.664374 12.50 
3.439 2 1 0 0 1.94 1.36 0.329 0.150 0.2490 0.2512 0.7291 0.0191 0.015704 -0.663956 12.50 
3.459 2 1 0 0 1.84 1.22 0.322 0.109 0.2558 0.2642 0.7342 0.0192 0.018321 -0.662728 12.52 
3.479 2 1 0 0 2.00 1.46 0.372 0.162 0.2445 0.2423 0.7391 0.0193 0.018321 -0.662259 12.51 
3.499 2 1 0 0 2.26 1.24 0.340 0.155 0.2230 0.2604 0.7444 0.0194 0.018321 -0.662554 12.51 
3.519 2 1 0 0 1.70 1.29 0.371 0.137 0.2698 0.2566 0.7492 0.0195 0.018321 -0.663065 12.52 
3.539 2 1 0 0 2.02 1.43 0.379 0.178 0.2432 0.2440 0.7543 0.0196 0.020938 -0.663352 12.51 
3.559 2 1 0 0 1.85 1.22 0.306 0.106 0.2576 0.2612 0.7596 0.0197 0.020938 -0.663109 12.51 
3.579 2 1 0 0 1.71 1.20 0.360 0.154 0.2714 0.2609 0.7646 0.0198 0.018321 -0.662581 12.50 
3.599 2 1 0 0 2.13 1.37 0.349 0.140 0.2346 0.2487 0.7697 0.0199 0.020938 -0.662861 12.51 
3.619 2 1 0 0 1.84 1.11 0.301 0.084 0.2587 0.2707 0.7750 0.0200 0.020938 -0.662695 12.52 
3.639 2 1 0 0 1.71 1.22 0.342 0.148 0.2686 0.2623 0.7800 0.0201 0.018321 -0.662830 12.50 
3.659 2 1 0 0 1.89 1.57 0.367 0.136 0.2534 0.2331 0.7853 0.0202 0.018321 -0.663001 12.52 
3.679 2 1 0 0 1.91 1.45 0.317 0.135 0.2519 0.2428 0.7902 0.0203 0.018321 -0.662877 12.50 
3.699 2 1 0 0 2.08 1.44 0.420 0.175 0.2378 0.2435 0.7950 0.0203 0.018321 -0.658582 12.51 
3.719 2 1 0 0 1.78 1.42 0.335 0.153 0.2629 0.2459 0.8003 0.0204 0.018321 -0.656822 12.52 
3.739 2 1 0 0 1.94 1.13 0.320 0.189 0.2478 0.2709 0.8052 0.0205 0.018321 -0.656306 12.51 
3.759 2 1 0 0 1.88 1.40 0.340 0.172 0.2510 0.2503 0.8103 0.0206 0.015704 -0.657271 12.51 
3.779 2 1 0 0 1.92 1.49 0.303 0.128 0.2475 0.2441 0.8151 0.0207 0.015704 -0.656602 12.51 
3.799 2 1 0 0 1.75 1.05 0.391 0.154 0.2618 0.2797 0.8200 0.0208 0.015704 -0.656119 12.52 
3.819 2 1 0 0 2.24 1.40 0.410 0.168 0.2208 0.2502 0.8249 0.0208 0.015704 -0.656706 12.50 
3.839 2 1 0 0 1.96 1.40 0.359 0.175 0.2474 0.2472 0.8299 0.0209 0.018321 -0.657176 12.51 
3.859 2 1 0 0 1.89 1.29 0.413 0.164 0.2535 0.2567 0.8348 0.0210 0.018321 -0.658175 12.52 
3.879 2 1 0 0 2.06 1.46 0.361 0.155 0.2400 0.2415 0.8399 0.0211 0.020938 -0.658351 12.50 
3.899 2 1 0 0 1.90 1.23 0.369 0.150 0.2555 0.2589 0.8449 0.0212 0.018321 -0.658615 12.51 
3.919 2 1 0 0 1.90 1.31 0.371 0.170 0.2554 0.2518 0.8498 0.0213 0.018321 -0.659075 12.50 
3.939 2 1 0 0 1.95 1.33 0.321 0.150 0.2489 0.2525 0.8551 0.0214 0.018321 -0.659699 12.51 
3.959 2 1 0 0 1.71 1.43 0.298 0.148 0.2690 0.2448 0.8599 0.0215 0.018321 -0.660085 12.51 
3.979 2 1 0 0 1.95 1.57 0.382 0.181 0.2478 0.2338 0.8650 0.0216 0.015704 -0.660872 12.51 
3.999 2 1 0 0 1.73 1.28 0.336 0.144 0.2667 0.2574 0.8701 0.0217 0.018321 -0.661339 12.52 
4.019 2 1 0 0 1.59 1.30 0.322 0.131 0.2778 0.2565 0.8752 0.0218 0.015704 -0.661348 12.51 
4.039 2 1 0 0 2.04 1.33 0.330 0.148 0.2396 0.2547 0.8802 0.0219 0.018321 -0.661898 12.51 
4.059 2 1 0 0 1.81 1.39 0.311 0.123 0.2573 0.2509 0.8855 0.0219 0.018321 -0.661763 12.51 
4.079 2 1 0 0 1.84 0.95 0.330 0.149 0.2542 0.2879 0.8906 0.0220 0.015704 -0.661500 12.52 
4.099 2 1 0 0 1.92 1.45 0.328 0.123 0.2481 0.2454 0.8956 0.0221 0.018321 -0.661594 12.50 
4.119 2 1 0 0 1.99 1.16 0.309 0.118 0.2457 0.2671 0.9009 0.0222 0.018321 -0.661628 12.50 
4.139 2 1 0 0 1.88 1.14 0.357 0.142 0.2545 0.2689 0.9058 0.0223 0.018321 -0.661370 12.50 
4.159 2 1 0 0 1.95 1.51 0.358 0.118 0.2487 0.2375 0.9111 0.0224 0.018321 -0.661219 12.51 
4.179 2 1 0 0 1.80 1.25 0.301 0.130 0.2603 0.2605 0.9161 0.0225 0.015704 -0.660832 12.51 
4.199 2 1 0 0 1.53 1.30 0.380 0.165 0.2839 0.2555 0.9212 0.0226 0.018321 -0.660436 12.52 
4.219 2 1 0 0 1.96 1.39 0.352 0.150 0.2485 0.2473 0.9263 0.0227 0.020938 -0.660532 12.50 
4.239 2 1 0 0 1.84 1.32 0.331 0.106 0.2589 0.2527 0.9315 0.0228 0.020938 -0.659791 12.51 
4.259 2 1 0 0 1.93 1.05 0.445 0.141 0.2533 0.2728 0.9364 0.0229 0.020938 -0.659644 12.51 
4.279 2 1 0 0 2.00 1.28 0.413 0.138 0.2513 0.2506 0.9415 0.0230 0.023556 -0.660297 12.51 
4.299 2 1 0 0 1.88 1.30 0.394 0.155 0.2615 0.2490 0.9463 0.0231 0.023556 -0.659937 12.51 
4.319 2 1 0 0 1.96 1.11 0.433 0.145 0.2548 0.2644 0.9516 0.0232 0.023556 -0.659738 12.50 
4.339 2 1 0 0 2.12 1.37 0.384 0.129 0.2411 0.2428 0.9565 0.0233 0.023556 -0.659628 12.51 
4.359 2 1 0 0 1.99 1.19 0.444 0.130 0.2552 0.2548 0.9616 0.0235 0.026173 -0.659389 12.50 
4.379 2 1 0 0 2.37 1.33 0.429 0.132 0.2236 0.2430 0.9664 0.0236 0.026173 -0.659793 12.51 
4.399 2 1 0 0 1.85 1.01 0.400 0.106 0.2703 0.2658 0.9715 0.0237 0.028790 -0.659854 12.50 
4.419 2 1 0 0 2.10 1.10 0.459 0.113 0.2494 0.2585 0.9764 0.0239 0.028790 -0.660145 12.50 
4.439 2 1 0 0 2.40 1.41 0.431 0.161 0.2244 0.2331 0.9812 0.0240 0.028790 -0.660289 12.50 
4.459 2 1 0 0 2.10 1.19 0.457 0.192 0.2497 0.2510 0.9861 0.0242 0.028790 -0.660452 12.50 
4.479 2 1 0 0 2.17 1.09 0.477 0.153 0.2442 0.2597 0.9910 0.0243 0.028790 -0.659468 12.52 
4.499 2 1 0 0 2.38 1.39 0.420 0.136 0.2261 0.2348 0.9958 0.0244 0.028790 -0.659036 12.52 
4.519 2 1 1 0 2.03 1.24 0.513 0.173 0.2529 0.2471 1.0005 0.0246 0.031408 -0.658608 12.50 
4.539 2 1 1 0 2.29 1.19 0.474 0.173 0.2186 0.2512 1.0053 0.0247 0.031408 -0.658610 12.50 
4.559 2 1 1 0 2.25 1.07 0.427 0.139 0.2089 0.2612 1.0100 0.0249 0.034025 -0.658218 12.50 
4.579 2 1 1 0 2.31 1.18 0.429 0.173 0.1909 0.2521 1.0147 0.0250 0.036642 -0.658612 12.52 
4.599 2 1 1 0 1.89 1.39 0.381 0.124 0.2125 0.2343 1.0193 0.0252 0.039259 -0.658606 12.51 
4.619 2 1 1 0 1.79 1.20 0.433 0.156 0.2083 0.2500 1.0238 0.0254 0.044494 -0.658638 12.49 
4.639 2 1 1 0 1.71 0.96 0.321 0.090 0.2019 0.2705 1.0282 0.0256 0.049729 -0.658501 12.52 
4.659 2 1 1 0 1.87 1.43 0.343 0.093 0.1758 0.2314 1.0325 0.0258 0.057580 -0.658133 12.51 
4.679 2 1 1 0 1.61 1.12 0.324 0.114 0.1845 0.2567 1.0370 0.0261 0.062815 -0.657967 12.51 
4.699 2 1 1 0 1.69 1.19 0.335 0.143 0.1654 0.2515 1.0410 0.0264 0.073284 -0.657808 12.51 
4.719 2 1 1 0 1.36 1.34 0.283 0.081 0.1796 0.2383 1.0455 0.0267 0.083753 -0.657556 12.51 
4.739 2 1 1 0 1.52 1.15 0.291 0.079 0.1536 0.2541 1.0495 0.0271 0.094223 -0.657472 12.52 
4.759 2 1 1 0 1.08 1.39 0.315 0.131 0.1774 0.2347 1.0533 0.0275 0.102075 -0.657243 12.50 
4.779 2 1 1 0 1.03 1.32 0.270 0.157 0.1682 0.2405 1.0574 0.0279 0.112544 -0.657261 12.52 
4.799 2 1 1 0 1.12 1.01 0.284 0.167 0.1482 0.2660 1.0612 0.0284 0.125630 -0.657033 12.51 
4.819 2 1 1 0 1.13 1.44 0.227 0.142 0.1342 0.2307 1.0650 0.0289 0.138717 -0.657333 12.52 
4.839 2 1 1 0 1.31 1.55 0.231 0.152 0.1062 0.2211 1.0684 0.0294 0.151803 -0.657430 12.53 
4.859 2 1 1 0 1.04 1.41 0.217 0.159 0.1158 0.2325 1.0720 0.0300 0.167507 -0.657033 12.53 
4.879 2 1 1 0 0.81 1.30 0.133 0.172 0.1218 0.2420 1.0754 0.0306 0.180594 -0.656596 12.52 
4.899 2 1 1 0 0.74 1.57 0.129 0.173 0.1147 0.2190 1.0790 0.0312 0.196297 -0.656125 12.51 
4.919 2 1 1 0 0.77 1.36 0.146 0.200 0.0994 0.2372 1.0822 0.0319 0.212001 -0.656193 12.51 
4.939 2 1 1 0 0.45 1.28 0.110 0.176 0.1132 0.2437 1.0854 0.0326 0.227705 -0.655710 12.51 
4.959 2 1 1 0 0.74 1.67 0.109 0.143 0.0763 0.2107 1.0887 0.0334 0.246026 -0.655372 12.51 
4.979 2 1 1 0 0.40 1.50 0.051 0.175 0.0916 0.2257 1.0917 0.0342 0.264347 -0.655136 12.52 
4.999 2 1 1 0 0.47 1.43 0.091 0.148 0.0732 0.2311 1.0946 0.0350 0.282668 -0.655025 12.52 
5.019 2 1 1 0 0.42 1.48 0.078 0.205 0.0641 0.2273 1.0973 0.0358 0.303607 -0.655193 12.53 
5.039 2 1 1 0 0.29 1.75 0.073 0.110 0.0623 0.2043 1.1000 0.0367 0.324545 -0.654772 12.53 
5.059 2 1 1 0 0.51 1.55 0.121 0.155 0.0305 0.2209 1.1025 0.0376 0.348101 -0.654558 12.52 
5.079 2 1 1 0 0.03 1.42 0.036 0.170 0.0581 0.2316 1.1050 0.0385 0.371656 -0.654552 12.52 
5.099 2 1 1 0 0.07 1.62 -0.016 0.160 0.0419 0.2153 1.1072 0.0394 0.392595 -0.654397 12.53 
5.119 2 1 1 0 0.08 1.68 -0.020 0.173 0.0281 0.2105 1.1096 0.0404 0.416150 -0.653680 12.53 
5.139 2 1 1 0 -0.02 1.59 -0.014 0.199 0.0235 0.2176 1.1119 0.0414 0.442323 -0.652852 12.53 
5.159 2 1 1 0 -0.10 1.54 -0.012 0.238 0.0168 0.2215 1.1140 0.0425 0.468496 -0.652472 12.53 
5.179 2 1 1 0 -0.25 1.46 -0.032 0.235 0.0168 0.2283 1.1158 0.0435 0.494669 -0.652880 12.52 
5.199 2 1 1 0 -0.32 1.72 -0.061 0.170 0.0092 0.2067 1.1178 0.0445 0.523459 -0.652604 12.50 
5.219 2 1 1 0 -0.43 2.08 -0.103 0.315 0.0063 0.1766 1.1195 0.0456 0.549632 -0.653139 12.51 
5.239 2 1 1 0 -0.57 1.62 -0.136 0.381 0.0048 0.2151 1.1212 0.0467 0.575804 -0.653593 12.49 
5.259 2 1 1 0 -0.72 1.67 -0.179 0.455 0.0039 0.2113 1.1228 0.0477 0.599359 -0.654082 12.51 
5.279 2 1 1 0 -0.86 1.67 -0.209 0.453 0.0033 0.2114 1.1244 0.0488 0.625532 -0.654011 12.52 
5.299 2 1 1 0 -0.94 1.95 -0.225 0.420 -0.0031 0.1881 1.1257 0.0498 0.651704 -0.654337 12.51 
5.319 2 1 1 0 -0.97 1.99 -0.276 0.428 -0.0136 0.1844 1.1272 0.0509 0.680494 -0.654276 12.51 
5.339 2 1 1 0 -1.07 1.71 -0.275 0.459 -0.0184 0.2075 1.1284 0.0520 0.706666 -0.654665 12.51 
5.359 2 1 1 0 -1.22 1.73 -0.320 0.469 -0.0184 0.2063 1.1299 0.0533 0.732839 -0.655095 12.51 
5.379 2 1 1 0 -1.38 1.79 -0.355 0.511 -0.0187 0.2012 1.1311 0.0544 0.759011 -0.656076 12.51 
5.399 2 1 1 0 -1.56 2.18 -0.406 0.441 -0.0160 0.1686 1.1323 0.0555 0.785183 -0.656395 12.52 
5.419 2 1 1 0 -1.51 2.04 -0.417 0.523 -0.0336 0.1802 1.1333 0.0566 0.813973 -0.655776 12.50 
5.439 2 1 1 0 -1.47 1.86 -0.397 0.450 -0.0494 0.1949 1.1344 0.0578 0.845380 -0.655390 12.50 
5.459 2 1 1 0 -1.65 1.97 -0.418 0.481 -0.0478 0.1858 1.1352 0.0587 0.876787 -0.655824 12.50 
5.479 2 1 1 0 -1.74 1.83 -0.438 0.446 -0.0526 0.1981 1.1362 0.0599 0.908194 -0.657059 12.50 
5.499 2 1 1 0 -1.89 1.73 -0.431 0.399 -0.0529 0.2057 1.1369 0.0609 0.939601 -0.655901 12.50 
5.519 2 1 1 0 -2.04 1.68 -0.452 0.363 -0.0538 0.2105 1.1376 0.0619 0.976243 -0.656443 12.51 
5.539 2 1 1 0 -1.75 1.75 -0.409 0.383 -0.0910 0.2047 1.1383 0.0629 1.012885 -0.656703 12.50 
5.559 2 1 1 0 -2.04 1.57 -0.462 0.286 -0.0798 0.2190 1.1390 0.0642 1.052145 -0.657788 12.51 
5.579 2 1 1 0 -1.71 1.50 -0.447 0.346 -0.1200 0.2257 1.1394 0.0649 1.094022 -0.656887 12.50 
5.599 2 1 1 0 -1.74 1.95 -0.477 0.322 -0.1308 0.1880 1.1398 0.0658 1.133282 -0.658427 12.49 
5.619 2 1 1 0 -2.25 1.46 -0.487 0.369 -0.1007 0.2286 1.1403 0.0669 1.175160 -0.658001 12.51 
5.639 2 1 1 0 -2.29 1.63 -0.447 0.337 -0.1103 0.2142 1.1406 0.0675 1.219654 -0.657938 12.51 
5.659 2 1 1 0 -1.61 1.75 -0.424 0.204 -0.1799 0.2045 1.1408 0.0680 1.264149 -0.660435 12.51 
5.679 2 1 1 0 -2.08 1.54 -0.508 0.265 -0.1458 0.2216 1.1409 0.0686 1.308643 -0.658937 12.50 
5.699 2 1 1 0 -1.81 1.58 -0.461 0.338 -0.1558 0.2189 1.1411 0.0692 1.353137 -0.659496 12.51 
5.719 2 1 1 0 -1.45 1.73 -0.432 0.290 -0.1723 0.2063 1.1412 0.0700 1.400249 -0.660697 12.50 
5.739 2 1 1 0 -2.03 1.88 -0.449 0.368 -0.1111 0.1935 1.1413 0.0708 1.442125 -0.660603 12.50 
5.759 2 1 1 0 -1.98 2.13 -0.334 0.403 -0.1024 0.1726 1.1414 0.0712 1.484003 -0.662322 12.49 
5.779 2 1 1 0 -1.18 2.23 -0.168 0.581 -0.1563 0.1645 1.1414 0.0714 1.528497 -0.661050 12.51 
5.799 2 1 1 0 -0.59 1.49 -0.439 0.295 -0.1926 0.2264 1.1414 0.0728 1.572991 -0.666912 12.51 
5.819 2 1 1 0 -0.65 2.15 -0.067 0.483 -0.1747 0.1654 1.1414 0.0726 1.617486 -0.675501 12.49 
5.839 2 1 1 0 -2.16 1.52 -0.275 0.464 -0.0362 0.2048 1.1414 0.0734 1.654128 -0.668966 12.49 
5.859 2 1 1 0 -0.86 1.86 -0.223 0.353 -0.1315 0.1639 1.1413 0.0742 1.690771 -0.673914 12.50 
5.879 2 1 1 0 -1.31 1.18 -0.393 0.327 -0.0809 0.2073 1.1411 0.0757 1.724797 -0.672759 12.50 
5.899 2 1 1 0 -1.64 1.21 -0.280 0.400 -0.0403 0.1919 1.1409 0.0766 1.753587 -0.671839 12.51 
5.919 2 1 1 0 -1.07 1.16 -0.353 0.316 -0.0753 0.1836 1.1407 0.0778 1.784995 -0.675105 12.51 
5.939 2 1 1 0 -1.51 0.82 -0.370 0.336 -0.0258 0.1989 1.1404 0.0790 1.811169 -0.673755 12.53 
5.959 2 1 1 0 -1.15 1.32 -0.287 0.301 -0.0429 0.1443 1.1402 0.0800 1.834725 -0.673515 12.51 
5.979 2 1 1 0 -1.12 1.35 -0.317 0.352 -0.0318 0.1287 1.1399 0.0810 1.858281 -0.674849 12.52 
5.999 2 1 1 0 -1.10 1.24 -0.307 0.384 -0.0213 0.1246 1.1396 0.0820 1.876602 -0.675008 12.51 
6.019 2 1 1 0 -1.00 1.23 -0.298 0.345 -0.0163 0.1132 1.1392 0.0831 1.892306 -0.675395 12.51 
6.039 2 1 1 0 -0.89 1.26 -0.273 0.347 -0.0127 0.0973 1.1389 0.0839 1.908011 -0.675616 12.53 
6.059 2 1 1 0 -0.74 1.10 -0.246 0.394 -0.0123 0.0979 1.1386 0.0848 1.921097 -0.675673 12.50 
6.079 2 1 1 0 -0.64 0.92 -0.201 0.384 -0.0077 0.1000 1.1383 0.0856 1.931567 -0.675434 12.53 
6.099 2 1 1 0 -0.51 1.00 -0.160 0.354 -0.0056 0.0805 1.1380 0.0864 1.942036 -0.675020 12.50 
6.119 2 1 1 0 -0.37 1.03 -0.141 0.384 -0.0044 0.0649 1.1378 0.0869 1.949888 -0.674602 12.53 
6.139 2 1 1 0 -0.22 1.02 -0.100 0.258 -0.0036 0.0529 1.1376 0.0875 1.957740 -0.674491 12.51 
6.159 2 1 1 0 -0.15 1.03 -0.059 0.256 0.0036 0.0393 1.1374 0.0880 1.960358 -0.674173 12.51 
6.179 2 1 1 0 0.00 0.95 -0.023 0.295 0.0036 0.0327 1.1372 0.0884 1.965593 -0.674089 12.52 
6.199 2 1 1 0 -0.11 0.90 -0.022 0.292 0.0257 0.0244 1.1370 0.0890 1.962975 -0.673577 12.53 
6.219 2 1 1 0 0.14 0.84 -0.000 0.285 0.0181 0.0164 1.1370 0.0890 1.962975 -0.673280 12.49 
6.239 2 1 1 0 0.39 0.72 0.067 0.206 0.0096 0.0134 1.1369 0.0892 1.965593 -0.672667 12.50 
6.259 2 1 1 0 0.58 0.58 0.126 0.166 0.0069 0.0118 1.1368 0.0894 1.962975 -0.672372 12.47 
6.279 2 1 1 0 0.53 0.48 0.137 0.106 0.0244 0.0075 1.1367 0.0895 1.960358 -0.672388 12.49 
6.299 2 1 1 0 0.80 0.35 0.182 0.079 0.0148 0.0055 1.1367 0.0895 1.960358 -0.672319 12.50 
6.319 2 1 1 0 1.00 0.21 0.244 -0.052 0.0105 0.0043 1.1367 0.0897 1.957740 -0.672239 12.52 
6.339 2 1 1 0 1.16 0.06 0.319 -0.018 0.0105 0.0035 1.1367 0.0897 1.957740 -0.672147 12.53 
6.359 2 1 1 0 1.34 -0.09 0.385 -0.034 0.0083 0.0030 1.1367 0.0897 1.957740 -0.672048 12.53 
6.379 2 1 1 0 1.51 -0.24 0.423 -0.144 0.0068 0.0026 1.1366 0.0899 1.955123 -0.672168 12.53 
6.399 2 1 1 0 1.67 -0.33 0.468 -0.368 0.0068 -0.0024 1.1367 0.0897 1.952506 -0.672234 12.53 
6.419 2 1 1 0 1.76 -0.27 0.499 -0.225 0.0116 -0.0207 1.1367 0.0897 1.947271 -0.672229 12.51 
6.439 2 1 1 0 1.89 -0.30 0.550 -0.273 0.0138 -0.0308 1.1367 0.0897 1.942036 -0.672151 12.52 
6.459 2 1 1 0 1.93 -0.68 0.560 -0.204 0.0234 -0.0122 1.1366 0.0899 1.939419 -0.672300 12.48 
6.479 2 1 1 0 2.19 -0.89 0.642 -0.186 0.0149 -0.0076 1.1365 0.0901 1.936802 -0.671719 12.49 
6.499 2 1 1 0 2.34 -1.04 0.700 -0.224 0.0149 -0.0076 1.1366 0.0899 1.934184 -0.671375 12.50 
6.519 2 1 1 0 2.47 -1.09 0.701 -0.238 0.0172 -0.0167 1.1366 0.0899 1.928949 -0.670987 12.48 
6.539 2 1 1 0 2.30 -1.24 0.692 -0.341 0.0446 -0.0173 1.1364 0.0903 1.918480 -0.670849 12.51 
6.559 2 1 1 0 1.83 -1.41 0.591 -0.357 0.0964 -0.0161 1.1362 0.0909 1.905393 -0.671273 12.52 
6.579 2 1 1 0 2.77 -1.43 0.668 -0.379 0.0309 -0.0270 1.1362 0.0909 1.900159 -0.671368 12.49 
6.599 2 1 1 0 2.13 -1.40 0.670 -0.400 0.0974 -0.0424 1.1361 0.0913 1.884455 -0.671644 12.49 
6.619 2 1 1 0 2.63 -1.36 0.688 -0.353 0.0684 -0.0590 1.1360 0.0915 1.866133 -0.672159 12.49 
6.639 2 1 1 0 2.27 -1.53 0.694 -0.388 0.1118 -0.0575 1.1360 0.0917 1.847812 -0.672272 12.51 
6.659 2 1 1 0 2.81 -1.54 0.717 -0.391 0.0798 -0.0694 1.1359 0.0920 1.826873 -0.672639 12.50 
6.679 2 1 1 0 2.33 -1.64 0.653 -0.467 0.1324 -0.0731 1.1358 0.0924 1.800700 -0.672635 12.49 
6.699 2 1 1 0 2.50 -1.55 0.651 -0.401 0.1311 -0.0804 1.1357 0.0928 1.774526 -0.672831 12.49 
6.719 2 1 1 0 2.30 -1.36 0.669 -0.386 0.1545 -0.0901 1.1356 0.0932 1.743119 -0.673169 12.50 
6.739 2 1 1 0 2.56 -1.26 0.601 -0.283 0.1322 -0.0853 1.1355 0.0938 1.714328 -0.673120 12.50 
6.759 2 1 1 0 2.65 -1.06 0.638 -0.275 0.1252 -0.0891 1.1355 0.0944 1.685538 -0.673688 12.49 
6.779 2 1 1 0 2.52 -0.98 0.621 -0.192 0.1362 -0.0830 1.1354 0.0950 1.656748 -0.673880 12.49 
6.799 2 1 1 0 2.60 -0.96 0.554 -0.190 0.1290 -0.0716 1.1353 0.0959 1.625340 -0.673993 12.52 
6.819 2 1 1 0 2.38 -0.86 0.605 -0.199 0.1471 -0.0671 1.1353 0.0967 1.599167 -0.674070 12.50 
6.839 2 1 1 0 2.14 -0.84 0.533 -0.182 0.1675 -0.0554 1.1353 0.0977 1.570376 -0.673645 12.50 
6.859 2 1 1 0 2.56 -0.79 0.605 -0.181 0.1322 -0.0472 1.1353 0.0985 1.544202 -0.672980 12.46 
6.879 2 1 1 0 2.01 -0.74 0.620 -0.158 0.1695 -0.0384 1.1354 0.0995 1.520646 -0.672522 12.49 
6.899 2 1 1 0 2.03 -0.68 0.550 -0.188 0.1544 -0.0304 1.1354 0.1005 1.497090 -0.672342 12.49 
6.919 2 1 1 0 2.27 -0.65 0.581 -0.163 0.1218 -0.0202 1.1355 0.1017 1.481386 -0.671695 12.49 
6.939 2 1 1 0 2.14 -0.49 0.538 -0.183 0.1199 -0.0200 1.1356 0.1027 1.463064 -0.671405 12.47 
6.959 2 1 1 0 2.04 -0.46 0.503 -0.171 0.1151 -0.0102 1.1358 0.1039 1.447360 -0.670781 12.51 
6.979 2 1 1 0 1.95 -0.34 0.502 -0.193 0.1101 -0.0068 1.1359 0.1051 1.431656 -0.669981 12.50 
6.999 2 1 1 0 1.85 -0.21 0.530 -0.253 0.1055 -0.0051 1.1361 0.1062 1.418569 -0.668964 12.51 
7.019 2 1 1 0 1.90 -0.06 0.445 -0.108 0.0878 -0.0041 1.1362 0.1072 1.405482 -0.668988 12.50 
7.039 2 1 1 0 1.50 0.08 0.367 -0.102 0.1086 -0.0034 1.1364 0.1084 1.389778 -0.668325 12.52 
7.059 2 1 1 0 1.78 0.23 0.443 -0.057 0.0725 -0.0029 1.1366 0.1092 1.379309 -0.666915 12.51 
7.079 2 1 1 0 1.66 0.32 0.429 -0.207 0.0694 0.0028 1.1367 0.1099 1.374074 -0.665779 12.49 
7.099 2 1 1 0 1.53 0.28 0.461 -0.220 0.0676 0.0190 1.1369 0.1107 1.368839 -0.665183 12.52 
7.119 2 1 1 0 1.49 0.33 0.446 -0.085 0.0576 0.0279 1.1371 0.1117 1.366222 -0.664039 12.52 
7.139 2 1 1 0 1.50 0.42 0.417 -0.071 0.0436 0.0332 1.1372 0.1123 1.363604 -0.664106 12.52 
7.159 2 1 1 0 1.37 0.33 0.379 -0.092 0.0421 0.0537 1.1374 0.1133 1.366222 -0.663919 12.52 
7.179 2 1 1 0 1.32 0.75 0.398 0.141 0.0328 0.0312 1.1375 0.1137 1.366222 -0.663043 12.50 
7.199 2 1 1 0 1.31 0.85 0.390 0.296 0.0207 0.0361 1.1376 0.1143 1.368839 -0.662356 12.50 
7.219 2 1 1 0 1.23 1.05 0.397 0.258 0.0145 0.0321 1.1378 0.1149 1.371457 -0.662228 12.51 
7.239 2 1 1 0 1.08 1.19 0.346 0.295 0.0145 0.0337 1.1378 0.1151 1.374074 -0.662649 12.50 
7.259 2 1 1 0 0.92 1.32 0.318 0.299 0.0149 0.0359 1.1379 0.1157 1.376691 -0.662890 12.51 
7.279 2 1 1 0 0.71 1.45 0.246 0.345 0.0190 0.0380 1.1380 0.1163 1.379309 -0.662920 12.50 
7.299 2 1 1 0 0.66 1.50 0.199 0.348 0.0165 0.0461 1.1382 0.1169 1.381926 -0.663034 12.52 
7.319 2 1 1 0 0.62 1.63 0.186 0.312 0.0194 0.0486 1.1383 0.1177 1.387161 -0.663662 12.52 
7.339 2 1 1 0 0.60 1.67 0.162 0.244 0.0215 0.0577 1.1384 0.1183 1.389778 -0.663999 12.52 
7.359 2 1 1 0 0.60 1.62 0.174 0.400 0.0215 0.0748 1.1386 0.1193 1.397630 -0.663769 12.50 
7.379 2 1 1 0 0.62 1.83 0.171 0.365 0.0193 0.0702 1.1387 0.1201 1.402865 -0.664541 12.51 
7.399 2 1 1 0 0.48 1.78 0.157 0.443 0.0310 0.0875 1.1389 0.1213 1.408100 -0.665008 12.51 
7.419 2 1 1 0 0.55 1.88 0.148 0.464 0.0252 0.0920 1.1391 0.1225 1.418569 -0.665296 12.46 
7.439 2 1 1 0 0.44 1.64 0.127 0.525 0.0348 0.1250 1.1393 0.1239 1.426421 -0.665962 12.49 
7.459 2 1 1 0 0.42 1.76 0.092 0.475 0.0367 0.1283 1.1395 0.1251 1.436890 -0.666788 12.51 
7.479 2 1 1 0 0.42 1.83 0.093 0.486 0.0363 0.1354 1.1397 0.1267 1.447360 -0.666890 12.49 
7.499 2 1 1 0 0.53 2.10 0.126 0.484 0.0272 0.1254 1.1399 0.1285 1.460447 -0.667207 12.50 
7.519 2 1 1 0 0.20 2.05 0.066 0.398 0.0551 0.1427 1.1401 0.1301 1.470916 -0.667473 12.50 
7.539 2 1 1 0 0.53 1.95 0.093 0.453 0.0400 0.1616 1.1403 0.1322 1.486620 -0.668178 12.47 
7.559 2 1 1 0 0.60 1.78 0.114 0.484 0.0474 0.1757 1.1404 0.1342 1.502324 -0.669011 12.51 
7.579 2 1 1 0 0.59 1.55 0.125 0.444 0.0606 0.1946 1.1406 0.1364 1.515411 -0.669756 12.52 
7.599 2 1 1 0 0.59 1.59 0.133 0.442 0.0741 0.1917 1.1407 0.1388 1.525881 -0.670194 12.50 
7.619 2 1 1 0 0.97 1.72 0.198 0.401 0.0555 0.1803 1.1408 0.1409 1.541585 -0.670203 12.52 
7.639 2 1 1 0 0.93 1.82 0.183 0.329 0.0718 0.1717 1.1408 0.1435 1.554672 -0.671069 12.51 
7.659 2 1 1 0 1.10 1.73 0.236 0.291 0.0697 0.1795 1.1409 0.1459 1.565141 -0.671230 12.52 
7.679 2 1 1 0 1.27 1.90 0.279 0.294 0.0684 0.1655 1.1409 0.1484 1.580845 -0.671692 12.53 
7.699 2 1 1 0 1.38 1.88 0.294 0.383 0.0728 0.1676 1.1408 0.1508 1.591315 -0.671903 12.50 
7.719 2 1 1 0 1.44 1.82 0.276 0.263 0.0810 0.1718 1.1408 0.1536 1.601784 -0.672124 12.52 
7.739 2 1 1 0 1.47 1.83 0.313 0.309 0.0911 0.1715 1.1407 0.1565 1.612254 -0.672435 12.50 
7.759 2 1 1 0 1.44 1.91 0.367 0.271 0.1064 0.1642 1.1405 0.1593 1.622723 -0.673083 12.50 
7.779 2 1 1 0 1.16 1.82 0.349 0.282 0.1423 0.1604 1.1404 0.1622 1.627958 -0.673012 12.51 
7.799 2 1 1 0 1.30 1.63 0.358 0.285 0.1436 0.1665 1.1402 0.1652 1.635810 -0.672979 12.52 
7.819 2 1 1 0 1.84 1.42 0.361 0.172 0.1118 0.1758 1.1400 0.1682 1.643662 -0.673673 12.51 
7.839 2 1 1 0 1.71 1.34 0.395 0.220 0.1355 0.1753 1.1397 0.1711 1.648897 -0.673422 12.52 
7.859 2 1 1 0 1.62 1.30 0.396 0.244 0.1559 0.1729 1.1395 0.1743 1.654131 -0.673177 12.51 
7.879 2 1 1 0 1.82 1.26 0.469 0.247 0.1521 0.1712 1.1392 0.1773 1.656749 -0.672572 12.52 
7.899 2 1 1 0 1.70 1.25 0.461 0.170 0.1750 0.1687 1.1389 0.1806 1.656749 -0.672275 12.52 
7.919 2 1 1 0 1.84 1.21 0.456 0.213 0.1760 0.1726 1.1386 0.1840 1.659366 -0.672443 12.51 
7.939 2 1 1 0 1.82 1.16 0.488 0.190 0.1907 0.1743 1.1384 0.1872 1.659366 -0.672561 12.49 
7.959 2 1 1 0 2.08 1.29 0.482 0.201 0.1825 0.1631 1.1381 0.1907 1.656749 -0.672576 12.49 
7.979 2 1 1 0 2.31 1.19 0.553 0.199 0.1759 0.1716 1.1378 0.1941 1.659366 -0.672811 12.51 
7.999 2 1 1 0 2.39 1.11 0.514 0.172 0.1822 0.1778 1.1374 0.1977 1.654131 -0.672773 12.51 
8.019 2 1 1 0 2.66 1.19 0.542 0.195 0.1728 0.1715 1.1371 0.2014 1.654131 -0.673275 12.49 
8.039 2 1 1 0 2.60 1.12 0.517 0.166 0.1906 0.1768 1.1368 0.2050 1.648897 -0.673212 12.49 
8.059 2 1 1 0 2.60 1.18 0.577 0.195 0.2039 0.1722 1.1365 0.2091 1.643662 -0.673305 12.49 
8.079 2 1 1 0 2.38 1.09 0.595 0.154 0.2347 0.1802 1.1363 0.2127 1.638427 -0.673431 12.51 
8.099 2 1 1 0 2.63 1.47 0.632 0.208 0.2268 0.1619 1.1360 0.2168 1.633192 -0.672893 12.49 
8.119 2 1 1 0 2.86 1.18 0.567 0.203 0.2162 0.1990 1.1358 0.2210 1.625340 -0.673000 12.50 
8.139 2 1 1 0 2.48 1.42 0.588 0.181 0.2444 0.1916 1.1356 0.2251 1.620106 -0.672792 12.50 
8.159 2 1 1 0 2.38 1.35 0.543 0.195 0.2451 0.2100 1.1354 0.2293 1.612254 -0.672880 12.51 
8.179 2 1 1 0 2.21 1.48 0.501 0.230 0.2524 0.2125 1.1352 0.2338 1.607019 -0.672997 12.51 
8.199 2 1 1 0 2.26 1.68 0.550 0.191 0.2423 0.2040 1.1350 0.2384 1.604401 -0.673102 12.50 
8.219 2 1 1 0 2.51 1.61 0.447 0.197 0.2186 0.2136 1.1349 0.2431 1.601784 -0.673598 12.50 
8.239 2 1 1 0 2.04 1.42 0.486 0.167 0.2565 0.2306 1.1347 0.2478 1.599167 -0.673608 12.51 
8.259 2 1 1 0 2.48 1.41 0.483 0.200 0.2178 0.2329 1.1346 0.2524 1.601784 -0.673533 12.50 
8.279 2 1 1 0 2.13 1.20 0.415 0.197 0.2465 0.2507 1.1345 0.2571 1.599167 -0.673030 12.48 
8.299 2 1 1 0 2.34 1.20 0.449 0.188 0.2288 0.2512 1.1343 0.2620 1.599167 -0.672438 12.50 
8.319 2 1 1 0 2.21 1.39 0.444 0.156 0.2401 0.2349 1.1342 0.2668 1.599167 -0.673201 12.50 
8.339 2 1 1 0 2.15 1.10 0.453 0.163 0.2454 0.2589 1.1341 0.2717 1.599167 -0.673206 12.49 
8.359 2 1 1 0 2.18 1.10 0.446 0.175 0.2414 0.2597 1.1339 0.2766 1.599167 -0.673875 12.49 
8.379 2 1 1 0 2.25 1.30 0.385 0.179 0.2331 0.2456 1.1338 0.2816 1.596549 -0.673828 12.51 
8.399 2 1 1 0 1.83 1.38 0.441 0.188 0.2675 0.2402 1.1337 0.2863 1.593932 -0.673625 12.51 
8.419 2 1 1 0 2.22 1.14 0.436 0.171 0.2359 0.2589 1.1335 0.2914 1.596549 -0.673552 12.51 
8.439 2 1 1 0 1.99 1.18 0.359 0.177 0.2518 0.2587 1.1334 0.2962 1.596549 -0.672742 12.51 
8.459 2 1 1 0 2.10 1.48 0.420 0.191 0.2420 0.2342 1.1333 0.3009 1.593932 -0.672353 12.50 
8.479 2 1 1 0 1.96 1.44 0.383 0.154 0.2536 0.2383 1.1332 0.3060 1.591315 -0.671850 12.50 
8.499 2 1 1 0 1.78 1.47 0.365 0.175 0.2662 0.2375 1.1331 0.3108 1.591315 -0.671441 12.50 
8.519 2 1 1 0 2.30 1.48 0.392 0.143 0.2224 0.2380 1.1330 0.3157 1.591315 -0.671002 12.50 
8.539 2 1 1 0 2.19 1.47 0.362 0.154 0.2309 0.2392 1.1329 0.3208 1.588697 -0.670681 12.50 
8.559 2 1 1 0 1.81 1.47 0.405 0.163 0.2623 0.2393 1.1328 0.3256 1.588697 -0.669588 12.52 
8.579 2 1 1 0 2.02 1.51 0.406 0.161 0.2446 0.2354 1.1327 0.3305 1.588697 -0.669025 12.50 
8.599 2 1 1 0 1.92 1.43 0.329 0.154 0.2507 0.2455 1.1326 0.3354 1.588697 -0.668198 12.50 
8.619 2 1 1 0 1.74 1.67 0.373 0.162 0.2651 0.2261 1.1325 0.3404 1.586080 -0.667540 12.52 
8.639 2 1 1 0 2.18 1.64 0.390 0.207 0.2259 0.2313 1.1324 0.3453 1.586080 -0.666982 12.51 
8.659 2 1 1 0 2.02 1.53 0.335 0.151 0.2392 0.2400 1.1324 0.3502 1.586080 -0.666983 12.50 
8.679 2 1 1 0 1.68 1.65 0.408 0.180 0.2670 0.2313 1.1323 0.3548 1.583463 -0.666424 12.50 
8.699 2 1 1 0 2.05 1.48 0.374 0.175 0.2328 0.2480 1.1322 0.3597 1.583463 -0.665871 12.51 
8.719 2 1 1 0 1.84 1.37 0.373 0.167 0.2501 0.2568 1.1322 0.3646 1.583463 -0.664843 12.51 
8.739 2 1 1 0 2.09 1.75 0.410 0.169 0.2324 0.2229 1.1321 0.3692 1.586080 -0.664440 12.50 
8.759 2 1 1 0 1.99 1.48 0.370 0.158 0.2415 0.2441 1.1320 0.3741 1.586080 -0.664312 12.52 
8.779 2 1 1 0 1.99 1.43 0.408 0.210 0.2414 0.2484 1.1320 0.3790 1.586080 -0.664829 12.51 
8.799 2 1 1 0 2.06 1.53 0.409 0.183 0.2354 0.2400 1.1319 0.3838 1.586080 -0.664736 12.51 
8.819 2 1 1 0 1.87 1.26 0.436 0.200 0.2541 0.2605 1.1318 0.3885 1.588697 -0.664427 12.51 
8.839 2 1 1 0 2.41 1.52 0.414 0.146 0.2099 0.2377 1.1317 0.3934 1.588697 -0.665143 12.51 
8.859 2 1 1 0 2.10 1.29 0.423 0.181 0.2390 0.2537 1.1316 0.3980 1.591315 -0.664670 12.49 
8.879 2 1 1 0 1.96 1.33 0.454 0.180 0.2525 0.2478 1.1315 0.4031 1.593932 -0.663792 12.52 
8.899 2 1 1 0 2.35 1.57 0.435 0.194 0.2216 0.2270 1.1314 0.4080 1.593932 -0.663409 12.51 
8.919 2 1 1 0 1.89 1.40 0.417 0.190 0.2585 0.2424 1.1313 0.4126 1.591315 -0.662303 12.51 
8.939 2 1 1 0 2.25 1.38 0.432 0.185 0.2262 0.2457 1.1312 0.4175 1.591315 -0.662789 12.51 
8.959 2 1 1 0 1.99 1.41 0.384 0.171 0.2482 0.2438 1.1311 0.4224 1.591315 -0.662822 12.50 
8.979 2 1 1 0 1.95 1.35 0.450 0.196 0.2513 0.2481 1.1310 0.4272 1.591315 -0.662886 12.49 
8.999 2 1 1 0 2.21 1.54 0.408 0.169 0.2296 0.2329 1.1309 0.4321 1.591315 -0.663384 12.51 
9.019 2 1 1 0 2.12 1.44 0.397 0.182 0.2377 0.2412 1.1308 0.4370 1.591315 -0.662873 12.49 
9.039 2 1 1 0 2.12 1.21 0.430 0.160 0.2382 0.2595 1.1307 0.4416 1.593932 -0.662811 12.50 
9.059 2 1 1 0 2.21 1.51 0.392 0.184 0.2301 0.2349 1.1306 0.4467 1.591315 -0.662636 12.50 
9.079 2 1 1 0 1.83 1.53 0.389 0.175 0.2605 0.2337 1.1305 0.4514 1.588697 -0.662251 12.50 
9.099 2 1 1 0 2.18 1.50 0.392 0.158 0.2309 0.2377 1.1304 0.4562 1.588697 -0.663047 12.51 
9.119 2 1 1 0 1.97 1.61 0.374 0.151 0.2462 0.2297 1.1303 0.4611 1.588697 -0.663198 12.51 
9.139 2 1 1 0 1.94 1.43 0.426 0.158 0.2487 0.2456 1.1302 0.4660 1.588697 -0.663167 12.49 
9.159 2 1 1 0 2.12 1.56 0.387 0.182 0.2336 0.2340 1.1301 0.4708 1.588697 -0.663231 12.48 
9.179 2 1 1 0 1.98 1.49 0.335 0.193 0.2454 0.2400 1.1300 0.4757 1.588697 -0.663146 12.50 
9.199 2 1 1 0 1.98 1.57 0.409 0.171 0.2459 0.2331 1.1300 0.4806 1.588697 -0.662798 12.50 
9.219 2 1 1 0 2.19 1.45 0.368 0.178 0.2280 0.2434 1.1299 0.4854 1.588697 -0.662588 12.50 
9.239 2 1 1 0 1.85 1.60 0.398 0.168 0.2565 0.2310 1.1298 0.4903 1.588697 -0.662316 12.50 
9.259 2 1 1 0 2.19 1.42 0.383 0.129 0.2257 0.2483 1.1297 0.4950 1.586080 -0.662396 12.50 
9.279 2 1 1 0 1.92 1.51 0.372 0.174 0.2476 0.2415 1.1296 0.5000 1.588697 -0.662071 12.51 
9.299 2 1 1 0 1.96 1.48 0.417 0.193 0.2469 0.2413 1.1295 0.5049 1.588697 -0.661931 12.50 
9.319 2 1 1 0 2.13 1.53 0.397 0.169 0.2332 0.2366 1.1295 0.5098 1.588697 -0.661561 12.50 
9.339 2 1 1 0 2.05 1.43 0.369 0.181 0.2400 0.2451 1.1294 0.5146 1.588697 -0.661120 12.52 
9.359 2 1 1 0 1.94 1.75 0.420 0.208 0.2482 0.2195 1.1293 0.5193 1.586080 -0.660835 12.50 
9.379 2 1 1 0 2.10 1.41 0.353 0.196 0.2327 0.2495 1.1292 0.5244 1.588697 -0.660986 12.50 
9.399 2 1 1 0 1.73 1.42 0.364 0.200 0.2630 0.2494 1.1292 0.5290 1.586080 -0.660496 12.51 
9.419 2 1 1 0 2.15 1.62 0.381 0.212 0.2284 0.2324 1.1291 0.5339 1.586080 -0.660468 12.50 
9.439 2 1 1 0 1.81 1.64 0.386 0.180 0.2533 0.2342 1.1290 0.5388 1.586080 -0.660515 12.52 
9.459 2 1 1 0 1.88 1.65 0.408 0.184 0.2470 0.2337 1.1290 0.5434 1.583463 -0.660198 12.51 
9.479 2 1 1 0 2.03 1.78 0.381 0.136 0.2343 0.2223 1.1289 0.5483 1.583463 -0.659101 12.50 
9.499 2 1 1 0 1.93 1.46 0.344 0.124 0.2419 0.2505 1.1288 0.5532 1.583463 -0.658323 12.50 
9.519 2 1 1 0 2.04 1.79 0.400 0.198 0.2336 0.2216 1.1288 0.5581 1.583463 -0.658123 12.49 
9.539 2 1 1 0 2.10 1.64 0.373 0.193 0.2278 0.2351 1.1287 0.5627 1.580845 -0.658736 12.51 
9.559 2 1 1 0 1.84 1.34 0.422 0.213 0.2505 0.2591 1.1287 0.5674 1.583463 -0.658772 12.51 
9.579 2 1 1 0 2.31 1.59 0.408 0.181 0.2115 0.2379 1.1286 0.5722 1.583463 -0.659062 12.50 
9.599 2 1 1 0 2.03 1.48 0.408 0.185 0.2385 0.2436 1.1285 0.5771 1.588697 -0.659349 12.50 
9.619 2 1 1 0 2.23 1.49 0.480 0.166 0.2250 0.2392 1.1284 0.5818 1.591315 -0.659838 12.51 
9.639 2 1 1 0 2.02 1.51 0.415 0.184 0.2458 0.2356 1.1283 0.5866 1.591315 -0.659917 12.51 
9.659 2 1 1 0 1.81 1.37 0.444 0.188 0.2621 0.2472 1.1282 0.5913 1.588697 -0.659545 12.50 
9.679 2 1 1 0 2.36 1.61 0.445 0.201 0.2182 0.2263 1.1281 0.5962 1.593932 -0.659527 12.51 
9.699 2 1 1 0 1.94 1.33 0.433 0.184 0.2519 0.2499 1.1281 0.6008 1.591315 -0.659327 12.50 
9.719 2 1 1 0 2.27 1.42 0.481 0.148 0.2250 0.2425 1.1279 0.6057 1.591315 -0.659532 12.49 
9.739 2 1 1 0 2.12 1.40 0.424 0.190 0.2387 0.2428 1.1278 0.6106 1.591315 -0.659493 12.50 
9.759 2 1 1 0 2.15 1.13 0.472 0.192 0.2386 0.2630 1.1277 0.6152 1.593932 -0.659870 12.50 
9.779 2 1 1 0 2.29 1.31 0.429 0.178 0.2263 0.2486 1.1276 0.6201 1.593932 -0.661001 12.50 
9.799 2 1 1 0 1.81 1.40 0.406 0.187 0.2665 0.2409 1.1275 0.6250 1.593932 -0.660791 12.50 
9.819 2 1 1 0 1.96 1.38 0.430 0.180 0.2542 0.2422 1.1274 0.6298 1.593932 -0.660834 12.51 
9.839 2 1 1 0 2.04 1.02 0.396 0.195 0.2460 0.2735 1.1273 0.6347 1.593932 -0.661118 12.50 
9.859 2 1 1 0 1.98 1.46 0.425 0.172 0.2499 0.2382 1.1272 0.6394 1.591315 -0.661521 12.50 
9.879 2 1 1 0 1.99 1.47 0.418 0.172 0.2479 0.2388 1.1271 0.6442 1.591315 -0.661954 12.49 
9.899 2 1 1 0 1.74 1.41 0.385 0.177 0.2690 0.2437 1.1270 0.6491 1.591315 -0.662141 12.51 
9.919 2 1 1 0 2.07 1.34 0.440 0.199 0.2415 0.2495 1.1269 0.6540 1.591315 -0.662701 12.51 
9.939 2 1 1 0 2.22 1.24 0.384 0.156 0.2295 0.2572 1.1268 0.6590 1.593932 -0.663257 12.51 
9.959 2 1 1 0 1.69 1.23 0.409 0.162 0.2769 0.2553 1.1267 0.6639 1.593932 -0.663132 12.51 
9.979 2 1 1 0 1.88 1.34 0.432 0.160 0.2611 0.2462 1.1266 0.6688 1.593932 -0.663551 12.49 
9.999 2 1 1 0 2.17 1.27 0.389 0.153 0.2365 0.2514 1.1264 0.6740 1.593932 -0.663458 12.48 
10.019 2 1 1 0 1.89 1.32 0.431 0.124 0.2603 0.2472 1.1263 0.6789 1.593932 -0.663232 12.50 
10.039 2 1 1 0 2.17 1.13 0.396 0.165 0.2377 0.2622 1.1262 0.6840 1.596549 -0.663625 12.51 
10.059 2 1 1 0 1.85 1.14 0.357 0.117 0.2645 0.2610 1.1261 0.6891 1.593932 -0.663523 12.51 
10.079 2 1 1 0 1.95 1.45 0.403 0.165 0.2546 0.2371 1.1260 0.6939 1.593932 -0.663428 12.50 
10.099 2 1 1 0 2.04 1.41 0.384 0.141 0.2477 0.2404 1.1258 0.6988 1.593932 -0.663493 12.49 
10.119 2 1 1 0 1.90 1.46 0.339 0.137 0.2586 0.2370 1.1257 0.7041 1.593932 -0.662745 12.50 
10.139 2 1 1 0 1.84 1.21 0.357 0.185 0.2602 0.2604 1.1256 0.7091 1.591315 -0.662475 12.50 
10.159 2 1 1 0 2.07 1.46 0.346 0.150 0.2417 0.2397 1.1255 0.7140 1.591315 -0.661693 12.49 
10.179 2 1 1 0 1.77 1.45 0.342 0.142 0.2651 0.2418 1.1254 0.7191 1.588697 -0.661214 12.51 
10.199 2 1 1 0 1.77 1.36 0.365 0.176 0.2633 0.2512 1.1253 0.7239 1.588697 -0.661409 12.51 
10.219 2 1 1 0 1.97 1.54 0.321 0.167 0.2467 0.2360 1.1252 0.7292 1.588697 -0.661344 12.52 
10.240 2 1 1 0 1.59 1.33 0.346 0.134 0.2780 0.2533 1.1252 0.7341 1.588697 -0.660754 12.52 
10.260 2 1 1 0 1.97 1.40 0.393 0.187 0.2465 0.2478 1.1251 0.7389 1.588697 -0.660677 12.49 
10.280 2 1 1 0 1.90 1.47 0.330 0.157 0.2491 0.2456 1.1250 0.7440 1.586080 -0.659943 12.50 
10.300 2 1 1 0 1.87 1.38 0.367 0.180 0.2513 0.2531 1.1249 0.7489 1.586080 -0.659620 12.50 
10.320 2 1 1 0 2.03 1.42 0.409 0.151 0.2408 0.2470 1.1248 0.7537 1.586080 -0.659602 12.50 
10.340 2 1 1 0 1.99 1.39 0.362 0.173 0.2449 0.2484 1.1247 0.7588 1.588697 -0.659476 12.50 
10.360 2 1 1 0 2.29 1.33 0.415 0.184 0.2202 0.2531 1.1247 0.7635 1.591315 -0.658681 12.50 
10.380 2 1 1 0 2.20 1.66 0.400 0.148 0.2301 0.2228 1.1246 0.7683 1.591315 -0.658957 12.51 
10.400 2 1 1 0 1.79 1.29 0.490 0.149 0.2664 0.2518 1.1245 0.7732 1.591315 -0.658424 12.50 
10.420 2 1 1 0 2.43 1.19 0.480 0.184 0.2158 0.2576 1.1243 0.7781 1.596549 -0.658814 12.51 
10.440 2 1 1 0 2.10 1.15 0.437 0.172 0.2426 0.2607 1.1242 0.7829 1.596549 -0.658431 12.49 
10.460 2 1 1 0 2.29 1.35 0.486 0.165 0.2287 0.2428 1.1241 0.7876 1.593932 -0.658432 12.51 
10.480 2 1 1 0 2.27 1.48 0.450 0.184 0.2306 0.2314 1.1240 0.7925 1.593932 -0.658103 12.51 
10.500 2 1 1 0 2.26 1.43 0.459 0.203 0.2327 0.2348 1.1239 0.7971 1.596549 -0.657470 12.51 
10.520 2 1 1 0 2.22 1.35 0.475 0.191 0.2361 0.2420 1.1237 0.8020 1.596549 -0.658306 12.50 
10.540 2 1 1 0 2.08 1.47 0.378 0.181 0.2469 0.2315 1.1236 0.8069 1.596549 -0.658586 12.50 
10.560 2 1 1 0 2.02 1.47 0.476 0.171 0.2527 0.2314 1.1235 0.8117 1.596549 -0.659170 12.50 
10.580 2 1 1 0 2.33 1.47 0.456 0.191 0.2267 0.2315 1.1234 0.8166 1.596549 -0.658919 12.49 
10.600 2 1 1 0 2.01 1.35 0.418 0.187 0.2520 0.2427 1.1233 0.8213 1.593932 -0.658218 12.50 
10.620 2 1 1 0 2.25 1.43 0.414 0.198 0.2294 0.2381 1.1231 0.8261 1.593932 -0.658326 12.49 
10.640 2 1 1 0 2.17 1.17 0.393 0.209 0.2362 0.2603 1.1230 0.8310 1.593932 -0.658214 12.49 
10.660 2 1 1 0 2.12 1.39 0.457 0.182 0.2408 0.2419 1.1229 0.8359 1.593932 -0.658449 12.50 
10.680 2 1 1 0 2.19 1.48 0.437 0.162 0.2346 0.2343 1.1228 0.8407 1.593932 -0.658568 12.51 
10.700 2 1 1 0 2.13 1.31 0.388 0.177 0.2399 0.2484 1.1227 0.8456 1.593932 -0.658562 12.50 
10.720 2 1 1 0 2.17 1.26 0.465 0.173 0.2364 0.2529 1.1226 0.8505 1.593932 -0.658416 12.51 
10.740 2 1 1 0 2.34 1.43 0.418 0.175 0.2220 0.2383 1.1225 0.8553 1.593932 -0.658526 12.50 
10.760 2 1 1 0 1.90 1.43 0.427 0.146 0.2587 0.2384 1.1224 0.8602 1.593932 -0.657941 12.50 
10.780 2 1 1 0 2.28 1.45 0.428 0.179 0.2276 0.2370 1.1222 0.8651 1.593932 -0.657894 12.50 
10.800 2 1 1 0 2.06 1.16 0.386 0.178 0.2456 0.2610 1.1221 0.8699 1.593932 -0.657465 12.50 
10.820 2 1 1 0 2.14 1.40 0.398 0.192 0.2389 0.2412 1.1220 0.8748 1.593932 -0.657666 12.50 
10.840 2 1 1 0 2.16 1.48 0.368 0.169 0.2345 0.2369 1.1219 0.8799 1.591315 -0.657685 12.50 
10.860 2 1 1 0 2.03 1.26 0.347 0.168 0.2447 0.2558 1.1218 0.8847 1.591315 -0.657213 12.50 
10.880 2 1 1 0 1.87 1.24 0.427 0.159 0.2595 0.2561 1.1217 0.8896 1.591315 -0.656875 12.49 
10.900 2 1 1 0 2.12 1.45 0.382 0.173 0.2368 0.2403 1.1216 0.8945 1.591315 -0.656275 12.50 
10.920 2 1 1 0 1.79 1.43 0.345 0.160 0.2650 0.2420 1.1215 0.8993 1.591315 -0.655720 12.51 
10.940 2 1 1 0 1.93 1.53 0.355 0.201 0.2523 0.2344 1.1214 0.9044 1.588697 -0.655336 12.49 
10.960 2 1 1 0 1.87 1.22 0.341 0.164 0.2545 0.2625 1.1213 0.9093 1.588697 -0.655141 12.50 
10.980 2 1 2 0 1.71 1.43 0.366 0.196 0.2619 0.2483 1.1212 0.9141 1.588697 -0.655101 12.51 
11.000 2 1 2 0 2.15 1.71 0.360 0.149 0.2123 0.2252 1.1211 0.9190 1.588697 -0.654892 12.50 
11.020 2 1 2 0 1.73 1.39 0.296 0.125 0.2341 0.2519 1.1211 0.9239 1.588697 -0.654383 12.51 
11.040 2 1 2 0 1.51 1.29 0.340 0.153 0.2395 0.2605 1.1210 0.9285 1.591315 -0.653522 12.51 
11.060 2 1 2 0 1.66 1.62 0.274 0.091 0.2139 0.2329 1.1209 0.9334 1.591315 -0.652612 12.52 
11.080 2 1 2 0 1.34 1.37 0.272 0.139 0.2281 0.2536 1.1208 0.9379 1.596549 -0.651769 12.51 
11.100 2 1 2 0 1.54 1.55 0.250 0.153 0.1980 0.2383 1.1206 0.9425 1.599167 -0.651533 12.52 
11.120 2 1 2 0 1.41 1.27 0.243 0.114 0.1961 0.2622 1.1205 0.9470 1.604401 -0.650916 12.52 
11.140 2 1 2 0 1.74 1.46 0.249 0.142 0.1555 0.2461 1.1203 0.9515 1.614871 -0.651257 12.52 
11.160 2 1 2 0 1.24 1.63 0.270 0.144 0.1849 0.2322 1.1201 0.9557 1.622723 -0.651117 12.52 
11.180 2 1 2 0 1.34 1.41 0.265 0.138 0.1634 0.2505 1.1199 0.9598 1.633192 -0.650829 12.52 
11.200 2 1 2 0 1.26 1.43 0.276 0.176 0.1571 0.2485 1.1196 0.9638 1.643662 -0.650199 12.51 
11.220 2 1 2 0 1.11 1.31 0.236 0.149 0.1567 0.2585 1.1193 0.9681 1.656749 -0.649779 12.52 
11.240 2 1 2 0 1.23 1.14 0.248 0.174 0.1339 0.2730 1.1189 0.9719 1.669835 -0.649597 12.51 
11.260 2 1 2 0 1.06 1.39 0.182 0.122 0.1347 0.2517 1.1185 0.9759 1.680305 -0.649284 12.52 
11.280 2 1 2 0 0.91 1.43 0.160 0.149 0.1347 0.2485 1.1181 0.9796 1.696009 -0.649118 12.52 
11.300 2 1 2 0 0.97 1.29 0.175 0.162 0.1165 0.2601 1.1176 0.9832 1.711713 -0.648528 12.51 
11.320 2 1 2 0 0.67 1.40 0.126 0.125 0.1285 0.2511 1.1170 0.9870 1.724800 -0.647909 12.50 
11.340 2 1 2 0 0.72 1.42 0.106 0.167 0.1116 0.2491 1.1165 0.9904 1.743122 -0.647723 12.51 
11.360 2 1 2 0 0.70 1.57 0.122 0.125 0.1000 0.2368 1.1158 0.9940 1.758826 -0.648106 12.52 
11.380 2 1 2 0 0.42 1.45 0.116 0.124 0.1104 0.2467 1.1152 0.9972 1.779765 -0.647722 12.49 
11.400 2 1 2 0 0.72 1.32 0.090 0.138 0.0730 0.2575 1.1144 1.0005 1.798086 -0.647711 12.50 
11.420 2 1 2 0 0.31 1.51 0.046 0.114 0.0940 0.2416 1.1137 1.0037 1.819025 -0.647573 12.53 
11.440 2 1 2 0 0.56 1.64 0.113 0.178 0.0606 0.2308 1.1129 1.0066 1.837346 -0.648193 12.49 
11.460 2 1 2 0 0.27 1.58 0.080 0.163 0.0717 0.2358 1.1121 1.0096 1.860903 -0.648441 12.52 
11.480 2 1 2 0 0.09 1.69 -0.002 0.122 0.0734 0.2267 1.1112 1.0123 1.881842 -0.648385 12.52 
11.500 2 1 2 0 0.55 1.69 0.093 0.102 0.0228 0.2268 1.1104 1.0148 1.905398 -0.648779 12.48 
11.520 2 1 2 0 -0.09 1.64 0.047 0.179 0.0631 0.2309 1.1094 1.0174 1.931571 -0.648441 12.52 
11.540 2 1 2 0 0.09 1.58 -0.019 0.181 0.0350 0.2359 1.1085 1.0199 1.955128 -0.648636 12.52 
11.560 2 1 2 0 -0.21 1.85 -0.036 0.186 0.0474 0.2131 1.1075 1.0223 1.978684 -0.649038 12.52 
11.580 2 1 2 0 -0.08 1.57 -0.011 0.242 0.0235 0.2370 1.1064 1.0247 2.007475 -0.648028 12.52 
11.600 2 1 2 0 -0.26 1.39 -0.036 0.165 0.0255 0.2523 1.1053 1.0269 2.033648 -0.648236 12.51 
11.620 2 1 2 0 -0.26 1.90 -0.060 0.081 0.0123 0.2097 1.1043 1.0289 2.062439 -0.647029 12.50 
11.640 2 1 2 0 -0.36 1.66 -0.064 0.210 0.0076 0.2298 1.1032 1.0309 2.091230 -0.648392 12.50 
11.660 2 1 2 0 -0.49 1.79 -0.101 0.388 0.0056 0.2182 1.1021 1.0328 2.120021 -0.649269 12.52 
11.680 2 1 2 0 -0.52 1.63 -0.136 0.298 -0.0046 0.2321 1.1010 1.0345 2.151429 -0.649499 12.51 
11.700 2 1 2 0 -0.67 1.85 -0.156 0.375 -0.0046 0.2138 1.0997 1.0363 2.180220 -0.649989 12.50 
11.720 2 1 2 0 -0.83 2.25 -0.170 0.435 -0.0046 0.1805 1.0986 1.0380 2.206394 -0.650002 12.51 
11.740 2 1 2 0 -0.98 1.95 -0.224 0.512 -0.0046 0.2051 1.0973 1.0396 2.232568 -0.650567 12.51 
11.760 2 1 2 0 -1.12 1.84 -0.278 0.499 -0.0061 0.2140 1.0962 1.0410 2.261358 -0.651187 12.51 
11.780 2 1 2 0 -1.28 1.94 -0.346 0.537 -0.0061 0.2061 1.0949 1.0426 2.287532 -0.651226 12.52 
11.800 2 1 2 0 -1.39 2.14 -0.367 0.549 -0.0100 0.1897 1.0938 1.0438 2.313706 -0.652042 12.49 
11.820 2 1 2 0 -1.54 2.15 -0.416 0.564 -0.0100 0.1889 1.0924 1.0452 2.339879 -0.652210 12.48 
11.840 2 1 2 0 -1.70 2.23 -0.440 0.534 -0.0093 0.1816 1.0912 1.0464 2.366053 -0.652275 12.50 
11.860 2 1 2 0 -1.64 1.95 -0.430 0.505 -0.0275 0.2054 1.0901 1.0475 2.397461 -0.651439 12.51 
11.880 2 1 2 0 -1.47 2.29 -0.366 0.487 -0.0543 0.1770 1.0889 1.0486 2.428869 -0.650646 12.49 
11.900 2 1 2 0 -1.60 2.39 -0.404 0.482 -0.0563 0.1687 1.0879 1.0494 2.460278 -0.650593 12.50 
11.920 2 1 2 0 -1.50 2.18 -0.422 0.501 -0.0778 0.1860 1.0868 1.0503 2.494303 -0.651884 12.51 
11.940 2 1 2 0 -1.79 1.67 -0.426 0.537 -0.0664 0.2285 1.0857 1.0511 2.528329 -0.651283 12.49 
11.960 2 1 2 0 -1.89 1.51 -0.415 0.466 -0.0709 0.2418 1.0847 1.0518 2.564972 -0.650624 12.49 
11.980 2 1 2 0 -1.72 1.89 -0.415 0.398 -0.0985 0.2102 1.0836 1.0524 2.606850 -0.649924 12.51 
