%% logfile from robot Freja (4)
% Freja (4)
%  1    time 0.021 sec
%  2  3 Wheel velocity [m/s] left, right: 0.4871 0.4185
%  4  5  6  7 Pose x,y,h,tilt [m,m,rad,rad]: 0.00709941 -6.10527e-06 -0.0026173 0.417936
14.1 1
0.021 0.4871 0.4185 0.0071 -0.0000 -0.002617 0.417936 
0.050 0.6791 0.7114 0.0235 -0.0001 -0.005235 0.332142 
0.079 0.8162 0.8006 0.0465 -0.0002 -0.002617 0.175480 
0.108 0.6515 0.7054 0.0688 -0.0002 0.002617 -0.003707 
0.137 0.3739 0.4067 0.0842 -0.0001 0.007852 -0.130833 
0.166 0.2007 0.1757 0.0923 0.0000 0.013086 -0.169874 
0.195 0.0671 0.0548 0.0953 0.0001 0.010469 -0.157251 
0.224 0.0135 0.0180 0.0955 0.0001 0.013086 -0.128807 
0.253 -0.0446 -0.0098 0.0949 0.0001 0.015704 -0.101255 
0.282 -0.0850 -0.0678 0.0933 0.0000 0.010469 -0.072844 
0.311 -0.0675 -0.0819 0.0913 0.0000 0.010469 -0.043423 
0.340 -0.0310 -0.0520 0.0899 0.0000 0.002617 -0.018893 
0.369 -0.0426 -0.0138 0.0892 0.0000 0.010469 -0.003573 
0.398 -0.0113 -0.0069 0.0892 0.0000 0.010469 0.002016 
0.427 -0.0062 -0.0046 0.0892 0.0000 0.010469 0.003802 
0.456 0.0529 0.0035 0.0899 0.0000 0.007852 0.005903 
0.485 0.0325 0.0204 0.0907 0.0000 0.002617 0.003315 
0.514 0.0167 0.0411 0.0915 0.0000 0.007852 -0.007353 
0.543 0.0115 0.0277 0.0923 0.0000 0.013086 -0.017841 
0.572 0.0085 0.0129 0.0923 0.0000 0.013086 -0.022661 
0.601 0.0053 0.0067 0.0923 0.0000 0.013086 -0.024231 
0.630 -0.0049 -0.0046 0.0919 0.0000 0.013086 -0.029067 
0.659 -0.0257 -0.0237 0.0911 0.0000 0.013086 -0.032360 
0.688 -0.0647 -0.0700 0.0892 -0.0000 0.010469 -0.026370 
0.717 -0.0669 -0.0866 0.0870 -0.0000 0.007852 -0.017639 
0.746 -0.0643 -0.0771 0.0846 -0.0001 0.013086 -0.010353 
0.775 -0.0992 -0.0725 0.0821 -0.0001 0.013086 -0.004418 
0.804 -0.1005 -0.0704 0.0801 -0.0001 0.013086 -0.000434 
0.833 -0.0491 -0.0637 0.0783 -0.0001 0.015704 0.000267 
0.862 -0.0743 -0.0769 0.0759 -0.0002 0.015704 0.000031 
0.891 -0.0895 -0.0723 0.0738 -0.0002 0.015704 -0.000413 
0.920 -0.0601 -0.0802 0.0716 -0.0003 0.018321 0.000453 
0.949 -0.0783 -0.0811 0.0692 -0.0003 0.018321 0.000605 
0.978 -0.0833 -0.0854 0.0667 -0.0003 0.018321 0.000676 
1.007 -0.0758 -0.0875 0.0645 -0.0004 0.015704 0.001008 
1.036 -0.0786 -0.0807 0.0619 -0.0004 0.018321 0.001543 
1.065 -0.0909 -0.0979 0.0592 -0.0005 0.015704 0.002528 
1.094 -0.0864 -0.0941 0.0568 -0.0005 0.015704 0.003003 
1.123 -0.1076 -0.0840 0.0540 -0.0005 0.015704 0.003322 
1.152 -0.1096 -0.1001 0.0511 -0.0006 0.015704 0.004299 
1.181 -0.0927 -0.1042 0.0483 -0.0006 0.015704 0.006156 
1.210 -0.0817 -0.0934 0.0454 -0.0007 0.015704 0.007236 
1.239 -0.0654 -0.0920 0.0426 -0.0007 0.015704 0.007992 
1.268 -0.0963 -0.0956 0.0398 -0.0008 0.015704 0.008403 
1.297 -0.1031 -0.1053 0.0367 -0.0008 0.018321 0.008274 
1.326 -0.1130 -0.0984 0.0339 -0.0009 0.018321 0.009546 
1.355 -0.1088 -0.0908 0.0310 -0.0009 0.018321 0.010148 
1.384 -0.1010 -0.0939 0.0280 -0.0010 0.020938 0.011125 
1.413 -0.1004 -0.0984 0.0252 -0.0010 0.020938 0.011530 
1.442 -0.1089 -0.0981 0.0223 -0.0011 0.020938 0.012878 
1.471 -0.0988 -0.0923 0.0195 -0.0012 0.020938 0.014201 
1.500 -0.0811 -0.0965 0.0168 -0.0012 0.023556 0.014641 
1.529 -0.0716 -0.1013 0.0142 -0.0013 0.020938 0.014271 
1.558 -0.0850 -0.0893 0.0114 -0.0013 0.020938 0.013641 
1.587 -0.1082 -0.0965 0.0089 -0.0014 0.020938 0.013578 
1.616 -0.0967 -0.0854 0.0061 -0.0014 0.020938 0.014062 
1.645 -0.0763 -0.0953 0.0037 -0.0015 0.020938 0.015024 
1.674 -0.0850 -0.1007 0.0010 -0.0015 0.018321 0.015032 
1.703 -0.0959 -0.0744 -0.0016 -0.0016 0.020938 0.013831 
1.732 -0.0975 -0.1082 -0.0038 -0.0016 0.018321 0.013824 
1.761 -0.0614 -0.0857 -0.0063 -0.0017 0.018321 0.015352 
1.790 -0.0878 -0.0817 -0.0087 -0.0017 0.018321 0.015558 
1.819 -0.0946 -0.0769 -0.0109 -0.0018 0.015704 0.015918 
1.848 -0.0471 -0.0784 -0.0130 -0.0018 0.010469 0.016578 
1.877 -0.0890 -0.0690 -0.0152 -0.0018 0.013086 0.015059 
1.906 -0.0989 -0.0679 -0.0172 -0.0018 0.013086 0.013321 
1.935 -0.0587 -0.0698 -0.0193 -0.0019 0.013086 0.014304 
1.964 -0.0621 -0.0639 -0.0213 -0.0019 0.013086 0.013584 
1.993 -0.0556 -0.0764 -0.0233 -0.0019 0.007852 0.013515 
2.022 -0.0795 -0.0811 -0.0255 -0.0019 0.010469 0.013620 
2.051 -0.1007 -0.0675 -0.0276 -0.0020 0.010469 0.013259 
2.080 -0.0533 -0.0848 -0.0294 -0.0020 0.007852 0.014260 
2.109 -0.0638 -0.0696 -0.0314 -0.0020 0.013086 0.014023 
2.138 -0.0642 -0.0616 -0.0330 -0.0020 0.013086 0.013347 
2.167 -0.0666 -0.0567 -0.0351 -0.0020 0.013086 0.014585 
2.196 -0.0673 -0.0585 -0.0371 -0.0021 0.013086 0.014800 
2.225 -0.0345 -0.0597 -0.0387 -0.0021 0.013086 0.015329 
2.254 -0.0741 -0.0581 -0.0408 -0.0021 0.013086 0.013534 
2.283 -0.0568 -0.0740 -0.0424 -0.0021 0.013086 0.012890 
2.312 -0.0654 -0.0566 -0.0440 -0.0022 0.013086 0.013713 
2.341 -0.0422 -0.0667 -0.0454 -0.0022 0.010469 0.014696 
2.370 -0.0549 -0.0544 -0.0470 -0.0022 0.010469 0.014058 
2.399 -0.0334 -0.0491 -0.0485 -0.0022 0.007852 0.014319 
2.428 -0.0764 -0.0399 -0.0497 -0.0022 0.007852 0.013569 
2.457 -0.0540 -0.0434 -0.0511 -0.0022 0.010469 0.012394 
2.486 -0.0251 -0.0456 -0.0523 -0.0022 0.005235 0.013975 
2.515 -0.0456 -0.0415 -0.0535 -0.0023 0.005235 0.013205 
2.544 -0.0338 -0.0420 -0.0543 -0.0023 0.005235 0.013705 
2.573 -0.0375 -0.0378 -0.0556 -0.0023 0.005235 0.013827 
2.602 -0.0340 -0.0276 -0.0564 -0.0023 0.005235 0.011501 
2.631 -0.0332 -0.0266 -0.0572 -0.0023 0.005235 0.011974 
2.660 -0.0331 -0.0310 -0.0582 -0.0023 0.007852 0.013287 
2.689 -0.0140 -0.0229 -0.0586 -0.0023 0.002617 0.010461 
2.718 -0.0088 -0.0248 -0.0592 -0.0023 0.000000 0.007295 
2.747 -0.0303 -0.0261 -0.0600 -0.0023 0.000000 0.008871 
2.776 -0.0323 -0.0275 -0.0606 -0.0023 0.002617 0.010436 
2.805 -0.0264 -0.0214 -0.0614 -0.0023 0.002617 0.011248 
2.834 -0.0148 -0.0142 -0.0618 -0.0023 0.002617 0.008500 
2.863 -0.0072 -0.0161 -0.0621 -0.0023 0.000000 0.005963 
2.892 -0.0060 -0.0267 -0.0627 -0.0023 -0.002617 0.006460 
2.921 -0.0250 -0.0292 -0.0635 -0.0023 -0.002617 0.009502 
2.950 -0.0246 -0.0178 -0.0641 -0.0023 0.000000 0.011258 
2.979 -0.0161 -0.0089 -0.0643 -0.0023 0.002617 0.010804 
3.008 -0.0140 -0.0073 -0.0647 -0.0023 0.002617 0.010121 
3.037 -0.0117 -0.0073 -0.0647 -0.0023 0.002617 0.007823 
3.066 -0.0064 -0.0053 -0.0647 -0.0023 0.002617 0.006223 
3.095 -0.0044 -0.0038 -0.0647 -0.0023 0.002617 0.004887 
3.124 -0.0033 -0.0030 -0.0647 -0.0023 0.002617 0.004331 
3.153 -0.0027 -0.0025 -0.0649 -0.0023 0.000000 0.004894 
3.182 -0.0023 -0.0145 -0.0651 -0.0023 -0.002617 0.005729 
3.211 -0.0019 -0.0090 -0.0651 -0.0023 -0.002617 0.005686 
3.240 -0.0017 -0.0055 -0.0651 -0.0023 -0.002617 0.005663 
3.269 -0.0015 -0.0039 -0.0651 -0.0023 -0.002617 0.005928 
3.298 -0.0014 -0.0031 -0.0651 -0.0023 -0.002617 0.006491 
3.327 -0.0012 -0.0025 -0.0651 -0.0023 -0.002617 0.007338 
3.356 -0.0011 -0.0021 -0.0651 -0.0023 -0.002617 0.008527 
3.385 -0.0011 0.0190 -0.0647 -0.0023 0.002617 0.010049 
3.414 0.0346 0.0153 -0.0639 -0.0023 -0.002617 0.011447 
3.443 0.0323 0.0295 -0.0631 -0.0023 -0.002617 0.006833 
3.472 0.0335 0.0356 -0.0621 -0.0023 0.000000 -0.000271 
3.501 0.0227 0.0172 -0.0616 -0.0023 0.000000 -0.004282 
3.530 0.0096 0.0077 -0.0616 -0.0023 0.000000 -0.003596 
3.559 0.0057 0.0065 -0.0614 -0.0023 0.002617 -0.001713 
3.588 0.0040 0.0065 -0.0614 -0.0023 0.002617 -0.001208 
3.617 0.0031 0.0056 -0.0612 -0.0023 0.005235 -0.000672 
3.646 0.0026 0.0056 -0.0612 -0.0023 0.005235 -0.000293 
3.675 0.0022 0.0056 -0.0612 -0.0023 0.005235 -0.000163 
3.704 0.0019 0.0043 -0.0612 -0.0023 0.005235 -0.000377 
3.733 0.0017 0.0033 -0.0612 -0.0023 0.005235 -0.000880 
3.762 0.0015 0.0027 -0.0612 -0.0023 0.005235 -0.001691 
3.791 0.0013 0.0022 -0.0612 -0.0023 0.005235 -0.002818 
3.820 -0.0013 -0.0021 -0.0616 -0.0023 0.005235 -0.004310 
3.849 -0.0131 -0.0221 -0.0623 -0.0023 0.002617 -0.004486 
3.878 -0.0295 -0.0137 -0.0629 -0.0023 0.005235 -0.001134 
3.907 -0.0450 -0.0287 -0.0639 -0.0023 0.007852 0.005995 
3.936 -0.0270 -0.0237 -0.0647 -0.0023 0.007852 0.009250 
3.965 -0.0101 -0.0159 -0.0649 -0.0023 0.005235 0.008563 
3.994 -0.0059 -0.0268 -0.0653 -0.0023 0.000000 0.009888 
4.023 -0.0041 -0.0106 -0.0653 -0.0023 0.000000 0.010555 
4.052 -0.0032 -0.0060 -0.0653 -0.0023 0.000000 0.010133 
4.081 -0.0026 -0.0042 -0.0653 -0.0023 0.000000 0.009548 
4.110 0.0025 -0.0032 -0.0651 -0.0023 -0.002617 0.009606 
4.139 0.0025 0.0032 -0.0649 -0.0023 0.000000 0.009794 
4.168 0.0237 0.0142 -0.0643 -0.0023 -0.002617 0.009477 
4.197 0.0156 0.0251 -0.0637 -0.0023 0.000000 0.005693 
4.226 0.0266 0.0406 -0.0627 -0.0023 0.002617 -0.001931 
4.255 0.0204 0.0210 -0.0621 -0.0023 0.005235 -0.006076 
4.284 0.0126 0.0135 -0.0618 -0.0023 0.002617 -0.007567 
4.313 0.0102 0.0069 -0.0618 -0.0023 0.002617 -0.007967 
4.342 0.0059 -0.0049 -0.0621 -0.0023 0.000000 -0.008455 
4.371 -0.0462 -0.0193 -0.0629 -0.0023 0.005235 -0.009614 
4.400 -0.0169 -0.0173 -0.0635 -0.0023 0.002617 -0.007507 
4.429 -0.0445 -0.0333 -0.0645 -0.0023 0.005235 0.000923 
4.458 -0.0206 -0.0284 -0.0651 -0.0023 0.002617 0.005095 
4.487 -0.0098 -0.0198 -0.0657 -0.0023 0.000000 0.004593 
4.516 -0.0147 -0.0183 -0.0661 -0.0023 0.000000 0.007418 
4.545 -0.0193 -0.0171 -0.0665 -0.0023 0.000000 0.010686 
4.574 -0.0156 -0.0092 -0.0667 -0.0023 0.002617 0.011205 
4.603 -0.0074 -0.0055 -0.0667 -0.0023 0.002617 0.009991 
4.632 -0.0048 -0.0040 -0.0667 -0.0023 0.002617 0.009593 
4.661 -0.0036 -0.0031 -0.0667 -0.0023 0.002617 0.009626 
4.690 0.0033 0.0405 -0.0661 -0.0023 0.005235 0.010070 
4.719 0.0204 0.0201 -0.0655 -0.0023 0.002617 0.008363 
4.748 0.0269 0.0136 -0.0649 -0.0023 0.000000 0.003212 
4.777 0.0165 0.0173 -0.0645 -0.0023 0.000000 -0.000279 
4.806 0.0076 0.0078 -0.0643 -0.0023 0.002617 -0.001512 
4.835 0.0270 0.0146 -0.0637 -0.0023 0.000000 -0.003022 
4.864 0.0184 0.0256 -0.0631 -0.0023 0.002617 -0.006003 
4.893 0.0079 0.0139 -0.0631 -0.0023 0.002617 -0.007831 
4.922 -0.0050 0.0070 -0.0633 -0.0023 0.005235 -0.008741 
4.951 -0.0413 -0.0049 -0.0639 -0.0023 0.007852 -0.009637 
4.980 -0.0174 -0.0181 -0.0643 -0.0023 0.007852 -0.008266 
5.009 -0.0179 -0.0354 -0.0651 -0.0023 0.002617 -0.005216 
5.038 -0.0223 -0.0390 -0.0659 -0.0023 0.002617 0.000273 
5.067 -0.0365 -0.0373 -0.0669 -0.0023 0.000000 0.006987 
5.096 -0.0268 -0.0230 -0.0677 -0.0023 0.005235 0.011239 
5.125 -0.0188 -0.0168 -0.0681 -0.0023 0.005235 0.011881 
5.154 -0.0107 -0.0076 -0.0681 -0.0023 0.005235 0.009845 
5.183 -0.0060 -0.0049 -0.0681 -0.0023 0.005235 0.008728 
5.212 -0.0042 -0.0037 -0.0681 -0.0023 0.005235 0.007889 
5.241 -0.0032 -0.0029 -0.0681 -0.0023 0.005235 0.007439 
5.270 -0.0026 -0.0024 -0.0681 -0.0023 0.005235 0.007249 
5.299 -0.0022 -0.0020 -0.0681 -0.0023 0.005235 0.007418 
5.328 0.0022 -0.0018 -0.0679 -0.0023 0.002617 0.007902 
5.357 0.0150 0.0438 -0.0671 -0.0023 0.007852 0.008454 
5.386 0.0225 0.0178 -0.0665 -0.0023 0.005235 0.005863 
5.415 0.0274 0.0299 -0.0655 -0.0023 0.007852 -0.001694 
5.444 0.0226 0.0121 -0.0653 -0.0023 0.005235 -0.006579 
5.473 0.0142 0.0065 -0.0651 -0.0023 0.002617 -0.008816 
5.502 0.0071 0.0044 -0.0651 -0.0023 0.002617 -0.009796 
5.531 -0.0053 -0.0042 -0.0655 -0.0023 0.002617 -0.010364 
5.560 -0.0188 -0.0102 -0.0659 -0.0023 0.002617 -0.007634 
5.589 -0.0361 -0.0277 -0.0669 -0.0023 0.005235 -0.001631 
5.618 -0.0283 -0.0258 -0.0675 -0.0023 0.007852 0.004248 
5.647 -0.0213 -0.0216 -0.0681 -0.0023 0.005235 0.006728 
5.676 -0.0096 -0.0148 -0.0683 -0.0023 0.002617 0.006573 
5.705 -0.0057 -0.0125 -0.0685 -0.0023 0.000000 0.006681 
5.734 -0.0040 -0.0113 -0.0685 -0.0023 0.000000 0.006639 
5.763 -0.0031 -0.0062 -0.0685 -0.0023 0.000000 0.006182 
5.792 -0.0026 -0.0043 -0.0685 -0.0023 0.000000 0.005735 
5.821 -0.0022 -0.0033 -0.0685 -0.0023 0.000000 0.005585 
5.850 -0.0019 -0.0027 -0.0685 -0.0023 0.000000 0.005651 
5.879 -0.0017 -0.0022 -0.0685 -0.0023 0.000000 0.005960 
5.908 -0.0015 -0.0019 -0.0685 -0.0023 0.000000 0.006483 
5.937 -0.0013 -0.0017 -0.0685 -0.0023 0.000000 0.007219 
5.966 0.0013 0.0014 -0.0681 -0.0023 0.000000 0.008326 
5.995 0.0186 0.0225 -0.0677 -0.0023 0.000000 0.009491 
6.024 0.0183 0.0218 -0.0669 -0.0023 0.000000 0.008523 
6.053 0.0354 0.0432 -0.0659 -0.0023 0.002617 -0.000448 
6.082 0.0314 0.0245 -0.0651 -0.0023 -0.002617 -0.008145 
6.111 -0.0125 0.0089 -0.0653 -0.0023 0.000000 -0.012416 
6.140 0.0218 0.0054 -0.0651 -0.0023 -0.002617 -0.012865 
6.169 -0.0174 -0.0041 -0.0655 -0.0023 -0.002617 -0.012549 
6.198 -0.0078 -0.0164 -0.0657 -0.0023 -0.005235 -0.010485 
6.227 -0.0331 -0.0460 -0.0669 -0.0023 -0.005235 -0.001802 
6.256 -0.0332 -0.0281 -0.0679 -0.0023 -0.007852 0.005842 
6.285 -0.0189 -0.0121 -0.0681 -0.0023 -0.005235 0.009621 
6.314 -0.0145 -0.0065 -0.0683 -0.0023 -0.002617 0.009618 
6.343 -0.0071 -0.0044 -0.0683 -0.0023 -0.002617 0.008114 
6.372 -0.0047 -0.0034 -0.0683 -0.0023 -0.002617 0.007283 
6.401 -0.0035 -0.0027 -0.0683 -0.0023 -0.002617 0.006859 
6.430 -0.0028 -0.0023 -0.0683 -0.0023 -0.002617 0.006709 
6.459 -0.0023 -0.0020 -0.0683 -0.0023 -0.002617 0.006885 
6.488 -0.0020 -0.0017 -0.0683 -0.0023 -0.002617 0.007382 
6.517 0.0018 0.0015 -0.0679 -0.0023 -0.002617 0.008007 
6.546 0.0241 0.0139 -0.0673 -0.0023 -0.005235 0.007053 
6.575 0.0250 0.0233 -0.0665 -0.0023 -0.005235 0.002270 
6.604 0.0308 0.0214 -0.0659 -0.0023 -0.007852 -0.003524 
6.633 0.0257 0.0136 -0.0655 -0.0023 -0.007852 -0.007306 
6.662 0.0091 0.0102 -0.0655 -0.0023 -0.007852 -0.008158 
6.691 -0.0063 -0.0075 -0.0659 -0.0023 -0.007852 -0.008430 
6.720 -0.0063 -0.0102 -0.0661 -0.0023 -0.010469 -0.008693 
6.749 -0.0074 -0.0216 -0.0667 -0.0023 -0.013086 -0.006312 
6.778 -0.0396 -0.0217 -0.0675 -0.0023 -0.007852 0.000729 
6.807 -0.0313 -0.0157 -0.0681 -0.0023 -0.005235 0.005452 
6.836 -0.0215 -0.0074 -0.0683 -0.0023 -0.002617 0.007061 
6.865 -0.0145 -0.0065 -0.0687 -0.0023 -0.002617 0.006407 
6.894 -0.0071 -0.0080 -0.0689 -0.0023 -0.005235 0.006002 
6.923 -0.0047 -0.0080 -0.0689 -0.0023 -0.005235 0.006193 
6.952 -0.0035 -0.0092 -0.0692 -0.0023 -0.007852 0.006963 
6.981 -0.0028 -0.0111 -0.0694 -0.0023 -0.010469 0.007989 
7.010 -0.0023 -0.0105 -0.0694 -0.0023 -0.010469 0.008324 
7.039 -0.0020 -0.0060 -0.0694 -0.0023 -0.010469 0.008810 
7.068 0.0019 0.0207 -0.0687 -0.0023 -0.007852 0.009756 
7.097 0.0160 0.0180 -0.0681 -0.0023 -0.005235 0.010063 
7.126 0.0177 0.0314 -0.0673 -0.0023 -0.005235 0.006925 
7.155 0.0323 0.0360 -0.0665 -0.0023 -0.005235 -0.000932 
7.184 0.0336 0.0245 -0.0655 -0.0023 -0.007852 -0.007935 
7.213 0.0121 0.0116 -0.0655 -0.0023 -0.007852 -0.011907 
7.242 0.0065 0.0063 -0.0655 -0.0023 -0.007852 -0.010939 
7.271 0.0044 -0.0049 -0.0657 -0.0023 -0.010469 -0.011154 
7.300 -0.0041 -0.0284 -0.0663 -0.0023 -0.013086 -0.009921 
7.329 -0.0260 -0.0261 -0.0671 -0.0023 -0.013086 -0.005075 
7.358 -0.0394 -0.0221 -0.0679 -0.0023 -0.007852 0.002580 
7.387 -0.0267 -0.0091 -0.0685 -0.0023 -0.005235 0.006300 
7.416 -0.0223 -0.0172 -0.0689 -0.0023 -0.005235 0.006472 
7.445 -0.0090 -0.0101 -0.0689 -0.0023 -0.005235 0.005524 
7.474 -0.0055 -0.0091 -0.0692 -0.0023 -0.007852 0.005750 
7.503 -0.0039 -0.0199 -0.0696 -0.0023 -0.013086 0.007056 
7.532 -0.0031 -0.0144 -0.0698 -0.0023 -0.015704 0.007927 
7.561 -0.0025 -0.0108 -0.0698 -0.0023 -0.015704 0.007764 
7.590 -0.0021 -0.0061 -0.0698 -0.0023 -0.015704 0.007511 
7.619 -0.0019 -0.0042 -0.0698 -0.0023 -0.015704 0.007700 
7.648 0.0018 0.0255 -0.0692 -0.0023 -0.013086 0.008327 
7.677 0.0122 0.0196 -0.0687 -0.0023 -0.013086 0.008191 
7.706 0.0149 0.0388 -0.0679 -0.0023 -0.007852 0.004947 
7.735 0.0166 0.0350 -0.0673 -0.0023 -0.005235 -0.000445 
7.764 0.0225 0.0205 -0.0667 -0.0023 -0.007852 -0.005997 
7.793 0.0174 0.0083 -0.0665 -0.0023 -0.010469 -0.008454 
7.822 0.0131 0.0052 -0.0663 -0.0023 -0.013086 -0.009720 
7.851 0.0093 -0.0041 -0.0665 -0.0023 -0.015704 -0.011350 
7.880 -0.0319 -0.0188 -0.0671 -0.0023 -0.013086 -0.010609 
7.909 -0.0227 -0.0145 -0.0677 -0.0023 -0.010469 -0.007298 
7.938 -0.0380 -0.0259 -0.0687 -0.0023 -0.007852 -0.000762 
7.967 -0.0221 -0.0273 -0.0694 -0.0023 -0.010469 0.003936 
7.996 -0.0149 -0.0252 -0.0700 -0.0023 -0.013086 0.005411 
8.025 -0.0105 -0.0320 -0.0706 -0.0023 -0.015704 0.008315 
8.054 -0.0085 -0.0198 -0.0708 -0.0022 -0.018321 0.009948 
8.083 -0.0053 -0.0082 -0.0708 -0.0022 -0.018321 0.009583 
8.112 -0.0052 -0.0052 -0.0710 -0.0022 -0.015704 0.009027 
8.141 -0.0052 -0.0038 -0.0710 -0.0022 -0.015704 0.008569 
8.170 -0.0049 -0.0030 -0.0710 -0.0022 -0.015704 0.008504 
8.199 0.0038 0.0179 -0.0704 -0.0023 -0.013086 0.008760 
8.228 0.0316 0.0121 -0.0700 -0.0023 -0.018321 0.008417 
8.257 0.0194 0.0086 -0.0696 -0.0023 -0.018321 0.006186 
8.286 0.0155 0.0381 -0.0687 -0.0023 -0.013086 0.001735 
8.315 0.0157 0.0397 -0.0681 -0.0023 -0.010469 -0.003278 
8.344 0.0107 0.0281 -0.0675 -0.0023 -0.007852 -0.007387 
8.373 0.0086 0.0093 -0.0675 -0.0023 -0.007852 -0.010004 
8.402 0.0053 0.0056 -0.0675 -0.0023 -0.007852 -0.010394 
8.431 -0.0043 -0.0040 -0.0679 -0.0023 -0.007852 -0.011090 
8.460 -0.0218 -0.0134 -0.0685 -0.0023 -0.005235 -0.009645 
8.489 -0.0133 -0.0213 -0.0689 -0.0023 -0.005235 -0.007718 
8.518 -0.0114 -0.0440 -0.0698 -0.0023 -0.010469 -0.002574 
8.547 -0.0246 -0.0473 -0.0710 -0.0023 -0.015704 0.004660 
8.576 -0.0253 -0.0134 -0.0714 -0.0023 -0.015704 0.010198 
8.605 -0.0155 -0.0128 -0.0716 -0.0023 -0.013086 0.011696 
8.634 -0.0137 -0.0067 -0.0718 -0.0023 -0.010469 0.011400 
8.663 -0.0073 -0.0045 -0.0718 -0.0023 -0.010469 0.010414 
8.692 -0.0048 -0.0034 -0.0718 -0.0023 -0.010469 0.009968 
8.721 -0.0036 -0.0027 -0.0718 -0.0023 -0.010469 0.009739 
8.750 0.0029 0.0222 -0.0712 -0.0023 -0.007852 0.008292 
8.779 0.0219 0.0295 -0.0704 -0.0023 -0.007852 0.004297 
8.808 0.0247 0.0232 -0.0698 -0.0023 -0.010469 -0.001650 
8.837 0.0276 0.0181 -0.0692 -0.0023 -0.013086 -0.007400 
8.866 -0.0128 0.0080 -0.0694 -0.0023 -0.010469 -0.009840 
8.895 0.0188 -0.0057 -0.0694 -0.0023 -0.015704 -0.010125 
8.924 -0.0161 -0.0210 -0.0698 -0.0023 -0.015704 -0.010699 
8.953 -0.0075 -0.0230 -0.0702 -0.0023 -0.020938 -0.009144 
8.982 -0.0242 -0.0352 -0.0710 -0.0022 -0.020938 -0.003143 
9.011 -0.0401 -0.0311 -0.0720 -0.0022 -0.018321 0.003904 
9.040 -0.0313 -0.0199 -0.0726 -0.0022 -0.015704 0.008976 
9.069 -0.0102 -0.0145 -0.0728 -0.0022 -0.018321 0.008524 
9.098 -0.0095 -0.0086 -0.0732 -0.0022 -0.018321 0.008227 
9.127 -0.0072 -0.0086 -0.0732 -0.0022 -0.018321 0.008075 
9.156 -0.0048 -0.0059 -0.0732 -0.0022 -0.018321 0.007510 
9.185 -0.0036 -0.0041 -0.0732 -0.0022 -0.018321 0.007125 
9.214 -0.0028 -0.0032 -0.0732 -0.0022 -0.018321 0.007023 
9.243 0.0030 -0.0026 -0.0730 -0.0022 -0.020938 0.007258 
9.272 0.0030 0.0022 -0.0728 -0.0022 -0.018321 0.007786 
9.301 0.0185 0.0365 -0.0720 -0.0022 -0.018321 0.008255 
9.330 0.0270 0.0140 -0.0716 -0.0022 -0.018321 0.004778 
9.359 0.0311 0.0382 -0.0704 -0.0023 -0.018321 -0.003107 
9.388 0.0237 0.0137 -0.0702 -0.0023 -0.020938 -0.008520 
9.417 0.0088 0.0069 -0.0702 -0.0023 -0.020938 -0.011010 
9.446 0.0054 0.0046 -0.0702 -0.0023 -0.020938 -0.011052 
9.475 -0.0278 -0.0036 -0.0708 -0.0023 -0.018321 -0.010461 
9.504 -0.0276 -0.0177 -0.0714 -0.0022 -0.015704 -0.006665 
9.533 -0.0387 -0.0336 -0.0722 -0.0022 -0.015704 0.000790 
9.562 -0.0188 -0.0271 -0.0730 -0.0022 -0.015704 0.004850 
9.591 -0.0122 -0.0171 -0.0734 -0.0022 -0.020938 0.004687 
9.620 -0.0065 -0.0190 -0.0736 -0.0022 -0.023556 0.005180 
9.649 -0.0044 -0.0151 -0.0738 -0.0022 -0.026173 0.005623 
9.678 -0.0034 -0.0159 -0.0740 -0.0022 -0.028790 0.006699 
9.707 -0.0027 -0.0185 -0.0742 -0.0022 -0.031408 0.007905 
9.736 -0.0023 -0.0161 -0.0744 -0.0022 -0.034025 0.008404 
9.765 -0.0020 -0.0075 -0.0744 -0.0022 -0.034025 0.008035 
9.794 -0.0017 -0.0049 -0.0744 -0.0022 -0.034025 0.008121 
9.823 0.0017 0.0300 -0.0738 -0.0022 -0.031408 0.008504 
9.852 0.0017 0.0205 -0.0736 -0.0022 -0.028790 0.008770 
9.881 0.0180 0.0255 -0.0728 -0.0022 -0.028790 0.007117 
9.910 0.0208 0.0338 -0.0722 -0.0022 -0.026173 0.001269 
9.939 0.0269 0.0282 -0.0714 -0.0023 -0.026173 -0.005013 
9.968 0.0254 0.0184 -0.0708 -0.0023 -0.028790 -0.009303 
9.997 0.0173 0.0086 -0.0706 -0.0023 -0.031408 -0.010960 
10.026 -0.0156 0.0053 -0.0708 -0.0023 -0.028790 -0.011822 
10.055 -0.0074 -0.0535 -0.0714 -0.0023 -0.036642 -0.012930 
10.084 -0.0234 -0.0160 -0.0720 -0.0022 -0.034025 -0.011169 
10.113 -0.0432 -0.0427 -0.0730 -0.0022 -0.031408 -0.004335 
10.142 -0.0369 -0.0325 -0.0742 -0.0022 -0.031408 0.002929 
10.171 -0.0155 -0.0267 -0.0748 -0.0022 -0.034025 0.005145 
10.200 -0.0192 -0.0370 -0.0754 -0.0021 -0.036642 0.008129 
10.230 -0.0091 -0.0216 -0.0758 -0.0021 -0.036642 0.010914 
10.259 -0.0091 -0.0085 -0.0758 -0.0021 -0.036642 0.011903 
10.288 -0.0084 -0.0053 -0.0760 -0.0021 -0.034025 0.010762 
10.317 -0.0084 -0.0038 -0.0760 -0.0021 -0.034025 0.009901 
10.346 -0.0055 -0.0030 -0.0760 -0.0021 -0.034025 0.009449 
10.375 0.0043 0.0028 -0.0756 -0.0021 -0.034025 0.009203 
10.404 0.0373 0.0109 -0.0750 -0.0022 -0.036642 0.008084 
10.433 0.0204 0.0171 -0.0744 -0.0022 -0.039259 0.004059 
10.462 0.0129 0.0180 -0.0742 -0.0022 -0.036642 0.000691 
10.491 0.0067 0.0243 -0.0738 -0.0022 -0.031408 -0.002223 
10.520 0.0045 0.0250 -0.0734 -0.0022 -0.026173 -0.004751 
10.549 0.0034 0.0192 -0.0732 -0.0022 -0.023556 -0.006905 
10.578 0.0028 0.0081 -0.0732 -0.0022 -0.023556 -0.007812 
10.607 0.0023 0.0051 -0.0732 -0.0022 -0.023556 -0.008467 
10.636 -0.0020 -0.0041 -0.0736 -0.0022 -0.023556 -0.009806 
10.665 -0.0172 -0.0289 -0.0742 -0.0022 -0.026173 -0.009633 
10.694 -0.0141 -0.0356 -0.0748 -0.0022 -0.028790 -0.005477 
10.723 -0.0309 -0.0409 -0.0760 -0.0021 -0.028790 0.003164 
10.752 -0.0294 -0.0124 -0.0767 -0.0021 -0.026173 0.008728 
10.781 -0.0122 -0.0117 -0.0767 -0.0021 -0.026173 0.008346 
10.810 -0.0065 -0.0345 -0.0771 -0.0021 -0.031408 0.006374 
10.839 -0.0053 -0.0148 -0.0775 -0.0021 -0.031408 0.006455 
10.868 -0.0053 -0.0107 -0.0777 -0.0021 -0.034025 0.006560 
10.897 -0.0053 -0.0110 -0.0779 -0.0021 -0.036642 0.007182 
10.926 -0.0039 -0.0108 -0.0779 -0.0021 -0.036642 0.007520 
10.955 -0.0031 -0.0061 -0.0779 -0.0021 -0.036642 0.007544 
10.984 -0.0025 -0.0042 -0.0779 -0.0021 -0.036642 0.008041 
11.013 0.0021 0.0307 -0.0773 -0.0021 -0.034025 0.008995 
11.042 0.0201 0.0190 -0.0767 -0.0021 -0.031408 0.009120 
11.071 0.0267 0.0365 -0.0758 -0.0021 -0.031408 0.005684 
11.100 0.0274 0.0266 -0.0750 -0.0022 -0.031408 -0.002446 
11.129 0.0284 0.0178 -0.0742 -0.0022 -0.031408 -0.008602 
11.158 0.0169 0.0135 -0.0740 -0.0022 -0.034025 -0.011633 
11.187 0.0223 0.0069 -0.0740 -0.0022 -0.034025 -0.012061 
11.216 -0.0184 -0.0055 -0.0744 -0.0022 -0.034025 -0.011976 
11.245 -0.0080 -0.0130 -0.0746 -0.0022 -0.036642 -0.010774 
11.274 -0.0204 -0.0326 -0.0754 -0.0022 -0.036642 -0.005938 
11.303 -0.0331 -0.0312 -0.0765 -0.0021 -0.039259 0.000558 
11.332 -0.0372 -0.0251 -0.0773 -0.0021 -0.039259 0.006347 
11.361 -0.0181 -0.0139 -0.0777 -0.0021 -0.034025 0.008565 
11.390 -0.0134 -0.0134 -0.0779 -0.0021 -0.036642 0.007077 
11.419 -0.0068 -0.0071 -0.0779 -0.0021 -0.036642 0.006801 
11.448 -0.0046 -0.0062 -0.0781 -0.0021 -0.039259 0.007160 
11.477 -0.0035 -0.0062 -0.0781 -0.0021 -0.039259 0.007475 
11.506 -0.0028 -0.0050 -0.0781 -0.0021 -0.039259 0.007404 
11.535 -0.0023 -0.0037 -0.0781 -0.0021 -0.039259 0.007753 
11.564 0.0020 -0.0029 -0.0779 -0.0021 -0.041877 0.008547 
11.593 0.0177 0.0421 -0.0771 -0.0021 -0.036642 0.009712 
11.622 0.0280 0.0177 -0.0765 -0.0021 -0.039259 0.007666 
11.651 0.0330 0.0388 -0.0752 -0.0022 -0.039259 -0.001694 
11.680 0.0343 0.0216 -0.0746 -0.0022 -0.041877 -0.008198 
11.709 0.0114 0.0094 -0.0746 -0.0022 -0.041877 -0.010244 
11.738 0.0063 0.0056 -0.0746 -0.0022 -0.041877 -0.009546 
11.767 -0.0045 -0.0043 -0.0750 -0.0022 -0.041877 -0.009598 
11.796 -0.0145 -0.0043 -0.0752 -0.0022 -0.039259 -0.009489 
11.825 -0.0138 -0.0074 -0.0756 -0.0021 -0.039259 -0.007576 
11.854 -0.0365 -0.0305 -0.0765 -0.0021 -0.039259 -0.000739 
11.883 -0.0317 -0.0320 -0.0775 -0.0021 -0.036642 0.005619 
11.912 -0.0161 -0.0178 -0.0779 -0.0021 -0.036642 0.007115 
11.941 -0.0118 -0.0123 -0.0781 -0.0021 -0.039259 0.006584 
11.970 -0.0064 -0.0097 -0.0783 -0.0020 -0.041877 0.006488 
11.999 -0.0044 -0.0097 -0.0783 -0.0020 -0.041877 0.006337 
12.028 -0.0033 -0.0062 -0.0783 -0.0020 -0.041877 0.005936 
12.057 -0.0027 -0.0043 -0.0783 -0.0020 -0.041877 0.005805 
12.086 -0.0023 -0.0033 -0.0783 -0.0020 -0.041877 0.005917 
12.115 -0.0019 -0.0027 -0.0783 -0.0020 -0.041877 0.006361 
12.144 -0.0017 -0.0022 -0.0783 -0.0020 -0.041877 0.007207 
12.173 0.0178 0.0268 -0.0775 -0.0021 -0.041877 0.008394 
12.202 0.0201 0.0222 -0.0771 -0.0021 -0.041877 0.009187 
12.231 0.0397 0.0376 -0.0760 -0.0021 -0.044494 0.003042 
12.260 0.0325 0.0373 -0.0750 -0.0022 -0.041877 -0.005664 
12.289 0.0162 0.0117 -0.0748 -0.0022 -0.044494 -0.010170 
12.318 0.0075 0.0064 -0.0748 -0.0022 -0.044494 -0.011176 
12.347 -0.0052 0.0044 -0.0750 -0.0022 -0.041877 -0.010714 
12.376 -0.0052 -0.0037 -0.0752 -0.0022 -0.044494 -0.010965 
12.405 -0.0080 -0.0135 -0.0756 -0.0022 -0.044494 -0.008398 
12.434 -0.0391 -0.0421 -0.0769 -0.0021 -0.044494 -0.000080 
12.463 -0.0308 -0.0252 -0.0777 -0.0021 -0.044494 0.005532 
12.492 -0.0258 -0.0165 -0.0781 -0.0020 -0.044494 0.008143 
12.521 -0.0091 -0.0101 -0.0781 -0.0020 -0.044494 0.006444 
12.550 -0.0055 -0.0059 -0.0781 -0.0020 -0.044494 0.005648 
12.579 -0.0039 -0.0041 -0.0781 -0.0020 -0.044494 0.004823 
12.608 -0.0031 -0.0032 -0.0781 -0.0020 -0.044494 0.004344 
12.637 -0.0025 -0.0026 -0.0781 -0.0020 -0.044494 0.004203 
12.666 -0.0021 -0.0022 -0.0781 -0.0020 -0.044494 0.004384 
12.696 -0.0019 -0.0022 -0.0783 -0.0020 -0.047111 0.004903 
12.725 -0.0016 -0.0022 -0.0783 -0.0020 -0.047111 0.005381 
12.754 -0.0015 -0.0022 -0.0783 -0.0020 -0.047111 0.006107 
12.783 -0.0013 -0.0022 -0.0783 -0.0020 -0.047111 0.007026 
12.812 -0.0012 0.0255 -0.0779 -0.0021 -0.041877 0.008325 
12.841 0.0402 0.0230 -0.0773 -0.0021 -0.044494 0.009877 
12.870 0.0396 0.0118 -0.0765 -0.0021 -0.049729 0.006284 
12.899 0.0482 0.0417 -0.0752 -0.0022 -0.049729 -0.003709 
12.928 0.0132 0.0283 -0.0748 -0.0022 -0.044494 -0.010906 
12.957 0.0068 0.0098 -0.0748 -0.0022 -0.044494 -0.011011 
12.986 0.0046 0.0058 -0.0748 -0.0022 -0.044494 -0.010321 
13.015 0.0034 0.0041 -0.0748 -0.0022 -0.044494 -0.010070 
13.044 0.0028 -0.0036 -0.0750 -0.0022 -0.047111 -0.009897 
13.073 -0.0153 -0.0163 -0.0758 -0.0022 -0.047111 -0.007851 
13.102 -0.0319 -0.0385 -0.0767 -0.0021 -0.047111 -0.001405 
13.131 -0.0289 -0.0301 -0.0775 -0.0021 -0.047111 0.004773 
13.160 -0.0274 -0.0177 -0.0781 -0.0020 -0.044494 0.008152 
13.189 -0.0113 -0.0078 -0.0781 -0.0020 -0.044494 0.006827 
13.218 -0.0062 -0.0050 -0.0781 -0.0020 -0.044494 0.005293 
13.247 -0.0043 -0.0038 -0.0783 -0.0020 -0.047111 0.004341 
13.276 -0.0033 -0.0038 -0.0783 -0.0020 -0.047111 0.003874 
13.305 -0.0027 -0.0038 -0.0783 -0.0020 -0.047111 0.004097 
13.334 -0.0024 -0.0065 -0.0787 -0.0020 -0.047111 0.004997 
13.363 -0.0024 -0.0107 -0.0789 -0.0020 -0.049729 0.005833 
13.392 -0.0024 -0.0093 -0.0789 -0.0020 -0.049729 0.005891 
13.421 -0.0024 -0.0056 -0.0789 -0.0020 -0.049729 0.006336 
13.450 -0.0024 0.0047 -0.0787 -0.0020 -0.047111 0.006957 
13.479 0.0028 0.0323 -0.0781 -0.0020 -0.044494 0.007859 
13.508 0.0228 0.0136 -0.0775 -0.0021 -0.047111 0.008091 
13.537 0.0248 0.0294 -0.0767 -0.0021 -0.047111 0.002922 
13.566 0.0413 0.0368 -0.0756 -0.0022 -0.049729 -0.005544 
13.595 0.0198 0.0153 -0.0752 -0.0022 -0.049729 -0.011678 
13.624 0.0389 0.0073 -0.0752 -0.0022 -0.049729 -0.013811 
13.653 -0.0193 0.0048 -0.0754 -0.0022 -0.047111 -0.013612 
13.682 -0.0081 -0.0370 -0.0758 -0.0022 -0.052346 -0.012891 
13.711 -0.0260 -0.0430 -0.0767 -0.0021 -0.052346 -0.008044 
13.740 -0.0420 -0.0410 -0.0775 -0.0021 -0.052346 0.000457 
13.769 -0.0349 -0.0145 -0.0783 -0.0020 -0.047111 0.005453 
13.798 -0.0225 -0.0104 -0.0787 -0.0020 -0.047111 0.005618 
13.827 -0.0086 -0.0149 -0.0789 -0.0020 -0.049729 0.005340 
13.856 -0.0053 -0.0237 -0.0793 -0.0020 -0.054963 0.006472 
13.885 -0.0039 -0.0204 -0.0797 -0.0020 -0.060198 0.007783 
13.914 -0.0030 -0.0119 -0.0797 -0.0020 -0.060198 0.008167 
13.943 -0.0025 -0.0064 -0.0797 -0.0020 -0.060198 0.007520 
13.972 -0.0021 -0.0044 -0.0797 -0.0020 -0.060198 0.007416 
14.001 -0.0018 -0.0033 -0.0797 -0.0020 -0.060198 0.007549 
14.030 0.0017 0.0280 -0.0791 -0.0020 -0.057580 0.008251 
14.059 0.0156 0.0175 -0.0785 -0.0020 -0.054963 0.007769 
14.088 0.0137 0.0428 -0.0779 -0.0021 -0.052346 0.003292 
14.117 0.0201 0.0362 -0.0769 -0.0021 -0.049729 -0.003542 
14.146 0.0223 0.0118 -0.0767 -0.0021 -0.052346 -0.008751 
14.175 0.0091 0.0064 -0.0765 -0.0021 -0.054963 -0.010341 
14.204 0.0091 0.0044 -0.0765 -0.0021 -0.054963 -0.010190 
14.233 0.0068 0.0033 -0.0765 -0.0021 -0.054963 -0.010621 
14.262 -0.0566 -0.0026 -0.0773 -0.0021 -0.049729 -0.010872 
14.291 -0.0123 -0.0196 -0.0777 -0.0021 -0.049729 -0.008110 
14.320 -0.0334 -0.0293 -0.0785 -0.0020 -0.049729 -0.001493 
14.349 -0.0196 -0.0283 -0.0791 -0.0020 -0.052346 0.001370 
14.378 -0.0087 -0.0328 -0.0799 -0.0019 -0.057580 0.003223 
14.407 -0.0087 -0.0210 -0.0803 -0.0019 -0.062815 0.006645 
14.436 -0.0068 -0.0139 -0.0805 -0.0019 -0.060198 0.008576 
14.465 -0.0068 -0.0070 -0.0805 -0.0019 -0.060198 0.008974 
14.494 -0.0085 -0.0047 -0.0807 -0.0019 -0.057580 0.009422 
14.523 -0.0085 -0.0035 -0.0807 -0.0019 -0.057580 0.008976 
14.552 -0.0061 0.0028 -0.0805 -0.0019 -0.054963 0.009209 
14.581 0.0316 0.0028 -0.0801 -0.0019 -0.060198 0.009499 
14.610 0.0255 0.0219 -0.0793 -0.0020 -0.060198 0.007770 
14.639 0.0122 0.0320 -0.0787 -0.0020 -0.057580 0.004139 
14.668 0.0185 0.0445 -0.0779 -0.0021 -0.052346 -0.002066 
14.697 0.0178 0.0363 -0.0773 -0.0021 -0.049729 -0.007273 
14.726 0.0141 0.0101 -0.0771 -0.0021 -0.052346 -0.010363 
14.755 0.0088 0.0059 -0.0771 -0.0021 -0.052346 -0.010692 
14.784 0.0054 0.0041 -0.0771 -0.0021 -0.052346 -0.010571 
14.813 -0.0043 0.0032 -0.0773 -0.0021 -0.049729 -0.011251 
14.842 -0.0191 -0.0031 -0.0779 -0.0021 -0.047111 -0.009908 
14.871 -0.0167 -0.0189 -0.0785 -0.0020 -0.049729 -0.007566 
14.900 -0.0125 -0.0415 -0.0793 -0.0020 -0.054963 -0.003645 
14.929 -0.0185 -0.0482 -0.0803 -0.0019 -0.057580 0.002382 
14.958 -0.0232 -0.0206 -0.0807 -0.0019 -0.057580 0.008166 
14.987 -0.0183 -0.0083 -0.0809 -0.0019 -0.054963 0.010007 
15.016 -0.0100 -0.0061 -0.0813 -0.0019 -0.054963 0.009771 
15.045 -0.0156 -0.0158 -0.0817 -0.0019 -0.054963 0.011581 
15.074 -0.0178 -0.0096 -0.0819 -0.0018 -0.052346 0.013177 
15.103 -0.0090 -0.0057 -0.0819 -0.0018 -0.052346 0.013261 
15.132 -0.0055 -0.0052 -0.0821 -0.0018 -0.054963 0.014461 
15.161 -0.0039 -0.0052 -0.0821 -0.0018 -0.054963 0.017250 
15.191 -0.0031 -0.0177 -0.0825 -0.0018 -0.060198 0.021754 
15.220 -0.0025 -0.0131 -0.0825 -0.0018 -0.060198 0.027278 
15.249 -0.0021 -0.0068 -0.0825 -0.0018 -0.060198 0.032798 
15.278 -0.0019 -0.0046 -0.0825 -0.0018 -0.060198 0.039132 
15.307 0.0017 0.0383 -0.0819 -0.0018 -0.057580 0.046968 
15.336 0.0382 0.0420 -0.0807 -0.0019 -0.057580 0.050193 
15.365 0.0504 0.0464 -0.0791 -0.0020 -0.057580 0.046920 
15.394 0.0524 0.0659 -0.0773 -0.0021 -0.054963 0.046311 
15.423 0.0658 0.0917 -0.0752 -0.0022 -0.054963 0.043889 
15.452 0.0731 0.0705 -0.0734 -0.0023 -0.057580 0.045322 
15.481 0.0499 0.0620 -0.0716 -0.0024 -0.054963 0.046783 
15.510 0.0557 0.0671 -0.0696 -0.0025 -0.054963 0.050483 
15.539 0.1127 0.0815 -0.0671 -0.0027 -0.054963 0.054989 
15.568 0.0864 0.0937 -0.0647 -0.0028 -0.054963 0.058559 
15.597 0.0817 0.1085 -0.0619 -0.0030 -0.054963 0.061916 
15.626 0.1264 0.1199 -0.0586 -0.0032 -0.054963 0.065468 
15.655 0.1068 0.1277 -0.0552 -0.0033 -0.052346 0.068485 
15.684 0.1565 0.1265 -0.0513 -0.0035 -0.054963 0.071071 
15.713 0.1745 0.1390 -0.0471 -0.0038 -0.057580 0.074332 
15.742 0.1441 0.1936 -0.0424 -0.0040 -0.054963 0.075546 
15.771 0.1775 0.1623 -0.0374 -0.0043 -0.052346 0.076970 
15.800 0.1938 0.2269 -0.0317 -0.0046 -0.052346 0.077704 
15.829 0.2175 0.2133 -0.0256 -0.0049 -0.052346 0.079157 
15.858 0.2324 0.2214 -0.0193 -0.0053 -0.049729 0.080105 
15.887 0.2276 0.2414 -0.0127 -0.0056 -0.052346 0.080953 
15.916 0.2456 0.2492 -0.0054 -0.0060 -0.052346 0.081640 
15.945 0.2760 0.2838 0.0023 -0.0064 -0.052346 0.080719 
15.974 0.2751 0.2748 0.0100 -0.0068 -0.052346 0.081222 
16.003 0.2617 0.2632 0.0185 -0.0072 -0.052346 0.084210 
16.032 0.2855 0.3059 0.0273 -0.0077 -0.054963 0.085781 
16.061 0.3861 0.3512 0.0370 -0.0083 -0.054963 0.087008 
16.090 0.3662 0.3588 0.0471 -0.0088 -0.054963 0.087271 
16.119 0.3607 0.3624 0.0576 -0.0094 -0.054963 0.087383 
16.148 0.4105 0.4019 0.0690 -0.0101 -0.054963 0.086085 
16.177 0.3836 0.4407 0.0807 -0.0107 -0.054963 0.086802 
16.206 0.4023 0.4594 0.0929 -0.0114 -0.054963 0.085151 
16.235 0.4012 0.4488 0.1054 -0.0120 -0.049729 0.080590 
16.264 0.4431 0.4349 0.1182 -0.0127 -0.052346 0.080755 
16.293 0.4790 0.4934 0.1316 -0.0134 -0.052346 0.083434 
16.322 0.4828 0.4711 0.1455 -0.0141 -0.049729 0.084943 
16.351 0.5077 0.5092 0.1599 -0.0149 -0.052346 0.086505 
16.380 0.5283 0.5055 0.1753 -0.0157 -0.052346 0.086693 
16.409 0.5467 0.5604 0.1907 -0.0165 -0.052346 0.083843 
16.438 0.5456 0.5530 0.2067 -0.0173 -0.049729 0.079819 
16.467 0.5707 0.5511 0.2233 -0.0181 -0.049729 0.079953 
16.496 0.5856 0.6251 0.2403 -0.0190 -0.049729 0.081696 
16.525 0.6197 0.6477 0.2580 -0.0199 -0.052346 0.081627 
16.554 0.6754 0.6490 0.2762 -0.0208 -0.052346 0.082210 
16.583 0.5950 0.6496 0.2950 -0.0218 -0.049729 0.079774 
16.611 0.6836 0.6675 0.3143 -0.0228 -0.047111 0.075335 
16.640 0.6388 0.7099 0.3341 -0.0237 -0.047111 0.074960 
16.669 0.7000 0.7106 0.3544 -0.0247 -0.047111 0.076004 
16.698 0.7267 0.7029 0.3751 -0.0256 -0.047111 0.075911 
16.727 0.7142 0.7283 0.3963 -0.0266 -0.044494 0.071594 
16.756 0.7693 0.7846 0.4180 -0.0276 -0.047111 0.070186 
16.785 0.7443 0.7794 0.4403 -0.0286 -0.047111 0.070219 
16.814 0.8054 0.8169 0.4632 -0.0297 -0.049729 0.070858 
16.843 0.8228 0.8181 0.4867 -0.0308 -0.044494 0.068901 
16.872 0.8581 0.8432 0.5106 -0.0319 -0.044494 0.062082 
16.901 0.8143 0.8619 0.5347 -0.0329 -0.041877 0.060274 
16.930 0.8608 0.8417 0.5593 -0.0340 -0.044494 0.061329 
16.959 0.8726 0.8419 0.5844 -0.0351 -0.044494 0.059446 
16.988 0.8609 0.8915 0.6097 -0.0363 -0.047111 0.061902 
17.017 0.9043 0.9007 0.6354 -0.0375 -0.049729 0.064313 
17.046 0.8937 0.9330 0.6620 -0.0388 -0.052346 0.066717 
17.075 0.9288 0.9809 0.6891 -0.0402 -0.047111 0.062326 
17.104 0.9338 1.0069 0.7171 -0.0415 -0.047111 0.058759 
17.133 0.9948 0.9674 0.7455 -0.0428 -0.047111 0.056027 
17.162 0.9884 1.0082 0.7740 -0.0442 -0.044494 0.051428 
17.191 1.0162 0.9849 0.8030 -0.0455 -0.047111 0.047533 
17.220 1.0480 1.0065 0.8322 -0.0469 -0.047111 0.046971 
17.249 1.0143 0.9909 0.8618 -0.0484 -0.047111 0.046402 
17.278 0.9824 1.0274 0.8915 -0.0498 -0.049729 0.044100 
17.307 1.0986 1.0439 0.9219 -0.0513 -0.049729 0.043499 
17.336 1.0792 1.0569 0.9521 -0.0527 -0.047111 0.042356 
17.365 1.0800 1.0511 0.9829 -0.0541 -0.047111 0.038695 
17.394 1.0598 1.1178 1.0137 -0.0556 -0.047111 0.040812 
17.423 1.0741 1.0985 1.0449 -0.0571 -0.047111 0.042139 
17.452 1.0942 1.1193 1.0765 -0.0586 -0.047111 0.039937 
17.481 1.1041 1.1196 1.1087 -0.0601 -0.044494 0.040751 
17.510 1.1114 1.1306 1.1410 -0.0616 -0.047111 0.039874 
17.539 1.1291 1.1460 1.1738 -0.0631 -0.047111 0.036709 
17.568 1.1068 1.1358 1.2068 -0.0647 -0.049729 0.037394 
17.597 1.1863 1.1997 1.2400 -0.0664 -0.049729 0.036393 
17.626 1.1591 1.1558 1.2737 -0.0680 -0.049729 0.033137 
17.655 1.2125 1.1402 1.3075 -0.0697 -0.047111 0.031172 
17.684 1.1514 1.1844 1.3415 -0.0713 -0.047111 0.028311 
17.713 1.1992 1.1875 1.3756 -0.0729 -0.047111 0.028084 
17.742 1.1857 1.2145 1.4100 -0.0746 -0.047111 0.029573 
17.771 1.1946 1.2128 1.4445 -0.0763 -0.047111 0.027997 
17.800 1.1541 1.1726 1.4793 -0.0779 -0.047111 0.027469 
17.829 1.1432 1.2580 1.5146 -0.0795 -0.047111 0.027289 
17.858 1.2164 1.1835 1.5496 -0.0811 -0.044494 0.023914 
17.887 1.2245 1.2446 1.5851 -0.0827 -0.047111 0.025472 
17.916 1.2257 1.1802 1.6203 -0.0844 -0.047111 0.025329 
17.945 1.2669 1.2579 1.6562 -0.0861 -0.049729 0.025337 
17.974 1.2397 1.2206 1.6921 -0.0878 -0.047111 0.025823 
18.003 1.1828 1.2565 1.7281 -0.0895 -0.047111 0.023463 
18.032 1.2438 1.2235 1.7642 -0.0912 -0.047111 0.024398 
18.061 1.2546 1.2614 1.8009 -0.0930 -0.049729 0.025305 
18.090 1.2531 1.2668 1.8371 -0.0947 -0.047111 0.023570 
18.119 1.2627 1.2854 1.8742 -0.0965 -0.044494 0.022098 
18.148 1.3147 1.2813 1.9111 -0.0982 -0.044494 0.020423 
18.177 1.3045 1.2759 1.9482 -0.0999 -0.047111 0.023536 
18.206 1.2667 1.2434 1.9853 -0.1017 -0.049729 0.026756 
18.235 1.3018 1.2853 2.0227 -0.1034 -0.047111 0.026129 
18.264 1.3785 1.3162 2.0606 -0.1052 -0.044494 0.023664 
18.293 1.3223 1.2784 2.0985 -0.1070 -0.047111 0.020266 
18.322 1.2447 1.3192 2.1366 -0.1087 -0.047111 0.019909 
18.351 1.2864 1.3373 2.1747 -0.1105 -0.047111 0.019268 
18.380 1.3565 1.3129 2.2128 -0.1123 -0.047111 0.016855 
18.409 1.3256 1.3221 2.2509 -0.1140 -0.047111 0.017446 
18.437 1.3094 1.2816 2.2888 -0.1158 -0.044494 0.017011 
18.466 1.2876 1.3012 2.3269 -0.1176 -0.049729 0.020364 
18.495 1.3286 1.3327 2.3652 -0.1195 -0.047111 0.024324 
18.524 1.3815 1.3331 2.4037 -0.1213 -0.047111 0.025240 
18.553 1.4014 1.3400 2.4426 -0.1231 -0.047111 0.025751 
18.582 1.4057 1.3569 2.4817 -0.1249 -0.044494 0.023344 
18.611 1.3653 1.3391 2.5212 -0.1268 -0.047111 0.023238 
18.640 1.3304 1.3474 2.5603 -0.1287 -0.049729 0.022128 
18.669 1.3624 1.3933 2.6000 -0.1306 -0.049729 0.020534 
18.698 1.3618 1.3396 2.6395 -0.1325 -0.047111 0.020699 
18.727 1.3878 1.4265 2.6792 -0.1344 -0.047111 0.018689 
18.756 1.3460 1.3679 2.7191 -0.1363 -0.049729 0.020540 
18.785 1.2959 1.3984 2.7590 -0.1382 -0.047111 0.022236 
18.814 1.4010 1.3656 2.7994 -0.1401 -0.044494 0.022801 
18.843 1.3760 1.4058 2.8399 -0.1420 -0.044494 0.022583 
18.872 1.3904 1.4645 2.8804 -0.1438 -0.044494 0.021426 
18.901 1.3699 1.4083 2.9211 -0.1457 -0.047111 0.024026 
18.930 1.4175 1.4467 2.9618 -0.1477 -0.049729 0.023588 
18.959 1.4733 1.4055 3.0032 -0.1498 -0.049729 0.022322 
18.988 1.4310 1.4079 3.0447 -0.1517 -0.047111 0.018320 
19.017 1.4182 1.4407 3.0860 -0.1537 -0.047111 0.018185 
19.046 1.4552 1.4302 3.1272 -0.1558 -0.049729 0.017985 
19.075 1.4464 1.3979 3.1687 -0.1578 -0.047111 0.017825 
19.104 1.3604 1.4377 3.2104 -0.1598 -0.047111 0.018194 
19.133 1.4013 1.4395 3.2518 -0.1617 -0.047111 0.017508 
19.162 1.4447 1.3689 3.2933 -0.1637 -0.049729 0.020415 
19.191 1.4329 1.4481 3.3350 -0.1658 -0.049729 0.021094 
19.220 1.3147 1.4438 3.3772 -0.1679 -0.049729 0.021804 
19.249 1.4794 1.4300 3.4191 -0.1699 -0.047111 0.020925 
19.278 1.4286 1.4550 3.4614 -0.1720 -0.049729 0.021150 
19.307 1.4958 1.5119 3.5036 -0.1742 -0.049729 0.020511 
19.336 1.4901 1.4451 3.5459 -0.1764 -0.052346 0.020213 
19.365 1.4615 1.4307 3.5885 -0.1786 -0.052346 0.019510 
19.394 1.4622 1.4491 3.6308 -0.1808 -0.054963 0.019617 
19.423 1.4776 1.4800 3.6733 -0.1831 -0.054963 0.023097 
19.452 1.4637 1.4835 3.7159 -0.1855 -0.054963 0.022415 
19.481 1.4858 1.4424 3.7588 -0.1878 -0.054963 0.022623 
19.510 1.4546 1.5061 3.8015 -0.1900 -0.052346 0.018461 
19.539 1.4772 1.4564 3.8441 -0.1922 -0.052346 0.017163 
19.568 1.4906 1.4810 3.8872 -0.1945 -0.054963 0.021096 
19.597 1.4542 1.4938 3.9298 -0.1969 -0.054963 0.025252 
19.626 1.4756 1.5088 3.9729 -0.1992 -0.052346 0.029221 
19.655 1.5263 1.4757 4.0163 -0.2015 -0.052346 0.028571 
19.684 1.5480 1.5154 4.0600 -0.2038 -0.052346 0.027204 
19.713 1.5317 1.5180 4.1038 -0.2061 -0.052346 0.025045 
19.742 1.5066 1.4662 4.1475 -0.2084 -0.052346 0.022943 
19.771 1.5214 1.4851 4.1913 -0.2106 -0.052346 0.019549 
19.800 1.5587 1.5012 4.2350 -0.2129 -0.052346 0.019337 
19.829 1.4825 1.4876 4.2784 -0.2152 -0.052346 0.019838 
19.858 1.5304 1.5131 4.3217 -0.2175 -0.052346 0.023027 
19.887 1.4818 1.5127 4.3650 -0.2197 -0.052346 0.024452 
19.916 1.5059 1.4889 4.4086 -0.2221 -0.054963 0.027736 
19.945 1.4725 1.5570 4.4525 -0.2246 -0.057581 0.028821 
19.974 1.5441 1.5245 4.4965 -0.2272 -0.060198 0.027877 
20.003 1.5341 1.5502 4.5406 -0.2299 -0.060198 0.024921 
20.032 1.5039 1.4754 4.5849 -0.2326 -0.062815 0.023991 
20.061 1.4856 1.5139 4.6291 -0.2355 -0.062815 0.025104 
20.090 1.5120 1.4760 4.6732 -0.2383 -0.062815 0.025509 
20.119 1.5072 1.5542 4.7173 -0.2412 -0.062815 0.026451 
20.148 1.5541 1.5273 4.7617 -0.2439 -0.065432 0.027946 
20.177 1.4798 1.4810 4.8062 -0.2468 -0.065432 0.030203 
20.206 1.5074 1.5690 4.8505 -0.2497 -0.062815 0.030236 
20.235 1.5507 1.5381 4.8953 -0.2526 -0.065432 0.031207 
20.263 1.5055 1.5553 4.9402 -0.2555 -0.065432 0.029654 
20.292 1.5834 1.5520 4.9851 -0.2585 -0.065432 0.031189 
20.321 1.5565 1.5394 5.0301 -0.2615 -0.065432 0.030456 
20.350 1.5569 1.5126 5.0752 -0.2644 -0.068050 0.030588 
20.379 1.5601 1.5086 5.1203 -0.2674 -0.065432 0.030031 
20.408 1.5572 1.5025 5.1657 -0.2704 -0.065432 0.031187 
20.437 1.5699 1.5361 5.2110 -0.2734 -0.065432 0.032515 
20.466 1.5977 1.5680 5.2567 -0.2765 -0.065432 0.031034 
20.495 1.5812 1.5858 5.3025 -0.2795 -0.065432 0.029665 
20.524 1.5286 1.5639 5.3482 -0.2824 -0.065432 0.031908 
20.553 1.5208 1.5188 5.3938 -0.2853 -0.062815 0.033346 
20.582 1.6062 1.5537 5.4402 -0.2880 -0.060198 0.033494 
20.611 1.6035 1.6266 5.4863 -0.2907 -0.054963 0.033289 
20.640 1.6445 1.5948 5.5329 -0.2932 -0.054963 0.033808 
20.669 1.5965 1.5765 5.5795 -0.2958 -0.054963 0.034679 
20.698 1.5933 1.5889 5.6265 -0.2983 -0.049729 0.032614 
20.727 1.6408 1.6268 5.6735 -0.3006 -0.049729 0.030197 
20.756 1.5696 1.6200 5.7205 -0.3030 -0.049729 0.029829 
20.785 1.6290 1.5477 5.7677 -0.3054 -0.052346 0.030434 
20.814 1.6153 1.5998 5.8147 -0.3078 -0.052346 0.030565 
20.843 1.5864 1.6279 5.8617 -0.3103 -0.052346 0.031618 
20.872 1.5951 1.6335 5.9091 -0.3127 -0.052346 0.036328 
20.901 1.6344 1.6007 5.9564 -0.3152 -0.052346 0.036705 
20.930 1.6425 1.6422 6.0047 -0.3178 -0.052346 0.033673 
20.959 1.6355 1.6306 6.0527 -0.3203 -0.049729 0.029587 
20.988 1.6599 1.6022 6.1007 -0.3228 -0.052346 0.028073 
21.017 1.6444 1.6611 6.1487 -0.3255 -0.054963 0.029167 
21.046 1.6589 1.6346 6.1965 -0.3281 -0.054963 0.029695 
21.075 1.6516 1.6766 6.2449 -0.3307 -0.052346 0.029882 
21.104 1.6512 1.6462 6.2933 -0.3333 -0.054963 0.029703 
21.133 1.6601 1.6708 6.3417 -0.3360 -0.052346 0.032143 
21.162 1.6688 1.6496 6.3905 -0.3386 -0.054963 0.032528 
21.191 1.6913 1.7110 6.4393 -0.3413 -0.052346 0.031732 
21.220 1.7058 1.6741 6.4885 -0.3440 -0.054963 0.033288 
21.249 1.7173 1.7083 6.5379 -0.3468 -0.054963 0.031196 
21.278 1.7318 1.6851 6.5873 -0.3495 -0.054963 0.028815 
21.307 1.7270 1.7196 6.6368 -0.3522 -0.054963 0.025978 
21.336 1.6580 1.7044 6.6862 -0.3549 -0.054963 0.027914 
21.365 1.6669 1.7002 6.7360 -0.3576 -0.054963 0.029695 
21.394 1.6621 1.6710 6.7858 -0.3604 -0.054963 0.026044 
21.423 1.7543 1.6886 6.8354 -0.3633 -0.057581 0.021069 
21.452 1.6511 1.6759 6.8848 -0.3663 -0.062815 0.021457 
21.481 1.6723 1.7236 6.9340 -0.3694 -0.065432 0.023077 
21.510 1.6333 1.6557 6.9832 -0.3726 -0.062815 0.025371 
21.539 1.7250 1.6755 7.0328 -0.3758 -0.065432 0.026515 
21.568 1.7014 1.7300 7.0822 -0.3791 -0.065432 0.028384 
21.597 1.6065 1.6699 7.1318 -0.3825 -0.068050 0.027344 
21.626 1.7552 1.6937 7.1814 -0.3858 -0.065432 0.025251 
21.655 1.7057 1.7157 7.2313 -0.3891 -0.068050 0.025396 
21.684 1.6919 1.7304 7.2807 -0.3925 -0.068050 0.026666 
21.713 1.6866 1.6675 7.3307 -0.3959 -0.065432 0.027410 
21.742 1.7213 1.7403 7.3805 -0.3993 -0.065432 0.028364 
21.771 1.7204 1.6927 7.4307 -0.4027 -0.070667 0.029253 
21.800 1.7421 1.6985 7.4804 -0.4062 -0.070667 0.027043 
21.829 1.6992 1.7313 7.5304 -0.4097 -0.068050 0.024351 
21.858 1.7372 1.7334 7.5802 -0.4132 -0.073284 0.021462 
21.887 1.7120 1.6185 7.6300 -0.4168 -0.073284 0.023353 
21.916 1.6791 1.7301 7.6795 -0.4205 -0.075902 0.025550 
21.945 1.7165 1.7262 7.7291 -0.4241 -0.073284 0.026138 
21.974 1.6611 1.6976 7.7789 -0.4278 -0.073284 0.025465 
22.003 1.7164 1.7440 7.8284 -0.4315 -0.075902 0.031499 
22.032 1.7335 1.7674 7.8786 -0.4352 -0.075902 0.033322 
22.061 1.7045 1.7030 7.9285 -0.4389 -0.073284 0.034507 
22.089 1.7185 1.7208 7.9787 -0.4428 -0.078519 0.031393 
22.118 1.6969 1.7492 8.0289 -0.4467 -0.078519 0.030758 
22.147 1.7336 1.7705 8.0794 -0.4507 -0.078519 0.028427 
22.176 1.7288 1.7021 8.1295 -0.4547 -0.078519 0.025670 
22.205 1.6485 1.6931 8.1797 -0.4587 -0.083754 0.027800 
22.234 1.6803 1.7514 8.2294 -0.4629 -0.083754 0.027769 
22.263 1.7126 1.6982 8.2796 -0.4671 -0.083754 0.032777 
22.292 1.7427 1.7210 8.3295 -0.4713 -0.086371 0.035361 
22.321 1.6788 1.7549 8.3796 -0.4756 -0.086371 0.036009 
22.350 1.7686 1.7368 8.4295 -0.4800 -0.088988 0.035023 
22.379 1.7036 1.7197 8.4796 -0.4844 -0.088988 0.031192 
22.408 1.6556 1.6277 8.5289 -0.4888 -0.088988 0.027555 
22.437 1.7412 1.6885 8.5778 -0.4931 -0.088988 0.025907 
22.466 1.6939 1.6625 8.6267 -0.4975 -0.088988 0.030219 
22.495 1.6430 1.7196 8.6756 -0.5019 -0.088988 0.036183 
22.524 1.6594 1.6748 8.7245 -0.5063 -0.088988 0.040845 
22.553 1.6791 1.7213 8.7736 -0.5108 -0.091605 0.044066 
22.582 1.6502 1.6514 8.8229 -0.5153 -0.091605 0.042123 
22.611 1.7294 1.6911 8.8721 -0.5197 -0.091605 0.039087 
22.640 1.6949 1.6621 8.9214 -0.5242 -0.091605 0.036265 
22.669 1.6581 1.6348 8.9703 -0.5288 -0.091605 0.036776 
22.698 1.6273 1.6971 9.0190 -0.5334 -0.094223 0.037635 
22.727 1.6901 1.6369 9.0678 -0.5379 -0.094223 0.041616 
22.756 1.6784 1.6734 9.1167 -0.5425 -0.094223 0.042778 
22.785 1.6781 1.6667 9.1652 -0.5472 -0.094223 0.043676 
22.814 1.6875 1.6846 9.2138 -0.5519 -0.096840 0.044225 
22.843 1.6865 1.6587 9.2625 -0.5565 -0.094223 0.042570 
22.872 1.6569 1.6994 9.3112 -0.5612 -0.096840 0.043387 
22.901 1.7054 1.6512 9.3596 -0.5660 -0.096840 0.043961 
22.930 1.6210 1.7045 9.4081 -0.5708 -0.096840 0.046630 
22.959 1.6754 1.6425 9.4563 -0.5755 -0.099457 0.046385 
22.988 1.6582 1.6663 9.5046 -0.5803 -0.096840 0.049212 
23.017 1.6657 1.6043 9.5528 -0.5851 -0.099457 0.049263 
23.046 1.6449 1.6672 9.6009 -0.5899 -0.099457 0.049236 
23.075 1.6511 1.5966 9.6489 -0.5947 -0.099457 0.047363 
23.104 1.6500 1.6772 9.6965 -0.5995 -0.099457 0.049243 
23.133 1.6196 1.6433 9.7443 -0.6044 -0.102075 0.056084 
23.162 1.6086 1.6175 9.7924 -0.6093 -0.102075 0.061213 
23.191 1.7025 1.6799 9.8408 -0.6143 -0.102075 0.061569 
23.220 1.6281 1.6895 9.8894 -0.6194 -0.104692 0.064204 
23.249 1.6616 1.7161 9.9378 -0.6244 -0.104692 0.061893 
23.278 1.6803 1.6766 9.9869 -0.6295 -0.102075 0.059639 
23.307 1.7135 1.6928 10.0359 -0.6346 -0.104692 0.061247 
23.336 1.6980 1.6833 10.0849 -0.6398 -0.107309 0.058729 
23.365 1.7188 1.6169 10.1339 -0.6450 -0.104692 0.056190 
23.394 1.6851 1.7034 10.1827 -0.6502 -0.104692 0.054719 
23.423 1.7022 1.6321 10.2313 -0.6553 -0.107309 0.058287 
23.452 1.6946 1.7070 10.2801 -0.6606 -0.107309 0.060782 
23.481 1.6259 1.6782 10.3291 -0.6660 -0.109927 0.060504 
23.510 1.7016 1.6486 10.3781 -0.6712 -0.107309 0.062143 
23.539 1.7195 1.7160 10.4274 -0.6765 -0.107309 0.066204 
23.568 1.6837 1.6876 10.4766 -0.6818 -0.107309 0.064526 
23.597 1.7071 1.6922 10.5264 -0.6871 -0.104692 0.063778 
23.626 1.7411 1.7419 10.5762 -0.6924 -0.107309 0.065309 
23.655 1.6483 1.6540 10.6258 -0.6977 -0.107309 0.065362 
23.684 1.7661 1.7180 10.6758 -0.7032 -0.107309 0.060775 
23.713 1.7251 1.7475 10.7254 -0.7086 -0.107309 0.058617 
23.742 1.6988 1.7176 10.7752 -0.7140 -0.109927 0.057541 
23.771 1.6895 1.6975 10.8248 -0.7195 -0.109927 0.059184 
23.800 1.7086 1.7226 10.8744 -0.7250 -0.109927 0.060146 
23.829 1.7410 1.7556 10.9242 -0.7305 -0.107309 0.060189 
23.858 1.6678 1.6727 10.9740 -0.7360 -0.109927 0.060353 
23.887 1.7507 1.7472 11.0238 -0.7417 -0.112544 0.061512 
23.915 1.7262 1.7530 11.0738 -0.7473 -0.112544 0.062202 
23.944 1.7535 1.7557 11.1238 -0.7530 -0.112544 0.062865 
23.973 1.7521 1.7163 11.1741 -0.7587 -0.117778 0.068753 
24.002 1.7710 1.7575 11.2245 -0.7646 -0.117778 0.068181 
24.031 1.8077 1.7360 11.2753 -0.7706 -0.117778 0.072268 
24.060 1.7092 1.7789 11.3262 -0.7767 -0.120396 0.069212 
24.089 1.7442 1.7468 11.3774 -0.7831 -0.125630 0.065183 
24.118 1.7819 1.8058 11.4283 -0.7895 -0.128248 0.057395 
24.147 1.7499 1.7466 11.4790 -0.7959 -0.128248 0.051369 
24.176 1.7303 1.7149 11.5295 -0.8024 -0.130865 0.048178 
24.205 1.7706 1.6723 11.5791 -0.8090 -0.133482 0.052694 
24.234 1.7372 1.7232 11.6290 -0.8157 -0.133482 0.057717 
24.263 1.7487 1.7087 11.6789 -0.8224 -0.133482 0.060415 
24.292 1.7501 1.7141 11.7289 -0.8292 -0.136100 0.066803 
24.321 1.7500 1.7218 11.7789 -0.8361 -0.138717 0.067309 
24.350 1.7908 1.7700 11.8293 -0.8432 -0.141334 0.064342 
24.379 1.7415 1.7483 11.8798 -0.8503 -0.138717 0.065504 
24.408 1.7653 1.7111 11.9304 -0.8575 -0.143951 0.066342 
24.437 1.7635 1.7757 11.9810 -0.8649 -0.143951 0.066553 
24.466 1.7348 1.7324 12.0316 -0.8722 -0.143951 0.065692 
24.495 1.7944 1.7587 12.0827 -0.8797 -0.146569 0.062305 
24.524 1.7512 1.7483 12.1333 -0.8872 -0.146569 0.054818 
24.553 1.7764 1.7790 12.1838 -0.8948 -0.151803 0.056713 
24.582 1.7695 1.7673 12.2342 -0.9024 -0.149186 0.057810 
24.611 1.7794 1.7806 12.2849 -0.9101 -0.151803 0.060619 
24.640 1.7435 1.7544 12.3354 -0.9180 -0.157038 0.065371 
24.669 1.8397 1.7645 12.3865 -0.9261 -0.159655 0.070122 
24.698 1.8256 1.8025 12.4378 -0.9343 -0.159655 0.069683 
24.727 1.8030 1.7880 12.4897 -0.9426 -0.162273 0.069002 
24.756 1.8239 1.8466 12.5415 -0.9510 -0.159655 0.064336 
24.785 1.7734 1.8257 12.5936 -0.9595 -0.159655 0.060357 
24.814 1.8104 1.8206 12.6458 -0.9680 -0.162273 0.056912 
24.843 1.8484 1.8253 12.6977 -0.9765 -0.164890 0.053034 
24.872 1.8076 1.8107 12.7495 -0.9851 -0.167507 0.059272 
24.901 1.8098 1.8245 12.8015 -0.9937 -0.162273 0.061659 
24.930 1.8333 1.8248 12.8539 -1.0025 -0.167507 0.062074 
24.959 1.8257 1.8047 12.9059 -1.0112 -0.167507 0.059646 
24.988 1.8148 1.8539 12.9583 -1.0201 -0.167507 0.058438 
25.017 1.8098 1.8470 13.0110 -1.0289 -0.164890 0.056139 
25.046 1.7896 1.8270 13.0636 -1.0378 -0.167507 0.056043 
25.075 1.8669 1.8294 13.1161 -1.0467 -0.170124 0.056778 
25.104 1.8522 1.8411 13.1687 -1.0557 -0.167507 0.055170 
25.133 1.8202 1.8914 13.2217 -1.0646 -0.170124 0.054536 
25.162 1.7994 1.8808 13.2745 -1.0737 -0.170124 0.054410 
25.191 1.8610 1.8480 13.3277 -1.0828 -0.170124 0.055334 
25.220 1.8647 1.8709 13.3807 -1.0918 -0.167507 0.053791 
25.249 1.8725 1.8770 13.4339 -1.1009 -0.172742 0.054986 
25.278 1.9141 1.8734 13.4872 -1.1101 -0.170124 0.055536 
25.307 1.8799 1.8940 13.5410 -1.1193 -0.167507 0.054200 
25.336 1.8928 1.8393 13.5948 -1.1285 -0.170124 0.056884 
25.365 1.9036 1.8908 13.6484 -1.1377 -0.170124 0.054629 
25.394 1.8800 1.9229 13.7027 -1.1471 -0.170124 0.053480 
25.423 1.9243 1.8755 13.7565 -1.1562 -0.167507 0.048913 
25.452 1.9159 1.8884 13.8107 -1.1655 -0.170124 0.045693 
25.481 1.8653 1.8895 13.8645 -1.1748 -0.172742 0.044905 
25.510 1.8691 1.8938 13.9180 -1.1840 -0.167507 0.044089 
25.539 1.8531 1.8699 13.9718 -1.1932 -0.170124 0.047806 
25.568 1.8907 1.8848 14.0258 -1.2025 -0.170124 0.050792 
25.597 1.8734 1.9131 14.0799 -1.2118 -0.172742 0.053103 
25.626 1.9032 1.9129 14.1341 -1.2212 -0.170124 0.050898 
25.655 1.9082 1.9215 14.1887 -1.2307 -0.172742 0.049443 
25.684 1.9237 1.9287 14.2432 -1.2401 -0.170124 0.045956 
25.712 1.9284 1.9236 14.2976 -1.2495 -0.170124 0.041635 
25.741 1.9111 1.8923 14.3521 -1.2589 -0.172742 0.041383 
25.770 1.9086 1.9154 14.4063 -1.2683 -0.170124 0.041188 
25.799 1.8749 1.8831 14.4605 -1.2777 -0.167507 0.043210 
25.828 1.9182 1.9214 14.5148 -1.2870 -0.172742 0.049271 
25.857 1.9187 1.9181 14.5694 -1.2964 -0.170124 0.052607 
25.886 1.9064 1.9331 14.6242 -1.3058 -0.170124 0.051680 
25.915 1.9114 1.9443 14.6793 -1.3153 -0.170124 0.048847 
25.944 1.9521 1.9236 14.7349 -1.3248 -0.170124 0.045885 
25.973 1.9321 1.9495 14.7901 -1.3343 -0.170124 0.042838 
26.002 1.9249 1.9280 14.8453 -1.3438 -0.170124 0.041952 
26.031 1.9561 1.9170 14.9006 -1.3533 -0.172742 0.041227 
26.060 1.9188 1.9171 14.9558 -1.3628 -0.167507 0.039353 
26.089 1.9222 1.9277 15.0110 -1.3723 -0.167507 0.038234 
26.118 1.9106 1.8928 15.0660 -1.3816 -0.170124 0.037298 
26.147 1.8960 1.9571 15.1211 -1.3911 -0.170124 0.039792 
26.176 1.9514 1.9354 15.1763 -1.4006 -0.170124 0.042212 
26.205 1.9402 1.9449 15.2315 -1.4100 -0.170124 0.041567 
26.234 1.9096 1.9267 15.2867 -1.4195 -0.170124 0.044516 
26.263 1.9833 1.9295 15.3422 -1.4290 -0.170124 0.043403 
26.292 1.9444 1.9512 15.3980 -1.4386 -0.167507 0.040557 
26.321 1.9940 1.9779 15.4538 -1.4482 -0.170124 0.039129 
26.350 1.9578 1.9247 15.5093 -1.4577 -0.170124 0.038249 
26.379 1.8945 1.9681 15.5653 -1.4674 -0.170124 0.038931 
26.408 1.9241 1.9772 15.6211 -1.4768 -0.167507 0.038305 
26.437 1.9688 1.9204 15.6769 -1.4863 -0.170124 0.038092 
26.466 1.9982 1.9621 15.7329 -1.4957 -0.164890 0.038617 
26.495 1.9071 1.9414 15.7889 -1.5051 -0.164890 0.035075 
26.524 1.9851 1.9749 15.8449 -1.5144 -0.164890 0.032543 
26.553 1.9569 1.9820 15.9010 -1.5237 -0.164890 0.031637 
26.582 1.9882 1.9306 15.9566 -1.5330 -0.164890 0.031483 
26.611 1.9422 1.9462 16.0124 -1.5423 -0.167507 0.035764 
26.640 2.0005 1.9791 16.0680 -1.5517 -0.167507 0.041052 
26.669 1.9563 1.9563 16.1244 -1.5612 -0.167507 0.044412 
26.698 2.0065 1.9479 16.1809 -1.5707 -0.167507 0.043440 
26.727 1.9970 2.0162 16.2379 -1.5804 -0.170124 0.040671 
26.756 2.0147 2.0142 16.2953 -1.5901 -0.167507 0.036975 
26.785 1.9745 2.0053 16.3523 -1.5998 -0.164890 0.031629 
26.814 1.9190 1.9924 16.4095 -1.6095 -0.170124 0.028963 
26.843 2.0112 2.0125 16.4665 -1.6193 -0.172742 0.029854 
26.872 1.9531 2.0073 16.5233 -1.6290 -0.167507 0.029173 
26.901 1.9633 2.0261 16.5802 -1.6388 -0.170124 0.031003 
26.930 1.9822 1.9707 16.6374 -1.6487 -0.170124 0.031324 
26.959 1.9917 1.9784 16.6946 -1.6585 -0.170124 0.029882 
26.988 2.0272 1.9815 16.7518 -1.6683 -0.170124 0.029269 
27.017 1.9998 2.0083 16.8089 -1.6782 -0.170124 0.028963 
27.046 1.9600 1.9981 16.8661 -1.6881 -0.170124 0.028400 
27.075 2.0327 2.0005 16.9233 -1.6978 -0.170124 0.026672 
27.104 1.9167 1.9822 16.9805 -1.7077 -0.170124 0.027226 
27.133 2.0061 1.9887 17.0376 -1.7175 -0.170124 0.027467 
27.162 1.9615 1.9859 17.0944 -1.7273 -0.170124 0.026555 
27.191 1.9323 2.0301 17.1516 -1.7371 -0.170124 0.026988 
27.220 1.9568 2.0171 17.2090 -1.7471 -0.172742 0.027142 
27.249 1.9940 2.0226 17.2661 -1.7569 -0.167507 0.025704 
27.278 1.9800 2.0148 17.3233 -1.7668 -0.172742 0.025664 
27.307 2.0435 1.9932 17.3805 -1.7767 -0.172742 0.026366 
27.336 1.9965 2.0133 17.4374 -1.7865 -0.170124 0.026277 
27.365 2.0221 2.0320 17.4948 -1.7964 -0.172742 0.027758 
27.394 2.0068 1.9959 17.5520 -1.8063 -0.172742 0.027224 
27.423 1.9803 1.9939 17.6093 -1.8163 -0.170124 0.024890 
27.452 2.0038 1.9595 17.6667 -1.8262 -0.172742 0.022791 
27.481 1.9846 2.0030 17.7236 -1.8363 -0.175359 0.022027 
27.510 1.9819 1.9755 17.7807 -1.8464 -0.175359 0.021010 
27.538 1.9938 1.9801 17.8375 -1.8564 -0.175359 0.020141 
27.567 2.0252 1.9653 17.8938 -1.8664 -0.175359 0.020408 
27.596 1.9861 1.9944 17.9505 -1.8764 -0.175359 0.024895 
27.625 1.9902 1.9935 18.0073 -1.8865 -0.175359 0.034938 
27.654 2.0057 2.0300 18.0646 -1.8967 -0.177976 0.040781 
27.683 2.0505 2.0482 18.1225 -1.9070 -0.177976 0.038714 
27.712 2.0402 2.0800 18.1810 -1.9175 -0.175359 0.032237 
27.741 2.0835 1.9974 18.2395 -1.9279 -0.177976 0.024928 
27.770 1.8804 2.0150 18.2976 -1.9384 -0.180594 0.016924 
27.799 1.9927 2.0205 18.3553 -1.9488 -0.177976 0.009672 
27.828 2.0000 1.9800 18.4126 -1.9591 -0.175359 0.006005 
27.857 2.0221 1.9596 18.4691 -1.9693 -0.177976 0.007725 
27.886 1.9728 1.9521 18.5254 -1.9794 -0.177976 0.015206 
27.915 1.9634 2.0186 18.5819 -1.9896 -0.175359 0.027424 
27.944 1.9749 1.9949 18.6386 -1.9998 -0.180594 0.035237 
27.973 2.0167 2.0207 18.6961 -2.0102 -0.180594 0.036331 
28.002 2.0075 2.0454 18.7541 -2.0206 -0.175359 0.031231 
28.031 2.0180 2.0651 18.8122 -2.0310 -0.177976 0.025240 
28.060 2.0301 2.0338 18.8701 -2.0414 -0.177976 0.021106 
28.089 2.0183 2.0052 18.9280 -2.0519 -0.177976 0.017676 
28.118 2.0203 1.9963 18.9855 -2.0621 -0.177976 0.016952 
28.147 2.0233 1.9931 19.0430 -2.0724 -0.177976 0.019060 
28.176 1.9861 2.0037 19.1007 -2.0828 -0.175359 0.021992 
28.205 2.0461 2.0458 19.1584 -2.0931 -0.177976 0.024192 
28.234 2.1017 2.0607 19.2163 -2.1035 -0.177976 0.024640 
28.263 2.0494 2.0386 19.2744 -2.1140 -0.180594 0.022882 
28.292 2.0366 2.0178 19.3327 -2.1246 -0.180594 0.020164 
28.321 2.0312 2.0226 19.3908 -2.1353 -0.183211 0.019570 
28.350 2.0398 2.0300 19.4490 -2.1460 -0.183211 0.018260 
28.379 2.0534 2.0111 19.5071 -2.1567 -0.180594 0.015642 
28.408 2.0543 1.9902 19.5651 -2.1674 -0.183211 0.014462 
28.437 2.0304 2.0223 19.6230 -2.1781 -0.183211 0.015259 
28.466 2.0247 2.0609 19.6809 -2.1888 -0.183211 0.014992 
28.495 1.9701 2.0340 19.7387 -2.1995 -0.183211 0.017022 
28.524 1.9773 2.0296 19.7966 -2.2102 -0.183211 0.019280 
28.553 2.0208 2.0505 19.8546 -2.2209 -0.180594 0.018332 
28.582 2.0744 2.0461 19.9127 -2.2316 -0.183211 0.019418 
28.611 2.0581 2.0393 19.9709 -2.2424 -0.183211 0.022569 
28.640 2.0439 2.0531 20.0294 -2.2532 -0.180594 0.022919 
28.669 2.0536 2.0657 20.0880 -2.2639 -0.180594 0.018761 
28.698 2.0713 2.0637 20.1467 -2.2747 -0.180594 0.014107 
28.727 1.9896 2.0896 20.2050 -2.2854 -0.180594 0.009312 
28.756 2.0028 2.0502 20.2630 -2.2960 -0.177976 0.007014 
28.785 2.0370 2.0364 20.3207 -2.3065 -0.180594 0.008334 
28.814 2.0376 2.0492 20.3786 -2.3170 -0.180594 0.013902 
28.843 2.0451 2.0324 20.4363 -2.3274 -0.177976 0.017167 
28.872 2.0389 2.0377 20.4940 -2.3378 -0.180594 0.019976 
28.901 2.0551 2.0533 20.5523 -2.3483 -0.180594 0.020883 
28.930 2.0626 2.0084 20.6104 -2.3588 -0.177976 0.017977 
28.959 2.0878 2.0219 20.6688 -2.3695 -0.180594 0.016359 
28.988 2.0265 2.0401 20.7271 -2.3802 -0.180594 0.013844 
29.017 2.0402 2.0557 20.7853 -2.3908 -0.180594 0.009365 
29.046 2.0326 2.0486 20.8434 -2.4015 -0.183211 0.007242 
29.075 2.0225 2.0238 20.9013 -2.4122 -0.183211 0.007900 
29.104 2.0104 2.0201 20.9585 -2.4228 -0.180594 0.011081 
29.133 2.0312 2.0185 21.0160 -2.4333 -0.180594 0.015751 
29.162 2.0306 2.0199 21.0734 -2.4438 -0.180594 0.020628 
29.191 2.0226 2.0312 21.1315 -2.4544 -0.183211 0.022092 
29.220 2.0945 2.0744 21.1896 -2.4650 -0.180594 0.020548 
29.249 2.0390 1.9949 21.2478 -2.4757 -0.180594 0.016151 
29.278 2.0188 2.0329 21.3061 -2.4864 -0.180594 0.010573 
29.307 2.0266 2.0083 21.3639 -2.4969 -0.180594 0.007598 
29.336 2.0161 1.9961 21.4214 -2.5074 -0.180594 0.008427 
29.364 2.0076 1.9979 21.4788 -2.5179 -0.180594 0.011957 
29.393 2.0281 1.9876 21.5363 -2.5284 -0.180594 0.013821 
29.422 2.0045 2.0036 21.5938 -2.5389 -0.180594 0.017722 
29.451 2.0139 2.0167 21.6514 -2.5495 -0.183211 0.018934 
29.480 2.0165 2.0176 21.7093 -2.5601 -0.177976 0.016374 
29.509 2.0555 2.0283 21.7672 -2.5706 -0.183211 0.014928 
29.538 2.0568 1.9996 21.8250 -2.5813 -0.183211 0.011791 
29.567 2.0390 1.9933 21.8825 -2.5919 -0.183211 0.011053 
29.596 2.0209 1.9822 21.9400 -2.6025 -0.183211 0.012223 
29.625 2.0492 1.9838 21.9974 -2.6130 -0.183211 0.016171 
29.654 2.0241 2.0059 22.0549 -2.6237 -0.183211 0.018121 
29.683 2.0597 1.9798 22.1125 -2.6342 -0.180594 0.015559 
29.712 2.0577 2.0162 22.1702 -2.6446 -0.177976 0.015718 
29.741 2.0584 2.0708 22.2281 -2.6551 -0.177976 0.018381 
29.770 2.0657 2.0388 22.2858 -2.6654 -0.175359 0.016690 
29.799 2.0227 2.0253 22.3439 -2.6758 -0.177976 0.021584 
29.828 1.9958 2.0644 22.4023 -2.6861 -0.177976 0.020766 
29.857 2.0312 2.0376 22.4606 -2.6965 -0.172742 0.015472 
29.886 2.0584 2.0094 22.5189 -2.7068 -0.177976 0.009793 
29.915 2.0443 1.9914 22.5768 -2.7172 -0.177976 0.005717 
29.944 2.0153 1.9824 22.6341 -2.7275 -0.175359 0.002966 
29.973 1.9851 1.9824 22.6908 -2.7376 -0.175359 0.003639 
30.002 1.9482 2.0101 22.7478 -2.7477 -0.177976 0.010984 
30.031 1.9498 2.0231 22.8051 -2.7579 -0.175359 0.021621 
