%% logfile from robot Freja (4)
% Freja (4)
%  1    time 0.089 sec
%  2  3  4  5   (mission 0), state 2, entered (thread 1, line 0), events 0x0 (bit-flags)
%  6  7 Motor voltage [V] left, right: 2.00 2.00
%  8  9 Motor current left, right [A]: -0.316 0.081
% 10 11 Wheel velocity [m/s] left, right: 0.0765 0.0992
% 12 13 14 15 Pose x,y,h,tilt [m,m,rad,rad]: 0.00770552 -0.000166145 -0.0314075 -0.687107
% 16    Battery voltage [V]: 12.52
0.089 2 1 0 0 2.00 2.00 0.468 0.070 0.0765 0.0992 0.0077 -0.0002 -0.031408 -0.687107 12.52 
0.189 2 1 0 0 2.00 2.00 0.538 0.030 0.1412 0.1755 0.0207 -0.0004 -0.005235 -0.692290 12.52 
0.289 2 1 0 0 2.00 2.00 0.502 -0.023 0.1930 0.2453 0.0404 -0.0002 0.028790 -0.697049 12.53 
0.389 2 1 0 0 2.00 2.00 0.458 -0.075 0.2221 0.2683 0.0647 0.0010 0.065432 -0.700068 12.51 
0.489 2 1 0 0 2.00 2.00 0.426 -0.101 0.2193 0.3091 0.0920 0.0032 0.099457 -0.696567 12.54 
0.589 2 1 0 0 2.00 2.00 0.412 -0.118 0.3059 0.3455 0.1216 0.0068 0.143951 -0.690330 12.51 
0.689 2 1 0 0 2.00 2.00 0.398 -0.135 0.2760 0.3953 0.1529 0.0122 0.198915 -0.689698 12.50 
0.789 2 1 0 0 2.00 2.00 0.390 -0.150 0.2709 0.3587 0.1851 0.0197 0.259113 -0.692916 12.54 
0.889 2 1 0 0 2.00 2.00 0.393 -0.171 0.2907 0.4202 0.2177 0.0298 0.337631 -0.695800 12.54 
0.989 2 1 0 0 2.00 2.00 0.369 -0.150 0.2988 0.4168 0.2507 0.0427 0.403064 -0.697237 12.53 
1.089 2 1 1 0 0.45 2.00 0.074 -0.116 0.1660 0.4451 0.2800 0.0571 0.536546 -0.687934 12.52 
1.189 2 1 1 0 0.53 2.00 0.081 -0.121 0.1201 0.4210 0.3025 0.0737 0.735457 -0.684295 12.55 
1.289 2 1 1 0 0.55 2.00 0.125 -0.092 0.0821 0.4143 0.3199 0.0927 0.931750 -0.685216 12.55 
1.389 2 1 1 0 0.74 2.00 0.163 -0.070 0.0932 0.3590 0.3322 0.1129 1.112345 -0.686179 12.54 
1.489 2 1 1 0 0.81 2.00 0.196 -0.038 0.1284 0.3410 0.3407 0.1339 1.264151 -0.686327 12.51 
1.589 2 1 1 0 0.87 2.00 0.198 -0.022 0.0969 0.3246 0.3460 0.1560 1.405489 -0.687287 12.54 
1.689 2 1 1 0 0.79 2.00 0.193 -0.016 0.1431 0.3452 0.3481 0.1788 1.549443 -0.686553 12.54 
1.789 2 1 2 0 2.00 2.00 0.438 -0.094 0.2130 0.3306 0.3471 0.2037 1.656755 -0.692359 12.54 
1.889 2 1 2 0 2.00 2.00 0.448 -0.104 0.2380 0.3548 0.3434 0.2317 1.743128 -0.695062 12.53 
1.989 2 1 2 0 2.00 2.00 0.429 -0.127 0.2577 0.3611 0.3371 0.2616 1.819031 -0.696979 12.53 
2.089 2 1 2 0 2.00 2.00 0.407 -0.131 0.2787 0.4219 0.3279 0.2930 1.894935 -0.698280 12.55 
2.189 2 1 2 0 2.00 2.00 0.391 -0.148 0.3322 0.4465 0.3156 0.3254 1.970838 -0.700121 12.55 
2.289 2 1 2 0 2.00 2.00 0.373 -0.167 0.3151 0.4112 0.3001 0.3584 2.049359 -0.698938 12.52 
2.389 2 1 2 0 2.00 2.00 0.381 -0.156 0.2784 0.4128 0.2823 0.3898 2.127880 -0.693992 12.54 
2.489 2 1 2 0 2.00 2.00 0.388 -0.143 0.2685 0.4107 0.2627 0.4189 2.209018 -0.690673 12.48 
2.589 2 1 2 0 2.00 2.00 0.402 -0.149 0.2830 0.4083 0.2411 0.4455 2.295391 -0.690925 12.51 
2.689 2 1 2 0 2.00 2.00 0.406 -0.154 0.2744 0.4042 0.2175 0.4698 2.392233 -0.690131 12.54 
2.789 2 1 3 0 0.51 2.00 0.127 -0.090 0.1469 0.4254 0.1938 0.4891 2.536188 -0.685272 12.52 
2.889 2 1 3 0 0.77 2.00 0.119 -0.069 0.1156 0.3509 0.1706 0.5024 2.703699 -0.683474 12.55 
2.989 2 1 3 0 0.80 2.00 0.169 -0.038 0.1262 0.3423 0.1484 0.5108 2.858123 -0.684688 12.53 
3.089 2 1 3 0 0.83 2.00 0.183 -0.014 0.1021 0.3339 0.1252 0.5158 3.002078 -0.685951 12.52 
3.189 2 1 3 0 0.85 2.00 0.190 -0.009 0.1209 0.3294 0.1019 0.5174 3.135563 -0.687255 12.53 
3.289 2 1 4 0 2.00 2.00 0.442 -0.089 0.2197 0.3431 0.0760 0.5162 -3.048163 -0.694856 12.53 
3.389 2 1 4 0 2.00 2.00 0.443 -0.096 0.2286 0.3343 0.0469 0.5122 -2.967025 -0.694468 12.54 
3.489 2 1 4 0 2.00 2.00 0.426 -0.115 0.2556 0.3675 0.0167 0.5058 -2.898973 -0.689846 12.53 
3.589 2 1 4 0 2.00 2.00 0.417 -0.106 0.2946 0.4087 -0.0139 0.4971 -2.828305 -0.687305 12.53 
3.689 2 1 4 0 2.00 2.00 0.419 -0.139 0.2697 0.3936 -0.0447 0.4857 -2.744549 -0.687328 12.52 
3.789 2 1 4 0 2.00 2.00 0.407 -0.162 0.2953 0.4144 -0.0755 0.4711 -2.655559 -0.692845 12.53 
3.889 2 1 4 0 2.00 2.00 0.390 -0.155 0.2895 0.4207 -0.1061 0.4532 -2.574421 -0.694607 12.53 
3.989 2 1 4 0 2.00 2.00 0.373 -0.154 0.2918 0.4251 -0.1362 0.4325 -2.501135 -0.692579 12.51 
4.089 2 1 4 0 2.00 2.00 0.367 -0.161 0.3001 0.4336 -0.1654 0.4089 -2.425231 -0.690467 12.51 
4.189 2 1 4 0 2.00 2.00 0.373 -0.160 0.3051 0.4505 -0.1928 0.3830 -2.341476 -0.690042 12.49 
4.289 2 1 5 0 0.51 2.00 0.070 -0.117 0.1353 0.4252 -0.2136 0.3581 -2.173965 -0.681785 12.54 
4.389 2 1 5 0 0.54 2.00 0.096 -0.081 0.1262 0.4181 -0.2268 0.3342 -1.972428 -0.679470 12.54 
4.489 2 1 5 0 0.65 2.00 0.153 -0.051 0.0902 0.3864 -0.2340 0.3110 -1.773510 -0.681852 12.55 
4.589 2 1 5 0 0.70 2.00 0.174 -0.044 0.1130 0.3711 -0.2366 0.2878 -1.592912 -0.683696 12.53 
4.689 2 1 6 0 2.00 2.00 0.446 -0.081 0.2040 0.3398 -0.2354 0.2621 -1.464661 -0.691851 12.53 
4.789 2 1 6 0 2.00 2.00 0.441 -0.107 0.2491 0.3630 -0.2309 0.2328 -1.380906 -0.696450 12.49 
4.889 2 1 6 0 2.00 2.00 0.416 -0.113 0.2958 0.3935 -0.2237 0.2012 -1.312854 -0.695908 12.54 
4.989 2 1 6 0 2.00 2.00 0.400 -0.123 0.3106 0.4027 -0.2138 0.1688 -1.236951 -0.694123 12.54 
5.089 2 1 6 0 2.00 2.00 0.397 -0.124 0.2744 0.4310 -0.2006 0.1359 -1.145344 -0.693426 12.49 
5.189 2 1 6 0 2.00 2.00 0.400 -0.147 0.3154 0.4190 -0.1844 0.1041 -1.051119 -0.693489 12.50 
5.289 2 1 6 0 2.00 2.00 0.395 -0.136 0.2758 0.4182 -0.1656 0.0745 -0.959513 -0.695815 12.49 
5.389 2 1 6 0 2.00 2.00 0.391 -0.135 0.3027 0.4345 -0.1438 0.0462 -0.870526 -0.696436 12.50 
5.489 2 1 6 0 2.00 2.00 0.384 -0.139 0.3312 0.4559 -0.1190 0.0192 -0.784157 -0.697807 12.54 
5.589 2 1 6 0 2.00 2.00 0.375 -0.152 0.3276 0.4394 -0.0914 -0.0059 -0.695171 -0.699332 12.52 
5.689 2 1 7 0 0.53 2.00 0.067 -0.108 0.1671 0.4199 -0.0644 -0.0257 -0.545987 -0.688186 12.50 
5.789 2 1 7 0 0.52 2.00 0.085 -0.088 0.1155 0.4242 -0.0394 -0.0377 -0.344456 -0.685118 12.54 
5.889 2 1 7 0 0.66 2.00 0.151 -0.048 0.0933 0.3843 -0.0155 -0.0439 -0.161245 -0.683797 12.49 
5.989 8 1 7 0 0.00 0.00 0.184 -0.019 0.1001 0.3577 0.0077 -0.0457 0.003644 -0.681131 12.52 
